#Rho             Ground(Ar)             1st(Ar)             2nd(Ar)          Ground(Ja)             1st(Ja)             2nd(Ja)
0.149626         4.44732E-08         2.02830E-07         5.35623E-07         4.44692E-08         4.44692E-08         5.35628E-07
0.299252         2.05053E-07         9.34496E-07         2.46589E-06         2.05055E-07         2.05055E-07         2.46588E-06
0.448878         5.29365E-07         2.40957E-06         6.35036E-06         5.29358E-07         5.29358E-07         6.35034E-06
0.598504         1.07513E-06         4.88573E-06         1.28545E-05         1.07515E-06         1.07515E-06         1.28545E-05
0.748130         1.91139E-06         8.66795E-06         2.27574E-05         1.91139E-06         1.91139E-06         2.27573E-05
0.897756         3.11972E-06         1.41127E-05         3.69589E-05         3.11972E-06         3.11972E-06         3.69590E-05
1.04738         4.79560E-06         2.16321E-05         5.64857E-05         4.79558E-06         4.79558E-06         5.64856E-05
1.19701         7.04969E-06         3.16976E-05         8.24960E-05         7.04966E-06         7.04966E-06         8.24961E-05
1.34663         1.00093E-05         4.48441E-05         0.000116283         1.00093E-05         1.00093E-05         0.000116284
1.49626         1.38197E-05         6.16733E-05         0.000159279         1.38197E-05         1.38197E-05         0.000159279
1.64589         1.86457E-05         8.28565E-05         0.000213053         1.86457E-05         1.86457E-05         0.000213053
1.79551         2.46728E-05         0.000109138         0.000279309         2.46729E-05         2.46729E-05         0.000279309
1.94514         3.21092E-05         0.000141337         0.000359886         3.21093E-05         3.21093E-05         0.000359886
2.09476         4.11865E-05         0.000180348         0.000456751         4.11865E-05         4.11865E-05         0.000456751
2.24439         5.21615E-05         0.000227146         0.000571988         5.21616E-05         5.21616E-05         0.000571988
2.39401         6.53178E-05         0.000282781         0.000707792         6.53178E-05         6.53178E-05         0.000707792
2.54364         8.09664E-05         0.000348384         0.000866453         8.09665E-05         8.09665E-05         0.000866453
2.69327         9.94477E-05         0.000425160          0.00105035         9.94477E-05         9.94477E-05          0.00105035
2.84289         0.000121132         0.000514391          0.00126191         0.000121132         0.000121132          0.00126191
2.99252         0.000146421         0.000617429          0.00150361         0.000146421         0.000146421          0.00150361
3.14214         0.000175749         0.000735697          0.00177797         0.000175749         0.000175749          0.00177797
3.29177         0.000209583         0.000870680          0.00208747         0.000209583         0.000209583          0.00208747
3.44140         0.000248423          0.00102392          0.00243459         0.000248423         0.000248423          0.00243459
3.59102         0.000292804          0.00119701          0.00282173         0.000292804         0.000292804          0.00282173
3.74065         0.000343297          0.00139159          0.00325122         0.000343297         0.000343297          0.00325122
3.89027         0.000400505          0.00160933          0.00372526         0.000400505         0.000400505          0.00372526
4.03990         0.000465067          0.00185193          0.00424588         0.000465067         0.000465067          0.00424588
4.18953         0.000537658          0.00212110          0.00481495         0.000537658         0.000537658          0.00481495
4.33915         0.000618984          0.00241855          0.00543410         0.000618984         0.000618984          0.00543410
4.48878         0.000709786          0.00274597          0.00610470         0.000709787         0.000709787          0.00610470
4.63840         0.000810839          0.00310506          0.00682784         0.000810839         0.000810839          0.00682784
4.78803         0.000922947          0.00349745          0.00760428         0.000922947         0.000922947          0.00760428
4.93766          0.00104694          0.00392472          0.00843442          0.00104695          0.00104695          0.00843442
5.08728          0.00118369          0.00438839          0.00931827          0.00118369          0.00118369          0.00931827
5.23691          0.00133408          0.00488990           0.0102554          0.00133408          0.00133408           0.0102554
5.38653          0.00149903          0.00543056           0.0112451          0.00149903          0.00149903           0.0112451
5.53616          0.00167945          0.00601160           0.0122858          0.00167946          0.00167946           0.0122858
5.68579          0.00187632          0.00663409           0.0133760          0.00187632          0.00187632           0.0133760
5.83541          0.00209060          0.00729895           0.0145131          0.00209060          0.00209060           0.0145131
5.98504          0.00232326          0.00800694           0.0156945          0.00232326          0.00232326           0.0156945
6.13466          0.00257529          0.00875862           0.0169169          0.00257529          0.00257529           0.0169169
6.28429          0.00284770          0.00955437           0.0181762          0.00284770          0.00284770           0.0181762
6.43392          0.00314146           0.0103943           0.0194682          0.00314146          0.00314146           0.0194682
6.58354          0.00345757           0.0112784           0.0207881          0.00345758          0.00345758           0.0207881
6.73317          0.00379702           0.0122064           0.0221303          0.00379702          0.00379702           0.0221303
6.88279          0.00416077           0.0131775           0.0234891          0.00416077          0.00416077           0.0234891
7.03242          0.00454977           0.0141910           0.0248581          0.00454978          0.00454978           0.0248581
7.18204          0.00496496           0.0152458           0.0262307          0.00496496          0.00496496           0.0262307
7.33167          0.00540722           0.0163405           0.0275997          0.00540722          0.00540722           0.0275997
7.48130          0.00587744           0.0174733           0.0289577          0.00587744          0.00587744           0.0289577
7.63092          0.00637643           0.0186422           0.0302970          0.00637643          0.00637643           0.0302970
7.78055          0.00690498           0.0198450           0.0316096          0.00690498          0.00690498           0.0316096
7.93017          0.00746384           0.0210790           0.0328874          0.00746384          0.00746384           0.0328874
8.07980          0.00805367           0.0223414           0.0341221          0.00805367          0.00805367           0.0341222
8.22943          0.00867511           0.0236290           0.0353055          0.00867511          0.00867511           0.0353055
8.37905          0.00932871           0.0249383           0.0364292          0.00932871          0.00932871           0.0364292
8.52868           0.0100150           0.0262655           0.0374852           0.0100150           0.0100150           0.0374852
8.67830           0.0107342           0.0276067           0.0384653           0.0107343           0.0107343           0.0384653
8.82793           0.0114869           0.0289575           0.0393618           0.0114869           0.0114869           0.0393618
8.97756           0.0122733           0.0303134           0.0401674           0.0122733           0.0122733           0.0401674
9.12718           0.0130934           0.0316698           0.0408748           0.0130934           0.0130934           0.0408748
9.27681           0.0139473           0.0330217           0.0414777           0.0139473           0.0139473           0.0414777
9.42643           0.0148351           0.0343639           0.0419698           0.0148351           0.0148351           0.0419698
9.57606           0.0157566           0.0356913           0.0423459           0.0157566           0.0157566           0.0423459
9.72569           0.0167115           0.0369983           0.0426012           0.0167115           0.0167115           0.0426012
9.87531           0.0176995           0.0382797           0.0427317           0.0176995           0.0176995           0.0427317
10.0249           0.0187202           0.0395297           0.0427342           0.0187202           0.0187202           0.0427342
10.1746           0.0197729           0.0407428           0.0426064           0.0197729           0.0197729           0.0426064
10.3242           0.0208570           0.0419133           0.0423469           0.0208570           0.0208570           0.0423469
10.4738           0.0219718           0.0430358           0.0419551           0.0219718           0.0219718           0.0419551
10.6234           0.0231162           0.0441048           0.0414315           0.0231162           0.0231162           0.0414315
10.7731           0.0242893           0.0451147           0.0407776           0.0242893           0.0242893           0.0407776
10.9227           0.0254900           0.0460603           0.0399958           0.0254900           0.0254900           0.0399958
11.0723           0.0267169           0.0469366           0.0390897           0.0267169           0.0267169           0.0390897
11.2219           0.0279688           0.0477386           0.0380636           0.0279688           0.0279688           0.0380636
11.3716           0.0292441           0.0484616           0.0369230           0.0292441           0.0292441           0.0369230
11.5212           0.0305412           0.0491012           0.0356744           0.0305412           0.0305412           0.0356744
11.6708           0.0318586           0.0496534           0.0343252           0.0318586           0.0318586           0.0343252
11.8204           0.0331943           0.0501143           0.0328835           0.0331943           0.0331943           0.0328835
11.9701           0.0345466           0.0504807           0.0313586           0.0345466           0.0345466           0.0313586
12.1197           0.0359134           0.0507494           0.0297601           0.0359134           0.0359134           0.0297601
12.2693           0.0372926           0.0509180           0.0280989           0.0372926           0.0372926           0.0280989
12.4190           0.0386822           0.0509842           0.0263860           0.0386822           0.0386822           0.0263860
12.5686           0.0400798           0.0509465           0.0246332           0.0400798           0.0400798           0.0246332
12.7182           0.0414833           0.0508036           0.0228529           0.0414833           0.0414833           0.0228529
12.8678           0.0428901           0.0505549           0.0210576           0.0428901           0.0428901           0.0210576
13.0175           0.0442980           0.0502001           0.0192601           0.0442980           0.0442980           0.0192601
13.1671           0.0457044           0.0497398           0.0174737           0.0457044           0.0457044           0.0174737
13.3167           0.0471068           0.0491747           0.0157112           0.0471068           0.0471068           0.0157112
13.4663           0.0485027           0.0485064           0.0139859           0.0485027           0.0485027           0.0139859
13.6160           0.0498895           0.0477367           0.0123106           0.0498895           0.0498895           0.0123106
13.7656           0.0512646           0.0468682           0.0106979           0.0512646           0.0512646           0.0106979
13.9152           0.0526255           0.0459040          0.00916005           0.0526255           0.0526255          0.00916005
14.0648           0.0539694           0.0448477          0.00770882           0.0539694           0.0539694          0.00770882
14.2145           0.0552939           0.0437032          0.00635534           0.0552939           0.0552939          0.00635534
14.3641           0.0565962           0.0424751          0.00511010           0.0565962           0.0565962          0.00511010
14.5137           0.0578740           0.0411685          0.00398276           0.0578740           0.0578740          0.00398276
14.6633           0.0591246           0.0397889          0.00298214           0.0591246           0.0591246          0.00298214
14.8130           0.0603456           0.0383421          0.00211609           0.0603456           0.0603456          0.00211609
14.9626           0.0615345           0.0368345          0.00139142           0.0615344           0.0615344          0.00139142
15.1122           0.0626889           0.0352727         0.000813874           0.0626889           0.0626889         0.000813874
15.2618           0.0638066           0.0336636         0.000388026           0.0638066           0.0638066         0.000388026
15.4115           0.0648853           0.0320147         0.000117267           0.0648853           0.0648853         0.000117267
15.5611           0.0659229           0.0303333         3.75549E-06           0.0659229           0.0659229         3.75545E-06
15.7107           0.0669172           0.0286272         4.84004E-05           0.0669172           0.0669172         4.84004E-05
15.8603           0.0678663           0.0269044         0.000250843           0.0678663           0.0678663         0.000250843
16.0100           0.0687684           0.0251730         0.000609457           0.0687684           0.0687684         0.000609457
16.1596           0.0696216           0.0234409          0.00112136           0.0696216           0.0696216          0.00112136
16.3092           0.0704244           0.0217166          0.00178242           0.0704244           0.0704244          0.00178242
16.4589           0.0711751           0.0200080          0.00258732           0.0711751           0.0711751          0.00258732
16.6085           0.0718724           0.0183234          0.00352955           0.0718724           0.0718724          0.00352955
16.7581           0.0725149           0.0166708          0.00460151           0.0725149           0.0725149          0.00460151
16.9077           0.0731016           0.0150581          0.00579454           0.0731016           0.0731016          0.00579454
17.0574           0.0736313           0.0134931          0.00709899           0.0736313           0.0736313          0.00709899
17.2070           0.0741032           0.0119834          0.00850434           0.0741032           0.0741032          0.00850434
17.3566           0.0745166           0.0105361          0.00999923           0.0745166           0.0745166          0.00999923
17.5062           0.0748707          0.00915820           0.0115716           0.0748707           0.0748707           0.0115716
17.6559           0.0751653          0.00785644           0.0132088           0.0751653           0.0751653           0.0132088
17.8055           0.0753998          0.00663704           0.0148975           0.0753998           0.0753998           0.0148975
17.9551           0.0755742          0.00550589           0.0166243           0.0755742           0.0755742           0.0166243
18.1047           0.0756883          0.00446844           0.0183752           0.0756883           0.0756883           0.0183752
18.2544           0.0757423          0.00352966           0.0201363           0.0757423           0.0757423           0.0201363
18.4040           0.0757364          0.00269408           0.0218933           0.0757364           0.0757364           0.0218933
18.5536           0.0756709          0.00196570           0.0236324           0.0756709           0.0756709           0.0236324
18.7032           0.0755463          0.00134800           0.0253396           0.0755463           0.0755463           0.0253396
18.8529           0.0753633         0.000843920           0.0270014           0.0753633           0.0753633           0.0270014
19.0025           0.0751226         0.000455871           0.0286046           0.0751226           0.0751226           0.0286046
19.1521           0.0748251         0.000185688           0.0301367           0.0748251           0.0748251           0.0301367
19.3017           0.0744717         3.46482E-05           0.0315856           0.0744717           0.0744717           0.0315856
19.4514           0.0740636         3.46367E-06           0.0329399           0.0740636           0.0740636           0.0329399
19.6010           0.0736020         9.22806E-05           0.0341893           0.0736020           0.0736020           0.0341893
19.7506           0.0730881         0.000300685           0.0353241           0.0730881           0.0730881           0.0353241
19.9002           0.0725234         0.000627709           0.0363356           0.0725234           0.0725234           0.0363356
20.0499           0.0719095          0.00107184           0.0372162           0.0719095           0.0719095           0.0372162
20.1995           0.0712478          0.00163104           0.0379592           0.0712478           0.0712478           0.0379592
20.3491           0.0705401          0.00230276           0.0385593           0.0705401           0.0705401           0.0385593
20.4988           0.0697880          0.00308394           0.0390122           0.0697880           0.0697880           0.0390122
20.6484           0.0689935          0.00397106           0.0393148           0.0689935           0.0689935           0.0393148
20.7980           0.0681584          0.00496014           0.0394651           0.0681584           0.0681584           0.0394651
20.9476           0.0672845          0.00604679           0.0394625           0.0672845           0.0672845           0.0394625
21.0973           0.0663740          0.00722621           0.0393075           0.0663740           0.0663740           0.0393075
21.2469           0.0654287          0.00849323           0.0390018           0.0654287           0.0654287           0.0390018
21.3965           0.0644507          0.00984235           0.0385483           0.0644507           0.0644507           0.0385482
21.5461           0.0634422           0.0112678           0.0379509           0.0634422           0.0634422           0.0379509
21.6958           0.0624051           0.0127634           0.0372149           0.0624051           0.0624051           0.0372149
21.8454           0.0613416           0.0143229           0.0363463           0.0613416           0.0613416           0.0363463
21.9950           0.0602539           0.0159398           0.0353523           0.0602539           0.0602539           0.0353523
22.1446           0.0591440           0.0176073           0.0342409           0.0591440           0.0591440           0.0342408
22.2943           0.0580140           0.0193187           0.0330210           0.0580140           0.0580140           0.0330210
22.4439           0.0568661           0.0210671           0.0317023           0.0568661           0.0568661           0.0317023
22.5935           0.0557024           0.0228453           0.0302951           0.0557024           0.0557024           0.0302951
22.7431           0.0545248           0.0246466           0.0288105           0.0545248           0.0545248           0.0288105
22.8928           0.0533354           0.0264637           0.0272598           0.0533354           0.0533354           0.0272598
23.0424           0.0521364           0.0282898           0.0256550           0.0521364           0.0521364           0.0256550
23.1920           0.0509295           0.0301180           0.0240083           0.0509295           0.0509295           0.0240083
23.3416           0.0497168           0.0319414           0.0223321           0.0497168           0.0497168           0.0223321
23.4913           0.0485001           0.0337534           0.0206389           0.0485001           0.0485001           0.0206389
23.6409           0.0472812           0.0355475           0.0189414           0.0472812           0.0472812           0.0189414
23.7905           0.0460621           0.0373174           0.0172522           0.0460621           0.0460621           0.0172522
23.9401           0.0448443           0.0390570           0.0155835           0.0448443           0.0448443           0.0155835
24.0898           0.0436296           0.0407604           0.0139475           0.0436296           0.0436296           0.0139475
24.2394           0.0424196           0.0424220           0.0123562           0.0424196           0.0424196           0.0123562
24.3890           0.0412157           0.0440364           0.0108208           0.0412157           0.0412157           0.0108208
24.5387           0.0400196           0.0455986          0.00935226           0.0400196           0.0400196          0.00935226
24.6883           0.0388327           0.0471039          0.00796102           0.0388327           0.0388327          0.00796102
24.8379           0.0376562           0.0485478          0.00665681           0.0376562           0.0376562          0.00665681
24.9875           0.0364914           0.0499263          0.00544867           0.0364914           0.0364914          0.00544867
25.1372           0.0353396           0.0512356          0.00434495           0.0353396           0.0353396          0.00434495
25.2868           0.0342019           0.0524724          0.00335318           0.0342019           0.0342019          0.00335318
25.4364           0.0330794           0.0536336          0.00248009           0.0330794           0.0330794          0.00248009
25.5860           0.0319731           0.0547165          0.00173156           0.0319731           0.0319731          0.00173156
25.7357           0.0308838           0.0557188          0.00111256           0.0308838           0.0308838          0.00111256
25.8853           0.0298125           0.0566386         0.000627187           0.0298125           0.0298125         0.000627187
26.0349           0.0287599           0.0574743         0.000278616           0.0287600           0.0287600         0.000278616
26.1845           0.0277268           0.0582245         6.91074E-05           0.0277268           0.0277268         6.91076E-05
26.3342           0.0267138           0.0588885         6.22197E-09           0.0267138           0.0267138         6.22387E-09
26.4838           0.0257214           0.0594656         7.17531E-05           0.0257214           0.0257214         7.17531E-05
26.6334           0.0247502           0.0599556         0.000283898           0.0247502           0.0247502         0.000283898
26.7830           0.0238007           0.0603587         0.000635122           0.0238007           0.0238007         0.000635122
26.9327           0.0228731           0.0606752          0.00112326           0.0228731           0.0228731          0.00112326
27.0823           0.0219679           0.0609058          0.00174535           0.0219679           0.0219679          0.00174535
27.2319           0.0210853           0.0610515          0.00249763           0.0210853           0.0210853          0.00249763
27.3815           0.0202255           0.0611137          0.00337563           0.0202255           0.0202255          0.00337563
27.5312           0.0193887           0.0610937          0.00437418           0.0193887           0.0193887          0.00437418
27.6808           0.0185750           0.0609934          0.00548748           0.0185750           0.0185750          0.00548749
27.8304           0.0177844           0.0608147          0.00670914           0.0177844           0.0177844          0.00670914
27.9800           0.0170169           0.0605598          0.00803224           0.0170169           0.0170169          0.00803224
28.1297           0.0162724           0.0602311          0.00944938           0.0162724           0.0162724          0.00944938
28.2793           0.0155510           0.0598312           0.0109527           0.0155510           0.0155510           0.0109527
28.4289           0.0148524           0.0593628           0.0125342           0.0148524           0.0148524           0.0125341
28.5786           0.0141766           0.0588287           0.0141851           0.0141766           0.0141766           0.0141851
28.7282           0.0135232           0.0582318           0.0158970           0.0135232           0.0135232           0.0158970
28.8778           0.0128920           0.0575754           0.0176609           0.0128920           0.0128920           0.0176609
29.0274           0.0122829           0.0568625           0.0194677           0.0122829           0.0122829           0.0194677
29.1771           0.0116954           0.0560963           0.0213085           0.0116954           0.0116954           0.0213085
29.3267           0.0111293           0.0552802           0.0231741           0.0111293           0.0111293           0.0231741
29.4763           0.0105842           0.0544176           0.0250555           0.0105842           0.0105842           0.0250555
29.6259           0.0100597           0.0535117           0.0269438           0.0100597           0.0100597           0.0269438
29.7756          0.00955546           0.0525659           0.0288303          0.00955546          0.00955546           0.0288303
29.9252          0.00907105           0.0515837           0.0307063          0.00907105          0.00907105           0.0307063
30.0748          0.00860604           0.0505683           0.0325635          0.00860604          0.00860604           0.0325635
30.2244          0.00815999           0.0495231           0.0343939          0.00815999          0.00815999           0.0343939
30.3741          0.00773245           0.0484514           0.0361898          0.00773245          0.00773245           0.0361898
30.5237          0.00732294           0.0473563           0.0379438          0.00732294          0.00732294           0.0379438
30.6733          0.00693101           0.0462412           0.0396488          0.00693101          0.00693101           0.0396488
30.8229          0.00655617           0.0451090           0.0412984          0.00655617          0.00655617           0.0412984
30.9726          0.00619793           0.0439628           0.0428864          0.00619793          0.00619793           0.0428864
31.1222          0.00585580           0.0428056           0.0444071          0.00585580          0.00585580           0.0444070
31.2718          0.00552931           0.0416401           0.0458552          0.00552931          0.00552931           0.0458552
31.4214          0.00521794           0.0404691           0.0472262          0.00521794          0.00521794           0.0472262
31.5711          0.00492123           0.0392953           0.0485157          0.00492123          0.00492123           0.0485157
31.7207          0.00463866           0.0381212           0.0497201          0.00463866          0.00463866           0.0497201
31.8703          0.00436977           0.0369491           0.0508360          0.00436977          0.00436977           0.0508360
32.0200          0.00411406           0.0357814           0.0518608          0.00411405          0.00411405           0.0518608
32.1696          0.00387105           0.0346202           0.0527922          0.00387105          0.00387105           0.0527922
32.3192          0.00364029           0.0334676           0.0536285          0.00364029          0.00364029           0.0536285
32.4688          0.00342129           0.0323256           0.0543684          0.00342129          0.00342129           0.0543684
32.6185          0.00321361           0.0311958           0.0550111          0.00321361          0.00321361           0.0550111
32.7681          0.00301678           0.0300800           0.0555563          0.00301678          0.00301678           0.0555563
32.9177          0.00283038           0.0289798           0.0560041          0.00283038          0.00283038           0.0560041
33.0673          0.00265397           0.0278965           0.0563550          0.00265397          0.00265397           0.0563550
33.2170          0.00248712           0.0268316           0.0566099          0.00248712          0.00248712           0.0566099
33.3666          0.00232942           0.0257861           0.0567702          0.00232942          0.00232942           0.0567702
33.5162          0.00218047           0.0247611           0.0568373          0.00218046          0.00218046           0.0568373
33.6658          0.00203987           0.0237576           0.0568135          0.00203987          0.00203987           0.0568135
33.8155          0.00190725           0.0227765           0.0567009          0.00190725          0.00190725           0.0567009
33.9651          0.00178224           0.0218185           0.0565021          0.00178224          0.00178224           0.0565021
34.1147          0.00166447           0.0208843           0.0562199          0.00166447          0.00166447           0.0562199
34.2643          0.00155360           0.0199743           0.0558575          0.00155360          0.00155360           0.0558575
34.4140          0.00144929           0.0190890           0.0554181          0.00144929          0.00144929           0.0554181
34.5636          0.00135122           0.0182288           0.0549052          0.00135122          0.00135122           0.0549052
34.7132          0.00125907           0.0173939           0.0543223          0.00125907          0.00125907           0.0543223
34.8628          0.00117254           0.0165845           0.0536732          0.00117254          0.00117254           0.0536732
35.0125          0.00109134           0.0158007           0.0529619          0.00109134          0.00109134           0.0529619
35.1621          0.00101520           0.0150425           0.0521921          0.00101520          0.00101520           0.0521921
35.3117         0.000943833           0.0143100           0.0513680         0.000943832         0.000943832           0.0513680
35.4613         0.000876992           0.0136029           0.0504935         0.000876991         0.000876991           0.0504935
35.6110         0.000814428           0.0129210           0.0495728         0.000814427         0.000814427           0.0495728
35.7606         0.000755903           0.0122643           0.0486098         0.000755903         0.000755903           0.0486098
35.9102         0.000701192           0.0116324           0.0476086         0.000701191         0.000701191           0.0476086
36.0599         0.000650077           0.0110249           0.0465733         0.000650077         0.000650077           0.0465733
36.2095         0.000602353           0.0104415           0.0455076         0.000602352         0.000602352           0.0455076
36.3591         0.000557821          0.00988187           0.0444156         0.000557820         0.000557820           0.0444156
36.5087         0.000516294          0.00934543           0.0433011         0.000516294         0.000516294           0.0433011
36.6584         0.000477593          0.00883176           0.0421676         0.000477593         0.000477593           0.0421676
36.8080         0.000441548          0.00834036           0.0410188         0.000441548         0.000441548           0.0410188
36.9576         0.000407998          0.00787069           0.0398581         0.000407997         0.000407997           0.0398581
37.1072         0.000376788          0.00742220           0.0386890         0.000376788         0.000376788           0.0386890
37.2569         0.000347774          0.00699433           0.0375145         0.000347773         0.000347773           0.0375145
37.4065         0.000320816          0.00658650           0.0363378         0.000320816         0.000320816           0.0363378
37.5561         0.000295785          0.00619811           0.0351617         0.000295785         0.000295785           0.0351617
37.7057         0.000272557          0.00582856           0.0339891         0.000272557         0.000272557           0.0339891
37.8554         0.000251016          0.00547724           0.0328225         0.000251015         0.000251015           0.0328225
38.0050         0.000231049          0.00514355           0.0316644         0.000231049         0.000231049           0.0316644
38.1546         0.000212555          0.00482687           0.0305170         0.000212555         0.000212555           0.0305170
38.3042         0.000195434          0.00452658           0.0293826         0.000195433         0.000195433           0.0293826
38.4539         0.000179593          0.00424208           0.0282630         0.000179593         0.000179593           0.0282630
38.6035         0.000164947          0.00397276           0.0271601         0.000164946         0.000164946           0.0271601
38.7531         0.000151412          0.00371803           0.0260756         0.000151411         0.000151411           0.0260756
38.9027         0.000138912          0.00347728           0.0250109         0.000138912         0.000138912           0.0250109
39.0524         0.000127375          0.00324993           0.0239674         0.000127374         0.000127374           0.0239674
39.2020         0.000116732          0.00303542           0.0229463         0.000116732         0.000116732           0.0229463
39.3516         0.000106921          0.00283317           0.0219486         0.000106920         0.000106920           0.0219486
39.5012         9.78808E-05          0.00264265           0.0209754         9.78806E-05         9.78806E-05           0.0209754
39.6509         8.95567E-05          0.00246330           0.0200273         8.95565E-05         8.95565E-05           0.0200273
39.8005         8.18962E-05          0.00229462           0.0191051         8.18961E-05         8.18961E-05           0.0191051
39.9501         7.48504E-05          0.00213608           0.0182093         7.48502E-05         7.48502E-05           0.0182093
40.0998         6.83739E-05          0.00198719           0.0173403         6.83738E-05         6.83738E-05           0.0173403
40.2494         6.24241E-05          0.00184747           0.0164984         6.24239E-05         6.24239E-05           0.0164984
40.3990         5.69614E-05          0.00171645           0.0156839         5.69613E-05         5.69613E-05           0.0156839
40.5486         5.19487E-05          0.00159370           0.0148969         5.19484E-05         5.19484E-05           0.0148969
40.6983         4.73517E-05          0.00147876           0.0141373         4.73515E-05         4.73515E-05           0.0141373
40.8479         4.31383E-05          0.00137123           0.0134052         4.31382E-05         4.31382E-05           0.0134052
40.9975         3.92787E-05          0.00127070           0.0127003         3.92785E-05         3.92785E-05           0.0127003
41.1471         3.57453E-05          0.00117679           0.0120225         3.57452E-05         3.57452E-05           0.0120225
41.2968         3.25123E-05          0.00108912           0.0113715         3.25122E-05         3.25122E-05           0.0113715
41.4464         2.95560E-05          0.00100734           0.0107469         2.95559E-05         2.95559E-05           0.0107469
41.5960         2.68541E-05         0.000931112           0.0101484         2.68539E-05         2.68539E-05           0.0101484
41.7456         2.43861E-05         0.000860105          0.00957544         2.43861E-05         2.43861E-05          0.00957544
41.8953         2.21332E-05         0.000794011          0.00902756         2.21331E-05         2.21331E-05          0.00902756
42.0449         2.00777E-05         0.000732535          0.00850423         2.00776E-05         2.00776E-05          0.00850423
42.1945         1.82035E-05         0.000675394          0.00800487         1.82033E-05         1.82033E-05          0.00800487
42.3441         1.64954E-05         0.000622321          0.00752889         1.64953E-05         1.64953E-05          0.00752889
42.4938         1.49396E-05         0.000573060          0.00707565         1.49395E-05         1.49395E-05          0.00707565
42.6434         1.35234E-05         0.000527369          0.00664450         1.35234E-05         1.35234E-05          0.00664450
42.7930         1.22350E-05         0.000485020          0.00623478         1.22350E-05         1.22350E-05          0.00623479
42.9426         1.10634E-05         0.000445795          0.00584582         1.10634E-05         1.10634E-05          0.00584582
43.0923         9.99878E-06         0.000409489          0.00547691         9.99877E-06         9.99877E-06          0.00547691
43.2419         9.03181E-06         0.000375908          0.00512736         9.03178E-06         9.03178E-06          0.00512736
43.3915         8.15404E-06         0.000344869          0.00479648         8.15403E-06         8.15403E-06          0.00479648
43.5411         7.35769E-06         0.000316198          0.00448355         7.35766E-06         7.35766E-06          0.00448356
43.6908         6.63562E-06         0.000289734          0.00418790         6.63559E-06         6.63559E-06          0.00418790
43.8404         5.98126E-06         0.000265322          0.00390881         5.98121E-06         5.98121E-06          0.00390881
43.9900         5.38859E-06         0.000242819          0.00364561         5.38853E-06         5.38853E-06          0.00364560
44.1397         4.85210E-06         0.000222090          0.00339760         4.85206E-06         4.85206E-06          0.00339760
44.2893         4.36673E-06         0.000203007          0.00316414         4.36669E-06         4.36669E-06          0.00316414
44.4389         3.92784E-06         0.000185451          0.00294456         3.92780E-06         3.92780E-06          0.00294456
44.5885         3.53122E-06         0.000169312          0.00273821         3.53118E-06         3.53118E-06          0.00273821
44.7382         3.17298E-06         0.000154483          0.00254447         3.17296E-06         3.17296E-06          0.00254447
44.8878         2.84960E-06         0.000140869          0.00236272         2.84958E-06         2.84958E-06          0.00236272
45.0374         2.55783E-06         0.000128378          0.00219238         2.55783E-06         2.55783E-06          0.00219238
45.1870         2.29474E-06         0.000116924          0.00203286         2.29471E-06         2.29471E-06          0.00203286
45.3367         2.05763E-06         0.000106428          0.00188359         2.05761E-06         2.05761E-06          0.00188359
45.4863         1.84406E-06         9.68171E-05          0.00174405         1.84406E-06         1.84406E-06          0.00174405
45.6359         1.65180E-06         8.80214E-05          0.00161369         1.65180E-06         1.65180E-06          0.00161369
45.7855         1.47881E-06         7.99774E-05          0.00149203         1.47878E-06         1.47878E-06          0.00149203
45.9352         1.32325E-06         7.26254E-05          0.00137857         1.32323E-06         1.32323E-06          0.00137857
46.0848         1.18344E-06         6.59102E-05          0.00127284         1.18342E-06         1.18342E-06          0.00127284
46.2344         1.05785E-06         5.97806E-05          0.00117440         1.05784E-06         1.05784E-06          0.00117440
46.3840         9.45093E-07         5.41892E-05          0.00108282         9.45101E-07         9.45101E-07          0.00108282
46.5337         8.43920E-07         4.90918E-05         0.000997693         8.43910E-07         8.43910E-07         0.000997693
46.6833         7.53187E-07         4.44478E-05         0.000918621         7.53199E-07         7.53199E-07         0.000918621
46.8329         6.71860E-07         4.02196E-05         0.000845234         6.71847E-07         6.71847E-07         0.000845234
46.9825         5.99005E-07         3.63723E-05         0.000777176         5.99008E-07         5.99008E-07         0.000777176
47.1322         5.33774E-07         3.28738E-05         0.000714111         5.33775E-07         5.33775E-07         0.000714110
47.2818         4.75400E-07         2.96945E-05         0.000655715         4.75388E-07         4.75388E-07         0.000655715
47.4314         4.23192E-07         2.68070E-05         0.000601686         4.23183E-07         4.23183E-07         0.000601686
47.5810         3.76522E-07         2.41863E-05         0.000551736         3.76510E-07         3.76510E-07         0.000551736
47.7307         3.34826E-07         2.18091E-05         0.000505590         3.34825E-07         3.34825E-07         0.000505590
47.8803         2.97595E-07         1.96542E-05         0.000462993         2.97590E-07         2.97590E-07         0.000462993
48.0299         2.64366E-07         1.77020E-05         0.000423700         2.64365E-07         2.64365E-07         0.000423700
48.1796         2.34728E-07         1.59344E-05         0.000387482         2.34724E-07         2.34724E-07         0.000387482
48.3292         2.08304E-07         1.43351E-05         0.000354124         2.08304E-07         2.08304E-07         0.000354124
48.4788         1.84760E-07         1.28889E-05         0.000323423         1.84764E-07         1.84764E-07         0.000323423
48.6284         1.63793E-07         1.15819E-05         0.000295187         1.63799E-07         1.63799E-07         0.000295187
48.7781         1.45131E-07         1.04015E-05         0.000269238         1.45131E-07         1.45131E-07         0.000269238
48.9277         1.28529E-07         9.33603E-06         0.000245408         1.28526E-07         1.28526E-07         0.000245408
49.0773         1.13768E-07         8.37489E-06         0.000223539         1.13768E-07         1.13768E-07         0.000223540
49.2269         1.00650E-07         7.50841E-06         0.000203486         1.00642E-07         1.00642E-07         0.000203486
49.3766         8.89991E-08         6.72772E-06         0.000185110         8.89971E-08         8.89971E-08         0.000185110
49.5262         7.86565E-08         6.02477E-06         0.000168283         7.86536E-08         7.86536E-08         0.000168284
49.6758         6.94802E-08         5.39218E-06         0.000152886         6.94765E-08         6.94765E-08         0.000152886
49.8254         6.13429E-08         4.82326E-06         0.000138807         6.13384E-08         6.13384E-08         0.000138807
49.9751         5.41309E-08         4.31191E-06         0.000125942         5.41287E-08         5.41287E-08         0.000125942
50.1247         4.77423E-08         3.85257E-06         0.000114196         4.77428E-08         4.77428E-08         0.000114196
50.2743         4.20861E-08         3.44021E-06         0.000103477         4.20848E-08         4.20848E-08         0.000103477
50.4239         3.70809E-08         3.07023E-06         9.37040E-05         3.70807E-08         3.70807E-08         9.37042E-05
50.5736         3.26543E-08         2.73849E-06         8.47987E-05         3.26524E-08         3.26524E-08         8.47987E-05
50.7232         2.87413E-08         2.44119E-06         7.66899E-05         2.87418E-08         2.87418E-08         7.66898E-05
50.8728         2.52842E-08         2.17494E-06         6.93114E-05         2.52840E-08         2.52840E-08         6.93113E-05
51.0224         2.22316E-08         1.93661E-06         6.26022E-05         2.22302E-08         2.22302E-08         6.26021E-05
51.1721         1.95374E-08         1.72342E-06         5.65056E-05         1.95331E-08         1.95331E-08         5.65058E-05
51.3217         1.71608E-08         1.53282E-06         5.09696E-05         1.71599E-08         1.71599E-08         5.09696E-05
51.4713         1.50656E-08         1.36252E-06         4.59460E-05         1.50670E-08         1.50670E-08         4.59459E-05
51.6209         1.32193E-08         1.21044E-06         4.13904E-05         1.32198E-08         1.32198E-08         4.13905E-05
51.7706         1.15933E-08         1.07472E-06         3.72622E-05         1.15929E-08         1.15929E-08         3.72621E-05
51.9202         1.01620E-08         9.53671E-07         3.35236E-05         1.01617E-08         1.01617E-08         3.35236E-05
52.0698         8.90276E-09         8.45763E-07         3.01402E-05         8.90307E-09         8.90307E-09         3.01402E-05
52.2195         7.79547E-09         7.49628E-07         2.70803E-05         7.79583E-09         7.79583E-09         2.70803E-05
52.3691         6.82231E-09         6.64031E-07         2.43149E-05         6.82165E-09         6.82165E-09         2.43148E-05
52.5187         5.96747E-09         5.87863E-07         2.18171E-05         5.96813E-09         5.96813E-09         2.18171E-05
52.6683         5.21697E-09         5.20123E-07         1.95628E-05         5.21614E-09         5.21614E-09         1.95627E-05
52.8180         4.55841E-09         4.59914E-07         1.75293E-05         4.55801E-09         4.55801E-09         1.75294E-05
52.9676         3.98083E-09         4.06429E-07         1.56964E-05         3.98105E-09         3.98105E-09         1.56964E-05
53.1172         3.47454E-09         3.58946E-07         1.40454E-05         3.47421E-09         3.47421E-09         1.40453E-05
53.2668         3.03097E-09         3.16814E-07         1.25591E-05         3.03101E-09         3.03101E-09         1.25591E-05
53.4165         2.64254E-09         2.79452E-07         1.12220E-05         2.64173E-09         2.64173E-09         1.12220E-05
53.5661         2.30259E-09         2.46340E-07         1.00199E-05         2.30340E-09         2.30340E-09         1.00199E-05
53.7157         2.00522E-09         2.17011E-07         8.93995E-06         2.00544E-09         2.00544E-09         8.93995E-06
53.8653         1.74522E-09         1.91047E-07         7.97030E-06         1.74547E-09         1.74547E-09         7.97030E-06
54.0150         1.51803E-09         1.68076E-07         7.10027E-06         1.51788E-09         1.51788E-09         7.10032E-06
54.1646         1.31960E-09         1.47764E-07         6.32014E-06         1.31946E-09         1.31946E-09         6.32015E-06
54.3142         1.14638E-09         1.29814E-07         5.62107E-06         1.14647E-09         1.14647E-09         5.62103E-06
54.4638         9.95252E-10         1.13960E-07         4.99505E-06         9.94875E-10         9.94875E-10         4.99502E-06
54.6135         8.63464E-10         9.99661E-08         4.43481E-06         8.63458E-10         8.63458E-10         4.43478E-06
54.7631         7.48601E-10         8.76204E-08         3.93376E-06         7.48133E-10         7.48133E-10         3.93375E-06
54.9127         6.48543E-10         7.67353E-08         3.48595E-06         6.48645E-10         6.48645E-10         3.48594E-06
55.0623         5.61425E-10         6.71435E-08         3.08598E-06         5.61321E-10         5.61321E-10         3.08598E-06
55.2120         4.85615E-10         5.86964E-08         2.72897E-06         4.85698E-10         4.85698E-10         2.72896E-06
55.3616         4.19680E-10         5.12616E-08         2.41053E-06         4.19886E-10         4.19886E-10         2.41053E-06
55.5112         3.62364E-10         4.47216E-08         2.12667E-06         3.62385E-10         3.62385E-10         2.12666E-06
55.6608         3.12566E-10         3.89722E-08         1.87381E-06         3.12664E-10         3.12664E-10         1.87381E-06
55.8105         2.69324E-10         3.39207E-08         1.64872E-06         2.69169E-10         2.69169E-10         1.64872E-06
55.9601         2.31794E-10         2.94853E-08         1.44849E-06         2.31784E-10         2.31784E-10         1.44848E-06
56.1097         1.99241E-10         2.55930E-08         1.27049E-06         1.99141E-10         1.99141E-10         1.27052E-06
56.2594         1.71020E-10         2.21796E-08         1.11239E-06         1.70947E-10         1.70947E-10         1.11239E-06
56.4090         1.46569E-10         1.91881E-08         9.72044E-07         1.46418E-10         1.46418E-10         9.72028E-07
56.5586         1.25396E-10         1.65680E-08         8.47570E-07         1.25352E-10         1.25352E-10         8.47577E-07
56.7082         1.07073E-10         1.42749E-08         7.37260E-07         1.07115E-10         1.07115E-10         7.37259E-07
56.8579         9.12266E-11         1.22694E-08         6.39586E-07         9.12553E-11         9.12553E-11         6.39597E-07
57.0075         7.75314E-11         1.05167E-08         5.53180E-07         7.74457E-11         7.74457E-11         5.53181E-07
57.1571         6.57039E-11         8.98640E-09         4.76818E-07         6.58069E-11         6.58069E-11         4.76822E-07
57.3067         5.54974E-11         7.65140E-09         4.09408E-07         5.55297E-11         5.55297E-11         4.09411E-07
57.4564         4.66976E-11         6.48800E-09         3.49972E-07         4.67059E-11         4.67059E-11         3.49978E-07
57.6060         3.91182E-11         5.47533E-09         2.97641E-07         3.91503E-11         3.91503E-11         2.97646E-07
57.7556         3.25977E-11         4.59507E-09         2.51640E-07         3.25880E-11         3.25880E-11         2.51642E-07
57.9052         2.69958E-11         3.83113E-09         2.11280E-07         2.70181E-11         2.70181E-11         2.11289E-07
58.0549         2.21913E-11         3.16944E-09         1.75949E-07         2.22136E-11         2.22136E-11         1.75947E-07
58.2045         1.80794E-11         2.59769E-09         1.45108E-07         1.81411E-11         1.81411E-11         1.45109E-07
58.3541         1.45697E-11         2.10517E-09         1.18278E-07         1.45484E-11         1.45484E-11         1.18282E-07
58.5037         1.15845E-11         1.68253E-09         9.50389E-08         1.15696E-11         1.15696E-11         9.50406E-08
58.6534         9.05698E-12         1.32171E-09         7.50237E-08         9.08923E-12         9.08923E-12         7.50236E-08
58.8030         6.93043E-12         1.01573E-09         5.79115E-08         6.94677E-12         6.94677E-12         5.79105E-08
58.9526         5.15657E-12         7.58661E-10         4.34253E-08         5.17793E-12         5.17793E-12         4.34232E-08
59.1022         3.69485E-12         5.45434E-10         3.13279E-08         3.70952E-12         3.70952E-12         3.13287E-08
59.2519         2.51158E-12         3.71824E-10         2.14191E-08         2.49966E-12         2.49966E-12         2.14180E-08
59.4015         1.57929E-12         2.34357E-10         1.35329E-08         1.58041E-12         1.58041E-12         1.35314E-08
59.5511         8.76139E-13         1.30254E-10         7.53570E-09         8.81584E-13         8.81584E-13         7.53624E-09
59.7007         3.85536E-13         5.73931E-11         3.32491E-09         3.87875E-13         3.87875E-13         3.32526E-09
59.8504         9.58059E-14         1.42736E-11         8.27573E-10         9.13043E-14         9.13043E-14         8.27460E-10
