#Rho             Ground(Ar)             1st(Ar)             2nd(Ar)          Ground(Ja)             1st(Ja)             2nd(Ja)
0.149626         2.14749E-05         6.45580E-05         0.000122334         2.14749E-05         6.45580E-05         6.45580E-05
0.299252         9.85113E-05         0.000295017         0.000556857         9.85110E-05         0.000295016         0.000295016
0.448878         0.000252215         0.000750631          0.00140780         0.000252215         0.000750631         0.000750631
0.598504         0.000506480          0.00149455          0.00277847         0.000506480          0.00149455          0.00149455
0.748130         0.000887736          0.00259155          0.00476456         0.000887735          0.00259155          0.00259155
0.897756          0.00142459          0.00410540          0.00744710          0.00142459          0.00410540          0.00410540
1.04738          0.00214738          0.00609593           0.0108855          0.00214738          0.00609593          0.00609593
1.19701          0.00308760          0.00861602           0.0151112          0.00308760          0.00861602          0.00861602
1.34663          0.00427728           0.0117085           0.0201217          0.00427728           0.0117085           0.0117085
1.49626          0.00574823           0.0154030           0.0258768          0.00574823           0.0154030           0.0154030
1.64589          0.00753131           0.0197137           0.0322962          0.00753131           0.0197137           0.0197137
1.79551          0.00965557           0.0246363           0.0392587          0.00965557           0.0246363           0.0246363
1.94514           0.0121474           0.0301467           0.0466045           0.0121474           0.0301467           0.0301467
2.09476           0.0150299           0.0361996           0.0541388           0.0150299           0.0361996           0.0361996
2.24439           0.0183216           0.0427283           0.0616387           0.0183216           0.0427283           0.0427283
2.39401           0.0220361           0.0496447           0.0688613           0.0220361           0.0496447           0.0496447
2.54364           0.0261815           0.0568407           0.0755534           0.0261815           0.0568407           0.0568407
2.69327           0.0307592           0.0641901           0.0814635           0.0307592           0.0641901           0.0641901
2.84289           0.0357641           0.0715516           0.0863531           0.0357641           0.0715516           0.0715516
2.99252           0.0411839           0.0787723           0.0900091           0.0411839           0.0787723           0.0787723
3.14214           0.0469988           0.0856918           0.0922551           0.0469988           0.0856918           0.0856918
3.29177           0.0531818           0.0921471           0.0929619           0.0531818           0.0921471           0.0921471
3.44140           0.0596985           0.0979775           0.0920556           0.0596985           0.0979775           0.0979775
3.59102           0.0665076            0.103030           0.0895245           0.0665076            0.103030            0.103030
3.74065           0.0735614            0.107163           0.0854214           0.0735614            0.107163            0.107163
3.89027           0.0808059            0.110255           0.0798653           0.0808059            0.110255            0.110255
4.03990           0.0881823            0.112205           0.0730375           0.0881823            0.112205            0.112205
4.18953           0.0956271            0.112939           0.0651768           0.0956271            0.112939            0.112939
4.33915            0.103074            0.112410           0.0565701            0.103074            0.112410            0.112410
4.48878            0.110453            0.110607           0.0475414            0.110453            0.110607            0.110607
4.63840            0.117695            0.107548           0.0384385            0.117695            0.107548            0.107548
4.78803            0.124729            0.103287           0.0296185            0.124729            0.103287            0.103287
4.93766            0.131486           0.0979101           0.0214323            0.131486           0.0979101           0.0979101
5.08728            0.137899           0.0915330           0.0142089            0.137899           0.0915330           0.0915330
5.23691            0.143905           0.0843007          0.00824147            0.143905           0.0843007           0.0843007
5.38653            0.149444           0.0763823          0.00377359            0.149444           0.0763823           0.0763823
5.53616            0.154463           0.0679668         0.000988627            0.154463           0.0679668           0.0679668
5.68579            0.158913           0.0592578         1.27722E-06            0.158914           0.0592578           0.0592578
5.83541            0.162755           0.0504682         0.000852281            0.162755           0.0504682           0.0504682
5.98504            0.165953           0.0418144          0.00350647            0.165953           0.0418144           0.0418144
6.13466            0.168483           0.0335101          0.00785416            0.168483           0.0335101           0.0335101
6.28429            0.170326           0.0257606           0.0137159            0.170326           0.0257606           0.0257606
6.43392            0.171474           0.0187574           0.0208504            0.171474           0.0187574           0.0187574
6.58354            0.171925           0.0126734           0.0289647            0.171925           0.0126734           0.0126734
6.73317            0.171686          0.00765771           0.0377272            0.171686          0.00765771          0.00765771
6.88279            0.170770          0.00383291           0.0467816            0.170770          0.00383291          0.00383291
7.03242            0.169200          0.00129170           0.0557623            0.169200          0.00129170          0.00129170
7.18204            0.167003         9.51698E-05           0.0643096            0.167003         9.51696E-05         9.51696E-05
7.33167            0.164213         0.000271820           0.0720845            0.164213         0.000271820         0.000271820
7.48130            0.160870          0.00181756           0.0787825            0.160870          0.00181756          0.00181756
7.63092            0.157017          0.00469659           0.0841454            0.157017          0.00469659          0.00469659
7.78055            0.152702          0.00884316           0.0879715            0.152702          0.00884315          0.00884315
7.93017            0.147974           0.0141640           0.0901225            0.147974           0.0141640           0.0141640
8.07980            0.142886           0.0205417           0.0905278            0.142886           0.0205417           0.0205417
8.22943            0.137492           0.0278379           0.0891864            0.137492           0.0278379           0.0278379
8.37905            0.131845           0.0358981           0.0861652            0.131845           0.0358981           0.0358981
8.52868            0.125997           0.0445553           0.0815951            0.125997           0.0445553           0.0445553
8.67830            0.120002           0.0536348           0.0756640            0.120002           0.0536348           0.0536348
8.82793            0.113910           0.0629586           0.0686091            0.113910           0.0629586           0.0629586
8.97756            0.107769           0.0723498           0.0607054            0.107769           0.0723498           0.0723498
9.12718            0.101623           0.0816364           0.0522555            0.101623           0.0816364           0.0816364
9.27681           0.0955167           0.0906550           0.0435766           0.0955167           0.0906550           0.0906550
9.42643           0.0894872           0.0992544           0.0349891           0.0894872           0.0992544           0.0992544
9.57606           0.0835699            0.107298           0.0268041           0.0835699            0.107298            0.107298
9.72569           0.0777962            0.114665           0.0193134           0.0777962            0.114665            0.114665
9.87531           0.0721933            0.121255           0.0127788           0.0721933            0.121255            0.121255
10.0249           0.0667844            0.126987          0.00742473           0.0667844            0.126987            0.126987
10.1746           0.0615890            0.131797          0.00343165           0.0615890            0.131797            0.131797
10.3242           0.0566228            0.135646         0.000931388           0.0566228            0.135646            0.135646
10.4738           0.0518976            0.138510         4.90126E-06           0.0518976            0.138510            0.138510
10.6234           0.0474222            0.140386         0.000681639           0.0474222            0.140386            0.140386
10.7731           0.0432018            0.141288          0.00294088           0.0432018            0.141288            0.141288
10.9227           0.0392388            0.141247          0.00671469           0.0392388            0.141247            0.141247
11.0723           0.0355330            0.140305           0.0118924           0.0355330            0.140305            0.140305
11.2219           0.0320818            0.138518           0.0183261           0.0320818            0.138518            0.138518
11.3716           0.0288803            0.135952           0.0258374           0.0288803            0.135952            0.135952
11.5212           0.0259220            0.132681           0.0342243           0.0259220            0.132681            0.132681
11.6708           0.0231988            0.128782           0.0432685           0.0231988            0.128782            0.128782
11.8204           0.0207015            0.124339           0.0527433           0.0207015            0.124339            0.124339
11.9701           0.0184196            0.119436           0.0624201           0.0184196            0.119436            0.119436
12.1197           0.0163421            0.114157           0.0720756           0.0163421            0.114157            0.114157
12.2693           0.0144575            0.108584           0.0814978           0.0144575            0.108584            0.108584
12.4190           0.0127538            0.102798           0.0904906           0.0127538            0.102798            0.102798
12.5686           0.0112190           0.0968739           0.0988789           0.0112190           0.0968739           0.0968739
12.7182          0.00984105           0.0908819            0.106511          0.00984105           0.0908819           0.0908819
12.8678          0.00860808           0.0848866            0.113263          0.00860808           0.0848867           0.0848867
13.0175          0.00750851           0.0789465            0.119035          0.00750851           0.0789465           0.0789465
13.1671          0.00653115           0.0731131            0.123760          0.00653115           0.0731130           0.0731130
13.3167          0.00566523           0.0674310            0.127393          0.00566523           0.0674310           0.0674310
13.4663          0.00490054           0.0619382            0.129920          0.00490054           0.0619382           0.0619382
13.6160          0.00422738           0.0566660            0.131349          0.00422738           0.0566660           0.0566660
13.7656          0.00363668           0.0516392            0.131709          0.00363668           0.0516392           0.0516392
13.9152          0.00311996           0.0468766            0.131051          0.00311996           0.0468766           0.0468766
14.0648          0.00266936           0.0423913            0.129441          0.00266936           0.0423913           0.0423913
14.2145          0.00227764           0.0381913            0.126957          0.00227764           0.0381913           0.0381913
14.3641          0.00193814           0.0342801            0.123690          0.00193814           0.0342801           0.0342801
14.5137          0.00164479           0.0306571            0.119735          0.00164479           0.0306571           0.0306571
14.6633          0.00139209           0.0273180            0.115192          0.00139209           0.0273180           0.0273180
14.8130          0.00117505           0.0242558            0.110165          0.00117505           0.0242558           0.0242558
14.9626         0.000989197           0.0214610            0.104752         0.000989196           0.0214610           0.0214610
15.1122         0.000830519           0.0189220           0.0990528         0.000830518           0.0189220           0.0189220
15.2618         0.000695441           0.0166259           0.0931593         0.000695440           0.0166259           0.0166259
15.4115         0.000580788           0.0145585           0.0871582         0.000580787           0.0145585           0.0145585
15.5611         0.000483754           0.0127051           0.0811286         0.000483754           0.0127051           0.0127051
15.7107         0.000401869           0.0110505           0.0751417         0.000401870           0.0110505           0.0110505
15.8603         0.000332967          0.00957945           0.0692596         0.000332967          0.00957945          0.00957945
16.0100         0.000275155          0.00827693           0.0635362         0.000275154          0.00827692          0.00827692
16.1596         0.000226785          0.00712818           0.0580160         0.000226785          0.00712817          0.00712817
16.3092         0.000186430          0.00611900           0.0527355         0.000186430          0.00611899          0.00611899
16.4589         0.000152857          0.00523583           0.0477228         0.000152857          0.00523583          0.00523583
16.6085         0.000125004          0.00446585           0.0429983         0.000125004          0.00446585          0.00446585
16.7581         0.000101961          0.00379706           0.0385758         0.000101961          0.00379706          0.00379706
16.9077         8.29508E-05          0.00321828           0.0344626         8.29507E-05          0.00321828          0.00321828
17.0574         6.73107E-05          0.00271922           0.0306606         6.73106E-05          0.00271922          0.00271922
17.2070         5.44788E-05          0.00229043           0.0271670         5.44787E-05          0.00229043          0.00229043
17.3566         4.39797E-05          0.00192331           0.0239749         4.39797E-05          0.00192331          0.00192331
17.5062         3.54130E-05          0.00161010           0.0210743         3.54129E-05          0.00161010          0.00161010
17.6559         2.84419E-05          0.00134379           0.0184524         2.84419E-05          0.00134379          0.00134379
17.8055         2.27847E-05          0.00111814           0.0160945         2.27847E-05          0.00111814          0.00111814
17.9551         1.82062E-05         0.000927586           0.0139846         1.82061E-05         0.000927586         0.000927586
18.1047         1.45107E-05         0.000767204           0.0121057         1.45108E-05         0.000767205         0.000767205
18.2544         1.15359E-05         0.000632666           0.0104404         1.15359E-05         0.000632666         0.000632666
18.4040         9.14774E-06         0.000520177          0.00897121         9.14771E-06         0.000520177         0.000520177
18.5536         7.23558E-06         0.000426430          0.00768081         7.23558E-06         0.000426430         0.000426430
18.7032         5.70866E-06         0.000348554          0.00655242         5.70866E-06         0.000348554         0.000348554
18.8529         4.49260E-06         0.000284069          0.00556996         4.49257E-06         0.000284069         0.000284069
19.0025         3.52668E-06         0.000230843          0.00471816         3.52669E-06         0.000230843         0.000230843
19.1521         2.76147E-06         0.000187048          0.00398270         2.76148E-06         0.000187048         0.000187048
19.3017         2.15687E-06         0.000151126          0.00335028         2.15687E-06         0.000151126         0.000151126
19.4514         1.68041E-06         0.000121753          0.00280865         1.68041E-06         0.000121753         0.000121753
19.6010         1.30593E-06         9.78090E-05          0.00234659         1.30596E-06         9.78089E-05         9.78089E-05
19.7506         1.01237E-06         7.83508E-05          0.00195396         1.01237E-06         7.83508E-05         7.83508E-05
19.9002         7.82834E-07         6.25860E-05          0.00162159         7.82841E-07         6.25859E-05         6.25859E-05
20.0499         6.03835E-07         4.98524E-05          0.00134130         6.03836E-07         4.98522E-05         4.98522E-05
20.1995         4.64606E-07         3.95980E-05          0.00110581         4.64605E-07         3.95979E-05         3.95979E-05
20.3491         3.56591E-07         3.13649E-05         0.000908697         3.56591E-07         3.13648E-05         3.13648E-05
20.4988         2.73009E-07         2.47744E-05         0.000744298         2.73011E-07         2.47743E-05         2.47743E-05
20.6484         2.08500E-07         1.95143E-05         0.000607680         2.08502E-07         1.95143E-05         1.95143E-05
20.7980         1.58840E-07         1.53285E-05         0.000494554         1.58836E-07         1.53284E-05         1.53284E-05
20.9476         1.20709E-07         1.20073E-05         0.000401209         1.20708E-07         1.20073E-05         1.20073E-05
21.0973         9.15046E-08         9.37987E-06         0.000324455         9.15059E-08         9.37989E-06         9.37989E-06
21.2469         6.91952E-08         7.30727E-06         0.000261562         6.91946E-08         7.30731E-06         7.30731E-06
21.3965         5.21962E-08         5.67708E-06         0.000210203         5.21961E-08         5.67710E-06         5.67710E-06
21.5461         3.92764E-08         4.39855E-06         0.000168405         3.92768E-08         4.39853E-06         4.39853E-06
21.6958         2.94820E-08         3.39870E-06         0.000134502         2.94816E-08         3.39870E-06         3.39870E-06
21.8454         2.20757E-08         2.61902E-06         0.000107095         2.20762E-08         2.61902E-06         2.61902E-06
21.9950         1.64895E-08         2.01274E-06         8.50128E-05         1.64902E-08         2.01274E-06         2.01274E-06
22.1446         1.22867E-08         1.54265E-06         6.72789E-05         1.22883E-08         1.54267E-06         1.54267E-06
22.2943         9.13275E-09         1.17917E-06         5.30836E-05         9.13245E-09         1.17916E-06         1.17916E-06
22.4439         6.77181E-09         8.98924E-07         4.17576E-05         6.77316E-09         8.98933E-07         8.98933E-07
22.5935         5.00896E-09         6.83448E-07         3.27499E-05         5.00983E-09         6.83471E-07         6.83471E-07
22.7431         3.69599E-09         5.18238E-07         2.56089E-05         3.69589E-09         5.18237E-07         5.18237E-07
22.8928         2.72054E-09         3.91919E-07         1.99656E-05         2.72145E-09         3.91917E-07         3.91917E-07
23.0424         1.99766E-09         2.95603E-07         1.55199E-05         1.99750E-09         2.95609E-07         2.95609E-07
23.1920         1.46330E-09         2.22368E-07         1.20288E-05         1.46330E-09         2.22369E-07         2.22369E-07
23.3416         1.06927E-09         1.66834E-07         9.29566E-06         1.06908E-09         1.66833E-07         1.66833E-07
23.4913         7.79450E-10         1.24840E-07         7.16263E-06         7.79401E-10         1.24839E-07         1.24839E-07
23.6409         5.66808E-10         9.31707E-08         5.50305E-06         5.66669E-10         9.31677E-08         9.31677E-08
23.7905         4.11180E-10         6.93528E-08         4.21577E-06         4.10827E-10         6.93563E-08         6.93563E-08
23.9401         2.97561E-10         5.14886E-08         3.22032E-06         2.97544E-10         5.14913E-08         5.14913E-08
24.0898         2.14818E-10         3.81260E-08         2.45286E-06         2.14943E-10         3.81267E-08         3.81267E-08
24.2394         1.54709E-10         2.81578E-08         1.86297E-06         1.54737E-10         2.81601E-08         2.81601E-08
24.3890         1.11151E-10         2.07417E-08         1.41091E-06         1.11128E-10         2.07434E-08         2.07434E-08
24.5387         7.96637E-11         1.52392E-08         1.06551E-06         7.96407E-11         1.52396E-08         1.52396E-08
24.6883         5.69591E-11         1.11674E-08         8.02392E-07         5.69874E-11         1.11680E-08         1.11680E-08
24.8379         4.06275E-11         8.16243E-09         6.02546E-07         4.06759E-11         8.16376E-09         8.16376E-09
24.9875         2.89090E-11         5.95063E-09         4.51203E-07         2.89364E-11         5.95085E-09         5.95085E-09
25.1372         2.05211E-11         4.32700E-09         3.36927E-07         2.05423E-11         4.32704E-09         4.32704E-09
25.2868         1.45320E-11         3.13828E-09         2.50891E-07         1.45686E-11         3.13703E-09         3.13703E-09
25.4364         1.02662E-11         2.27029E-09         1.86305E-07         1.02714E-11         2.26990E-09         2.26990E-09
25.5860         7.23523E-12         1.63815E-09         1.37961E-07         7.18746E-12         1.63823E-09         1.63823E-09
25.7357         5.08691E-12         1.17901E-09         1.01880E-07         5.10681E-12         1.17892E-09         1.17892E-09
25.8853         3.56793E-12         8.46385E-10         7.50269E-08         3.57910E-12         8.46138E-10         8.46138E-10
26.0349         2.49654E-12         6.06053E-10         5.50999E-08         2.51037E-12         6.05679E-10         6.05679E-10
26.1845         1.74271E-12         4.32858E-10         4.03544E-08         1.74546E-12         4.32468E-10         4.32468E-10
26.3342         1.21359E-12         3.08373E-10         2.94742E-08         1.22008E-12         3.08440E-10         3.08440E-10
26.4838         8.43110E-13         2.19130E-10         2.14687E-08         8.43796E-13         2.19240E-10         2.19240E-10
26.6334         5.84332E-13         1.55320E-10         1.55950E-08         5.77255E-13         1.55313E-10         1.55313E-10
26.7830         4.04018E-13         1.09813E-10         1.12976E-08         4.04988E-13         1.09842E-10         1.09842E-10
26.9327         2.78681E-13         7.74424E-11         8.16220E-09         2.72976E-13         7.73186E-11         7.73186E-11
27.0823         1.91770E-13         5.44764E-11         5.88105E-09         1.88391E-13         5.44177E-11         5.44177E-11
27.2319         1.31650E-13         3.82245E-11         4.22601E-09         1.27270E-13         3.81614E-11         3.81614E-11
27.3815         9.01630E-14         2.67536E-11         3.02856E-09         8.58646E-14         2.66708E-11         2.66708E-11
27.5312         6.16035E-14         1.86780E-11         2.16459E-09         6.36152E-14         1.86715E-11         1.86715E-11
27.6808         4.19905E-14         1.30073E-11         1.54295E-09         4.40927E-14         1.29991E-11         1.29991E-11
27.8304         2.85540E-14         9.03559E-12         1.09690E-09         2.85342E-14         9.04285E-12         9.04285E-12
27.9800         1.93711E-14         6.26090E-12         7.77720E-10         1.89512E-14         6.28157E-12         6.28157E-12
28.1297         1.31103E-14         4.32744E-12         5.49950E-10         1.50382E-14         4.32858E-12         4.32858E-12
28.2793         8.85199E-15         2.98360E-12         3.87855E-10         8.51684E-15         3.00519E-12         3.00519E-12
28.4289         5.96271E-15         2.05194E-12         2.72813E-10         6.12417E-15         2.03051E-12         2.03051E-12
28.5786         4.00700E-15         1.40769E-12         1.91386E-10         4.42797E-15         1.38245E-12         1.38245E-12
28.7282         2.68639E-15         9.63320E-13         1.33909E-10         3.16433E-15         9.57750E-13         9.57750E-13
28.8778         1.79677E-15         6.57587E-13         9.34468E-11         1.40977E-15         6.48079E-13         6.48079E-13
29.0274         1.19892E-15         4.47773E-13         6.50395E-11         1.31280E-15         4.50960E-13         4.50960E-13
29.1771         7.98115E-16         3.04148E-13         4.51492E-11         6.91231E-16         3.13979E-13         3.13979E-13
29.3267         5.30050E-16         2.06080E-13         3.12597E-11         4.53065E-16         2.11766E-13         2.11766E-13
29.4763         3.51192E-16         1.39288E-13         2.15866E-11         5.79898E-16         1.38759E-13         1.38759E-13
29.6259         2.32140E-16         9.39110E-14         1.48679E-11         1.37454E-16         9.38229E-14         9.38229E-14
29.7756         1.53085E-16         6.31608E-14         1.02137E-11         2.63776E-16         6.43699E-14         6.43699E-14
29.9252         1.00715E-16         4.23748E-14         6.99821E-12         1.06249E-16         4.50221E-14         4.50221E-14
30.0748         6.61051E-17         2.83595E-14         4.78259E-12         1.67860E-16         3.06501E-14         3.06501E-14
30.2244         4.32868E-17         1.89330E-14         3.25997E-12         3.19537E-18         1.67492E-14         1.67492E-14
30.3741         2.82785E-17         1.26088E-14         2.21636E-12         1.88777E-20         9.81705E-15         9.81705E-15
30.5237         1.84305E-17         8.37647E-15         1.50295E-12         8.92047E-17         7.60937E-15         7.60937E-15
30.6733         1.19840E-17         5.55115E-15         1.01655E-12         1.44724E-19         5.89726E-15         5.89726E-15
30.8229         7.77402E-18         3.66979E-15         6.85793E-13         3.41203E-17         4.52507E-15         4.52507E-15
30.9726         5.03121E-18         2.42011E-15         4.61468E-13         1.22349E-18         2.77263E-15         2.77263E-15
31.1222         3.24850E-18         1.59209E-15         3.09724E-13         7.75779E-18         1.02433E-15         1.02433E-15
31.2718         2.09255E-18         1.04481E-15         2.07346E-13         1.24215E-17         1.19830E-15         1.19830E-15
31.4214         1.34479E-18         6.83987E-16         1.38453E-13         8.60288E-17         1.03971E-15         1.03971E-15
31.5711         8.62213E-19         4.46683E-16         9.22150E-14         8.07961E-17         9.32968E-16         9.32968E-16
31.7207         5.51520E-19         2.91000E-16         6.12620E-14         3.08820E-17         3.06202E-16         3.06202E-16
31.8703         3.51960E-19         1.89116E-16         4.05952E-14         3.88203E-17         2.57945E-16         2.57945E-16
32.0200         2.24084E-19         1.22605E-16         2.68319E-14         1.25414E-18         1.62556E-16         1.62556E-16
32.1696         1.42336E-19         7.92923E-17         1.76899E-14         2.30878E-17         5.35806E-17         5.35806E-17
32.3192         9.01999E-20         5.11564E-17         1.16332E-14         1.83665E-17         7.64710E-17         7.64710E-17
32.4688         5.70275E-20         3.29243E-17         7.63077E-15         9.30049E-18         9.86408E-17         9.86408E-17
32.6185         3.59708E-20         2.11387E-17         4.99275E-15         5.99319E-18         4.40033E-17         4.40033E-17
32.7681         2.26363E-20         1.35391E-17         3.25847E-15         1.10778E-17         5.22146E-17         5.22146E-17
32.9177         1.42117E-20         8.65069E-18         2.12125E-15         6.05228E-18         2.44047E-17         2.44047E-17
33.0673         8.90183E-21         5.51393E-18         1.37744E-15         2.45032E-17         3.14751E-17         3.14751E-17
33.2170         5.56290E-21         3.50608E-18         8.92199E-16         2.68132E-19         6.43977E-17         6.43977E-17
33.3666         3.46827E-21         2.22400E-18         5.76445E-16         3.78961E-18         7.06086E-17         7.06086E-17
33.5162         2.15732E-21         1.40734E-18         3.71504E-16         2.03727E-18         3.67989E-18         3.67989E-18
33.6658         1.33877E-21         8.88421E-19         2.38825E-16         5.97148E-18         3.65568E-18         3.65568E-18
33.8155         8.28880E-22         5.59489E-19         1.53146E-16         1.21176E-19         7.70176E-19         7.70176E-19
33.9651         5.11997E-22         3.51495E-19         9.79595E-17         3.51160E-17         2.12083E-18         2.12083E-18
34.1147         3.15526E-22         2.20294E-19         6.25030E-17         1.21659E-17         2.49486E-18         2.49486E-18
34.2643         1.93997E-22         1.37734E-19         3.97805E-17         1.15952E-18         1.86777E-18         1.86777E-18
34.4140         1.19001E-22         8.59090E-20         2.52556E-17         5.93259E-17         9.27759E-18         9.27759E-18
34.5636         7.28276E-23         5.34557E-20         1.59941E-17         4.98711E-18         2.67594E-17         2.67594E-17
34.7132         4.44669E-23         3.31824E-20         1.01038E-17         4.93204E-17         3.96722E-21         3.96722E-21
34.8628         2.70877E-23         2.05485E-20         6.36690E-18         1.82715E-18         1.11029E-17         1.11029E-17
35.0125         1.64627E-23         1.26945E-20         4.00214E-18         1.08859E-17         5.02659E-17         5.02659E-17
35.1621         9.98217E-24         7.82364E-21         2.50946E-18         4.51629E-17         1.48939E-17         1.48939E-17
35.3117         6.03872E-24         4.81022E-21         1.56961E-18         7.19366E-19         4.04768E-17         4.04768E-17
35.4613         3.64468E-24         2.95042E-21         9.79324E-19         4.41443E-17         2.20081E-18         2.20081E-18
35.6110         2.19468E-24         1.80536E-21         6.09520E-19         1.51977E-17         5.28290E-18         5.28290E-18
35.7606         1.31850E-24         1.10207E-21         3.78422E-19         1.07771E-17         5.97532E-18         5.97532E-18
35.9102         7.90286E-25         6.71151E-22         2.34365E-19         6.04431E-18         1.37271E-17         1.37271E-17
36.0599         4.72592E-25         4.07751E-22         1.44790E-19         1.63469E-17         1.05456E-17         1.05456E-17
36.2095         2.81959E-25         2.47136E-22         8.92306E-20         9.38890E-21         5.51597E-19         5.51597E-19
36.3591         1.67835E-25         1.49432E-22         5.48556E-20         1.01988E-17         1.18467E-17         1.18467E-17
36.5087         9.96734E-26         9.01402E-23         3.36403E-20         1.70302E-17         2.94048E-17         2.94048E-17
36.6584         5.90574E-26         5.42451E-23         2.05793E-20         3.34651E-17         5.35869E-17         5.35869E-17
36.8080         3.49114E-26         3.25665E-23         1.25585E-20         3.06241E-17         1.15410E-16         1.15410E-16
36.9576         2.05902E-26         1.95052E-23         7.64501E-21         2.96126E-18         3.91216E-17         3.91216E-17
37.1072         1.21158E-26         1.16547E-23         4.64254E-21         1.20601E-17         8.83448E-18         8.83448E-18
37.2569         7.11290E-27         6.94737E-24         2.81235E-21         2.65217E-18         1.04174E-19         1.04174E-19
37.4065         4.16620E-27         4.13153E-24         1.69950E-21         4.85263E-18         2.02743E-18         2.02743E-18
37.5561         2.43464E-27         2.45117E-24         1.02450E-21         1.92988E-17         6.43560E-19         6.43560E-19
37.7057         1.41948E-27         1.45080E-24         6.16088E-22         2.07203E-17         3.12040E-18         3.12040E-18
37.8554         8.25708E-28         8.56673E-25         3.69585E-22         4.95394E-17         5.21270E-17         5.21270E-17
38.0050         4.79209E-28         5.04656E-25         2.21170E-22         1.80167E-18         1.85890E-17         1.85890E-17
38.1546         2.77476E-28         2.96585E-25         1.32033E-22         1.45878E-18         5.12498E-18         5.12498E-18
38.3042         1.60298E-28         1.73892E-25         7.86287E-23         2.07396E-17         1.90656E-17         1.90656E-17
38.4539         9.23921E-29         1.01714E-25         4.67115E-23         6.22530E-18         1.66631E-17         1.66631E-17
38.6035         5.31305E-29         5.93556E-26         2.76829E-23         5.01033E-18         3.65955E-18         3.65955E-18
38.7531         3.04829E-29         3.45555E-26         1.63661E-23         5.22276E-17         4.33623E-19         4.33623E-19
38.9027         1.74491E-29         2.00701E-26         9.65218E-24         2.60099E-18         1.17271E-18         1.17271E-18
39.0524         9.96535E-30         1.16294E-26         5.67876E-24         2.76532E-19         4.01850E-17         4.01850E-17
39.2020         5.67829E-30         6.72274E-27         3.33296E-24         8.39658E-18         6.82993E-18         6.82993E-18
39.3516         3.22810E-30         3.87714E-27         1.95144E-24         7.12325E-17         2.98388E-20         2.98388E-20
39.5012         1.83097E-30         2.23078E-27         1.13980E-24         9.46715E-18         3.80425E-17         3.80425E-17
39.6509         1.03615E-30         1.28050E-27         6.64135E-25         7.15004E-18         1.16248E-17         1.16248E-17
39.8005         5.85014E-31         7.33304E-28         3.86042E-25         1.13041E-18         1.31771E-17         1.31771E-17
39.9501         3.29547E-31         4.18956E-28         2.23854E-25         2.17692E-17         1.75878E-17         1.75878E-17
40.0998         1.85214E-31         2.38799E-28         1.29493E-25         1.94258E-18         7.21100E-17         7.21100E-17
40.2494         1.03858E-31         1.35794E-28         7.47281E-26         5.91721E-18         4.30262E-19         4.30262E-19
40.3990         5.81044E-32         7.70386E-29         4.30205E-26         2.73071E-17         2.25135E-18         2.25135E-18
40.5486         3.24330E-32         4.36033E-29         2.47071E-26         6.65237E-18         1.71536E-18         1.71536E-18
40.6983         1.80623E-32         2.46214E-29         1.41555E-26         1.59837E-18         1.40105E-16         1.40105E-16
40.8479         1.00361E-32         1.38705E-29         8.09066E-27         7.85864E-18         1.12767E-18         1.12767E-18
40.9975         5.56373E-33         7.79565E-30         4.61318E-27         5.45067E-17         3.30993E-19         3.30993E-19
41.1471         3.07734E-33         4.37117E-30         2.62407E-27         1.29726E-17         6.23223E-17         6.23223E-17
41.2968         1.69822E-33         2.44528E-30         1.48905E-27         3.68018E-18         8.13008E-18         8.13008E-18
41.4464         9.35017E-34         1.36472E-30         8.42951E-28         1.06196E-17         1.01165E-17         1.01165E-17
41.5960         5.13636E-34         7.59882E-31         4.76054E-28         2.02266E-17         1.58783E-19         1.58783E-19
41.7456         2.81514E-34         4.22118E-31         2.68207E-28         6.90165E-17         3.54320E-17         3.54320E-17
41.8953         1.53941E-34         2.33942E-31         1.50746E-28         1.10486E-17         3.57216E-17         3.57216E-17
42.0449         8.39885E-35         1.29351E-31         8.45249E-29         9.96057E-19         4.85876E-18         4.85876E-18
42.1945         4.57188E-35         7.13543E-32         4.72809E-29         2.81747E-17         2.48236E-17         2.48236E-17
42.3441         2.48302E-35         3.92697E-32         2.63846E-29         1.40811E-18         3.05278E-17         3.05278E-17
42.4938         1.34548E-35         2.15618E-32         1.46886E-29         1.23111E-17         8.02657E-19         8.02657E-19
42.6434         7.27418E-36         1.18113E-32         8.15781E-30         3.77780E-17         5.22924E-17         5.22924E-17
42.7930         3.92376E-36         6.45511E-33         4.51994E-30         4.90824E-17         3.59981E-18         3.59981E-18
42.9426         2.11170E-36         3.51964E-33         2.49838E-30         5.97814E-18         5.43468E-18         5.43468E-18
43.0923         1.13390E-36         1.91462E-33         1.37769E-30         5.92244E-17         1.03749E-16         1.03749E-16
43.2419         6.07475E-37         1.03910E-33         7.57896E-31         2.42460E-17         1.79153E-17         1.79153E-17
43.3915         3.24708E-37         5.62631E-34         4.15946E-31         4.80650E-17         2.56169E-18         2.56169E-18
43.5411         1.73170E-37         3.03936E-34         2.27736E-31         1.98213E-18         1.16117E-18         1.16117E-18
43.6908         9.21438E-38         1.63807E-34         1.24394E-31         3.07190E-17         1.14753E-18         1.14753E-18
43.8404         4.89184E-38         8.80797E-35         6.77849E-32         4.23885E-17         3.95312E-17         3.95312E-17
43.9900         2.59116E-38         4.72512E-35         3.68501E-32         1.22052E-18         2.59756E-17         2.59756E-17
44.1397         1.36940E-38         2.52897E-35         1.99855E-32         4.89211E-17         8.53757E-17         8.53757E-17
44.2893         7.22064E-39         1.35040E-35         1.08134E-32         1.60522E-17         6.00501E-18         6.00501E-18
44.4389         3.79868E-39         7.19413E-36         5.83690E-33         7.44353E-17         1.83758E-18         1.83758E-18
44.5885         1.99393E-39         3.82375E-36         3.14322E-33         1.59307E-17         8.73717E-20         8.73717E-20
44.7382         1.04421E-39         2.02764E-36         1.68864E-33         1.82485E-17         1.01681E-18         1.01681E-18
44.8878         5.45602E-40         1.07271E-36         9.05054E-34         5.86736E-17         6.27237E-18         6.27237E-18
45.0374         2.84421E-40         5.66189E-37         4.83928E-34         1.06036E-17         6.52217E-18         6.52217E-18
45.1870         1.47945E-40         2.98166E-37         2.58149E-34         5.93736E-19         5.00798E-17         5.00798E-17
45.3367         7.67718E-41         1.56648E-37         1.37380E-34         4.20100E-18         1.85201E-17         1.85201E-17
45.4863         3.97501E-41         8.21099E-38         7.29389E-35         3.32405E-20         5.41672E-17         5.41672E-17
45.6359         2.05336E-41         4.29388E-38         3.86335E-35         1.35487E-18         1.19176E-16         1.19176E-16
45.7855         1.05826E-41         2.24024E-38         2.04147E-35         2.98743E-17         3.48085E-17         3.48085E-17
45.9352         5.44260E-42         1.16622E-38         1.07625E-35         7.51386E-17         1.73402E-17         1.73402E-17
46.0848         2.79276E-42         6.05690E-39         5.66054E-36         1.99208E-17         1.76967E-17         1.76967E-17
46.2344         1.43046E-42         3.13912E-39         2.97042E-36         2.05447E-16         1.16087E-17         1.16087E-17
46.3840         7.30841E-43         1.62303E-39         1.55506E-36         6.87356E-17         3.36169E-18         3.36169E-18
46.5337         3.72359E-43         8.37046E-40         8.12082E-37         2.35974E-19         7.93185E-17         7.93185E-17
46.6833         1.89502E-43         4.30886E-40         4.23165E-37         1.46449E-17         5.61393E-17         5.61393E-17
46.8329         9.61623E-44         2.21220E-40         2.19961E-37         4.92981E-17         1.86418E-16         1.86418E-16
46.9825         4.88192E-44         1.13452E-40         1.14119E-37         9.77758E-17         3.14097E-17         3.14097E-17
47.1322         2.45244E-44         5.78338E-41         5.89910E-38         6.11152E-17         5.07484E-18         5.07484E-18
47.2818         1.24145E-44         2.95548E-41         3.04704E-38         3.44306E-17         1.00101E-17         1.00101E-17
47.4314         6.18085E-45         1.49696E-41         1.56642E-38         3.03308E-17         1.90948E-21         1.90948E-21
47.5810         3.08484E-45         7.57573E-42         8.03757E-39         5.07388E-20         3.77156E-20         3.77156E-20
47.7307         1.54063E-45         3.83219E-42         4.11837E-39         8.80795E-18         5.78236E-17         5.78236E-17
47.8803         7.52516E-46         1.92259E-42         2.09991E-39         3.71958E-17         1.58936E-18         1.58936E-18
48.0299         3.75611E-46         9.71767E-43         1.07198E-39         1.52964E-17         2.25064E-17         2.25064E-17
48.1796         1.80964E-46         4.80990E-43         5.42562E-40         2.85657E-19         7.36445E-17         7.36445E-17
48.3292         9.46658E-47         2.46999E-43         2.77164E-40         1.48599E-18         1.24417E-16         1.24417E-16
48.4788         4.32278E-47         1.20617E-43         1.38610E-40         1.18720E-17         5.31287E-18         5.31287E-18
48.6284         1.97552E-47         5.82838E-44         6.92391E-41         4.30067E-18         1.53076E-17         1.53076E-17
48.7781         1.00920E-47         2.92715E-44         3.50853E-41         1.27205E-20         4.89691E-17         4.89691E-17
48.9277         4.18707E-48         1.36826E-44         1.72840E-41         5.22060E-18         1.21809E-19         1.21809E-19
49.0773         3.44169E-48         8.17774E-45         9.38179E-42         1.53607E-18         1.64027E-16         1.64027E-16
49.2269         2.54476E-48         4.54253E-45         4.96257E-42         1.00987E-18         1.23790E-16         1.23790E-16
49.3766         6.29251E-49         1.72909E-45         2.23631E-42         9.64991E-21         7.47579E-18         7.47579E-18
49.5262         4.45984E-49         1.00662E-45         1.20269E-42         1.02630E-16         3.99522E-17         3.99522E-17
49.6758         1.48328E-49         4.20125E-46         5.55668E-43         2.42271E-18         2.07997E-17         2.07997E-17
49.8254         1.66981E-50         1.20881E-46         2.43909E-43         3.26489E-18         1.75882E-16         1.75882E-16
49.9751         5.27756E-50         2.09148E-48         7.52063E-44         5.56916E-19         3.28316E-17         3.28316E-17
50.1247         2.77479E-53         2.49304E-47         5.65692E-44         1.61060E-21         4.77206E-17         4.77206E-17
50.2743         2.51168E-50         5.04231E-50         2.29534E-44         2.95454E-17         1.08356E-17         1.08356E-17
50.4239         2.36000E-51         5.56987E-49         9.14855E-45         4.07119E-21         1.63305E-19         1.63305E-19
50.5736         1.34053E-49         8.92969E-47         3.14780E-44         5.00363E-17         4.51974E-18         4.51974E-18
50.7232         3.46449E-49         1.60983E-46         4.09371E-44         6.72761E-18         1.56139E-17         1.56139E-17
50.8728         2.85247E-49         1.51968E-46         2.97592E-44         5.49073E-23         3.95130E-17         3.95130E-17
51.0224         6.78971E-49         3.10679E-46         5.55388E-44         2.37749E-19         1.42035E-18         1.42035E-18
51.1721         1.53196E-49         7.86306E-47         1.71154E-44         1.83794E-17         1.60280E-17         1.60280E-17
51.3217         1.35649E-49         8.74124E-47         1.45195E-44         2.13385E-17         2.99813E-17         2.99813E-17
51.4713         8.23931E-50         3.82864E-47         8.72151E-45         2.05813E-18         3.76892E-19         3.76892E-19
51.6209         4.39362E-49         1.93830E-46         3.28145E-44         3.08394E-18         2.91088E-18         2.91088E-18
51.7706         9.61114E-50         2.35230E-47         5.52078E-45         9.23440E-17         9.98217E-19         9.98217E-19
51.9202         4.63956E-50         1.84933E-47         3.35926E-45         5.30235E-18         8.85962E-18         8.85962E-18
52.0698         2.25182E-51         6.92689E-49         5.70123E-46         6.46127E-18         1.52572E-16         1.52572E-16
52.2195         6.21137E-50         1.52265E-47         3.52188E-45         1.01067E-16         7.57134E-17         7.57134E-17
52.3691         3.00686E-50         3.80345E-48         2.25434E-45         1.19182E-17         1.20677E-17         1.20677E-17
52.5187         6.80874E-51         3.87567E-48         1.25837E-45         7.23358E-17         2.02670E-17         2.02670E-17
52.6683         3.02989E-49         9.11361E-47         1.78653E-44         7.26401E-18         7.53468E-20         7.53468E-20
52.8180         4.74778E-49         1.85935E-46         3.00012E-44         2.62405E-17         8.87079E-19         8.87079E-19
52.9676         1.46706E-49         3.96034E-47         1.04048E-44         7.45244E-18         5.38497E-18         5.38497E-18
53.1172         1.08608E-49         4.87096E-47         8.32829E-45         5.67935E-19         2.32356E-17         2.32356E-17
53.2668         1.25945E-50         6.96392E-48         1.93621E-45         7.51097E-19         4.11608E-18         4.11608E-18
53.4165         7.31364E-50         3.03469E-47         6.80439E-45         2.70917E-17         2.17132E-18         2.17132E-18
53.5661         4.97693E-52         1.47057E-52         2.78083E-47         1.76819E-17         3.20181E-17         3.20181E-17
53.7157         1.91257E-50         1.05783E-47         1.98349E-45         2.53905E-20         3.73879E-18         3.73879E-18
53.8653         6.43645E-50         2.79599E-47         3.93285E-45         1.85322E-17         5.56418E-18         5.56418E-18
54.0150         3.86070E-53         1.37373E-48         1.89412E-47         8.54660E-18         1.44535E-19         1.44535E-19
54.1646         1.64452E-50         1.70740E-48         5.65408E-46         2.04865E-17         1.12201E-18         1.12201E-18
54.3142         9.92936E-50         2.98396E-47         6.91412E-45         4.99021E-23         1.04491E-16         1.04491E-16
54.4638         3.12300E-52         4.13115E-49         4.09864E-47         5.78154E-17         7.03316E-18         7.03316E-18
54.6135         1.58918E-49         6.50562E-47         8.54790E-45         2.08455E-17         1.02873E-18         1.02873E-18
54.7631         8.12472E-50         3.25168E-47         4.88883E-45         6.30512E-17         1.82067E-17         1.82067E-17
54.9127         1.40003E-49         4.57302E-47         7.53957E-45         1.06774E-16         2.94167E-18         2.94167E-18
55.0623         3.41646E-49         1.44035E-46         2.15396E-44         4.92180E-17         8.14028E-19         8.14028E-19
55.2120         3.95054E-52         3.25914E-49         1.93373E-47         6.31698E-17         1.94630E-16         1.94630E-16
55.3616         2.29389E-51         1.08656E-48         1.32339E-49         4.22293E-17         3.47800E-17         3.47800E-17
55.5112         1.75166E-49         5.99454E-47         7.35960E-45         2.26125E-17         3.97628E-17         3.97628E-17
55.6608         4.00152E-50         1.29265E-47         1.20084E-45         9.96371E-20         1.33460E-20         1.33460E-20
55.8105         3.71653E-49         1.34893E-46         2.08753E-44         1.95647E-18         3.13495E-18         3.13495E-18
55.9601         2.25595E-49         1.05270E-46         1.32447E-44         1.25375E-17         1.01071E-17         1.01071E-17
56.1097         1.29595E-49         6.33776E-47         7.35050E-45         4.09251E-18         2.11465E-17         2.11465E-17
56.2594         4.20186E-49         1.83773E-46         2.96678E-44         7.66266E-19         1.74557E-17         1.74557E-17
56.4090         1.85719E-49         7.74630E-47         1.19184E-44         6.11138E-17         3.63244E-18         3.63244E-18
56.5586         4.85115E-49         2.04116E-46         3.10722E-44         4.73613E-17         3.12842E-18         3.12842E-18
56.7082         6.76572E-49         2.73419E-46         4.39475E-44         5.26927E-18         3.64975E-18         3.64975E-18
56.8579         5.16234E-49         2.57212E-46         3.48570E-44         1.09181E-17         1.10273E-16         1.10273E-16
57.0075         2.60267E-49         1.41292E-46         1.93822E-44         1.17871E-17         8.17875E-17         8.17875E-17
57.1571         8.15052E-50         4.96394E-47         7.80653E-45         2.29678E-23         4.15817E-19         4.15817E-19
57.3067         7.46656E-50         4.65973E-47         7.51083E-45         5.48284E-18         7.19178E-17         7.19178E-17
57.4564         2.79882E-49         1.40718E-46         2.09522E-44         1.17636E-17         1.88348E-17         1.88348E-17
57.6060         1.03439E-49         5.74573E-47         6.61826E-45         1.29400E-17         5.10864E-18         5.10864E-18
57.7556         3.94082E-49         1.68041E-46         2.37065E-44         6.24604E-17         1.23997E-17         1.23997E-17
57.9052         1.13855E-50         3.80392E-48         3.64490E-46         2.04082E-19         1.08675E-16         1.08675E-16
58.0549         1.86361E-50         4.80182E-48         1.64624E-45         4.03002E-17         5.95991E-17         5.95991E-17
58.2045         5.49501E-50         1.51672E-47         2.24115E-45         1.34648E-18         4.23823E-17         4.23823E-17
58.3541         5.79653E-51         5.99237E-49         2.24164E-46         2.34480E-17         2.02155E-17         2.02155E-17
58.5037         5.99449E-51         3.70881E-48         1.92210E-46         1.02925E-16         3.39185E-17         3.39185E-17
58.6534         1.25008E-51         3.89382E-49         5.35356E-48         4.22560E-18         6.61791E-18         6.61791E-18
58.8030         1.03189E-49         3.33038E-47         6.52293E-45         6.47086E-17         5.21177E-20         5.21177E-20
58.9526         9.63170E-50         3.14637E-47         6.63926E-45         6.17128E-19         3.26541E-18         3.26541E-18
59.1022         2.91302E-50         5.58752E-48         1.75085E-45         6.99716E-17         1.74857E-18         1.74857E-18
59.2519         1.25797E-49         3.58206E-47         7.27579E-45         3.72199E-18         1.47814E-18         1.47814E-18
59.4015         2.51190E-49         8.22579E-47         1.31431E-44         7.31177E-17         1.86775E-19         1.86775E-19
59.5511         1.80534E-49         6.37096E-47         1.02064E-44         1.16243E-16         2.17857E-19         2.17857E-19
59.7007         5.42090E-50         2.34478E-47         2.84051E-45         2.58026E-19         2.88576E-17         2.88576E-17
59.8504         2.49836E-50         9.20240E-48         1.49092E-45         7.02779E-18         3.43105E-17         3.43105E-17
