#Rho             Ground(Ar)             1st(Ar)             2nd(Ar)          Ground(Ja)             1st(Ja)             2nd(Ja)
0.00498753         0.000444370         0.000734320         0.000967355         0.000444368         0.000444368         0.000967355
0.00997506          0.00178558          0.00294923          0.00388326          0.00178558          0.00178558          0.00388325
0.0149626          0.00403470          0.00665868          0.00876029          0.00403470          0.00403470          0.00876029
0.0199501          0.00720129           0.0118712           0.0156001          0.00720128          0.00720128           0.0156001
0.0249377           0.0112934           0.0185899           0.0243931           0.0112934           0.0112934           0.0243932
0.0299252           0.0163177           0.0268123           0.0351190           0.0163177           0.0163177           0.0351190
0.0349127           0.0222790           0.0365306           0.0477462           0.0222790           0.0222790           0.0477462
0.0399002           0.0291809           0.0477314           0.0622322           0.0291809           0.0291809           0.0622322
0.0448878           0.0370251           0.0603957           0.0785241           0.0370251           0.0370251           0.0785241
0.0498753           0.0458121           0.0744993           0.0965583           0.0458121           0.0458121           0.0965583
0.0548628           0.0555404           0.0900123            0.116261           0.0555405           0.0555405            0.116261
0.0598504           0.0662073            0.106900            0.137549           0.0662073           0.0662073            0.137549
0.0648379           0.0778083            0.125122            0.160329           0.0778083           0.0778083            0.160329
0.0698254           0.0903372            0.144632            0.184500           0.0903372           0.0903372            0.184500
0.0748130            0.103786            0.165382            0.209951            0.103787            0.103787            0.209951
0.0798005            0.118147            0.187316            0.236564            0.118147            0.118147            0.236564
0.0847880            0.133408            0.210374            0.264216            0.133408            0.133408            0.264216
0.0897756            0.149557            0.234493            0.292773            0.149557            0.149557            0.292773
0.0947631            0.166581            0.259604            0.322099            0.166581            0.166581            0.322099
0.0997506            0.184464            0.285636            0.352052            0.184464            0.184464            0.352052
0.104738            0.203189            0.312514            0.382485            0.203189            0.203189            0.382485
0.109726            0.222739            0.340157            0.413247            0.222739            0.222739            0.413247
0.114713            0.243093            0.368485            0.444187            0.243093            0.243093            0.444187
0.119701            0.264231            0.397411            0.475149            0.264231            0.264231            0.475149
0.124688            0.286131            0.426849            0.505978            0.286131            0.286131            0.505978
0.129676            0.308769            0.456709            0.536519            0.308769            0.308769            0.536519
0.134663            0.332120            0.486900            0.566616            0.332120            0.332120            0.566616
0.139651            0.356159            0.517327            0.596117            0.356159            0.356159            0.596117
0.144638            0.380857            0.547897            0.624870            0.380857            0.380857            0.624870
0.149626            0.406188            0.578513            0.652728            0.406188            0.406188            0.652728
0.154613            0.432122            0.609081            0.679547            0.432122            0.432122            0.679547
0.159601            0.458628            0.639504            0.705189            0.458628            0.458628            0.705189
0.164589            0.485675            0.669686            0.729522            0.485675            0.485675            0.729522
0.169576            0.513231            0.699531            0.752417            0.513231            0.513231            0.752417
0.174564            0.541264            0.728944            0.773757            0.541264            0.541264            0.773757
0.179551            0.569739            0.757831            0.793429            0.569739            0.569739            0.793429
0.184539            0.598622            0.786100            0.811330            0.598622            0.598622            0.811330
0.189526            0.627879            0.813662            0.827366            0.627879            0.627879            0.827366
0.194514            0.657473            0.840426            0.841453            0.657473            0.657473            0.841453
0.199501            0.687368            0.866308            0.853515            0.687368            0.687368            0.853515
0.204489            0.717529            0.891223            0.863488            0.717529            0.717529            0.863488
0.209476            0.747917            0.915093            0.871319            0.747917            0.747917            0.871319
0.214464            0.778496            0.937839            0.876964            0.778496            0.778496            0.876964
0.219451            0.809228            0.959389            0.880394            0.809228            0.809228            0.880394
0.224439            0.840075            0.979673            0.881588            0.840075            0.840075            0.881588
0.229426            0.871000            0.998625            0.880538            0.871000            0.871000            0.880538
0.234414            0.901965             1.01619            0.877247            0.901965            0.901965            0.877247
0.239401            0.932932             1.03230            0.871732            0.932932            0.932932            0.871732
0.244389            0.963862             1.04691            0.864018            0.963862            0.963862            0.864018
0.249377            0.994719             1.05997            0.854144            0.994719            0.994719            0.854144
0.254364             1.02547             1.07144            0.842160             1.02546             1.02546            0.842160
0.259352             1.05606             1.08128            0.828126             1.05606             1.05606            0.828125
0.264339             1.08648             1.08947            0.812113             1.08648             1.08648            0.812113
0.269327             1.11667             1.09597            0.794203             1.11667             1.11667            0.794203
0.274314             1.14660             1.10076            0.774487             1.14660             1.14660            0.774487
0.279302             1.17624             1.10384            0.753066             1.17624             1.17624            0.753066
0.284289             1.20555             1.10519            0.730049             1.20555             1.20555            0.730049
0.289277             1.23450             1.10480            0.705555             1.23450             1.23450            0.705555
0.294264             1.26306             1.10268            0.679709             1.26306             1.26306            0.679709
0.299252             1.29118             1.09884            0.652643             1.29118             1.29118            0.652643
0.304239             1.31885             1.09328            0.624496             1.31885             1.31885            0.624496
0.309227             1.34602             1.08604            0.595412             1.34602             1.34602            0.595412
0.314214             1.37267             1.07712            0.565541             1.37267             1.37267            0.565541
0.319202             1.39877             1.06657            0.535035             1.39877             1.39877            0.535035
0.324190             1.42429             1.05441            0.504051             1.42429             1.42429            0.504051
0.329177             1.44920             1.04068            0.472748             1.44920             1.44920            0.472748
0.334165             1.47347             1.02544            0.441284             1.47347             1.47347            0.441284
0.339152             1.49708             1.00872            0.409823             1.49708             1.49708            0.409823
0.344140             1.52001            0.990586            0.378523             1.52001             1.52001            0.378523
0.349127             1.54223            0.971093            0.347545             1.54223             1.54223            0.347545
0.354115             1.56372            0.950304            0.317047             1.56372             1.56372            0.317047
0.359102             1.58446            0.928285            0.287184             1.58446             1.58446            0.287184
0.364090             1.60443            0.905107            0.258108             1.60443             1.60443            0.258108
0.369077             1.62361            0.880845            0.229967             1.62361             1.62361            0.229967
0.374065             1.64198            0.855574            0.202904             1.64198             1.64198            0.202904
0.379052             1.65953            0.829376            0.177056             1.65953             1.65953            0.177056
0.384040             1.67624            0.802333            0.152554             1.67624             1.67624            0.152554
0.389027             1.69210            0.774530            0.129521             1.69210             1.69210            0.129521
0.394015             1.70710            0.746056            0.108075             1.70710             1.70710            0.108075
0.399002             1.72122            0.716999           0.0883231             1.72122             1.72122           0.0883231
0.403990             1.73446            0.687450           0.0703648             1.73446             1.73446           0.0703648
0.408978             1.74680            0.657502           0.0542905             1.74680             1.74680           0.0542905
0.413965             1.75825            0.627248           0.0401808             1.75825             1.75825           0.0401808
0.418953             1.76879            0.596782           0.0281063             1.76879             1.76879           0.0281063
0.423940             1.77842            0.566197           0.0181275             1.77842             1.77842           0.0181275
0.428928             1.78713            0.535589           0.0102940             1.78713             1.78713           0.0102941
0.433915             1.79493            0.505051          0.00464508             1.79493             1.79493          0.00464508
0.438903             1.80181            0.474677          0.00120864             1.80181             1.80181          0.00120864
0.443890             1.80778            0.444559         1.77699E-06             1.80778             1.80778         1.77689E-06
0.448878             1.81283            0.414790          0.00103048             1.81283             1.81283          0.00103048
0.453865             1.81697            0.385459          0.00428966             1.81697             1.81697          0.00428966
0.458853             1.82019            0.356655          0.00976325             1.82019             1.82019          0.00976325
0.463840             1.82252            0.328464           0.0174244             1.82252             1.82252           0.0174244
0.468828             1.82395            0.300972           0.0272354             1.82395             1.82395           0.0272354
0.473815             1.82448            0.274260           0.0391483             1.82448             1.82448           0.0391483
0.478803             1.82414            0.248408           0.0531050             1.82414             1.82414           0.0531050
0.483791             1.82292            0.223493           0.0690374             1.82292             1.82292           0.0690374
0.488778             1.82083            0.199587           0.0868683             1.82083             1.82083           0.0868683
0.493766             1.81790            0.176762            0.106511             1.81790             1.81790            0.106511
0.498753             1.81412            0.155083            0.127871             1.81412             1.81412            0.127871
0.503741             1.80952            0.134615            0.150845             1.80952             1.80952            0.150845
0.508728             1.80410            0.115417            0.175323             1.80410             1.80410            0.175323
0.513716             1.79788           0.0975433            0.201187             1.79788             1.79788            0.201187
0.518703             1.79088           0.0810465            0.228315             1.79088             1.79088            0.228315
0.523691             1.78311           0.0659733            0.256576             1.78311             1.78311            0.256576
0.528678             1.77459           0.0523668            0.285838             1.77459             1.77459            0.285838
0.533666             1.76533           0.0402655            0.315960             1.76533             1.76533            0.315960
0.538653             1.75536           0.0297036            0.346802             1.75536             1.75536            0.346802
0.543641             1.74469           0.0207106            0.378219             1.74469             1.74469            0.378219
0.548628             1.73334           0.0133118            0.410063             1.73334             1.73334            0.410063
0.553616             1.72133          0.00752771            0.442187             1.72133             1.72133            0.442187
0.558603             1.70868          0.00337424            0.474440             1.70868             1.70868            0.474440
0.563591             1.69542         0.000862855            0.506674             1.69542             1.69542            0.506674
0.568579             1.68155         4.10336E-07            0.538741             1.68155             1.68155            0.538741
0.573566             1.66711         0.000789255            0.570492             1.66711             1.66711            0.570492
0.578554             1.65211          0.00322726            0.601785             1.65211             1.65211            0.601785
0.583541             1.63658          0.00730789            0.632475             1.63658             1.63658            0.632475
0.588529             1.62054           0.0130202            0.662425             1.62054             1.62054            0.662425
0.593516             1.60401           0.0203492            0.691501             1.60401             1.60401            0.691501
0.598504             1.58701           0.0292754            0.719571             1.58701             1.58701            0.719571
0.603491             1.56957           0.0397755            0.746512             1.56957             1.56957            0.746512
0.608479             1.55170           0.0518222            0.772204             1.55170             1.55170            0.772204
0.613466             1.53343           0.0653843            0.796536             1.53343             1.53343            0.796536
0.618454             1.51479           0.0804270            0.819401             1.51479             1.51479            0.819401
0.623441             1.49579           0.0969120            0.840700             1.49579             1.49579            0.840700
0.628429             1.47645            0.114798            0.860344             1.47645             1.47645            0.860344
0.633416             1.45681            0.134039            0.878249             1.45681             1.45681            0.878249
0.638404             1.43687            0.154588            0.894341             1.43687             1.43687            0.894341
0.643392             1.41667            0.176393            0.908553             1.41667             1.41667            0.908553
0.648379             1.39623            0.199402            0.920829             1.39623             1.39623            0.920829
0.653367             1.37556            0.223558            0.931120             1.37556             1.37556            0.931120
0.658354             1.35469            0.248803            0.939389             1.35469             1.35469            0.939389
0.663342             1.33363            0.275077            0.945604             1.33363             1.33363            0.945604
0.668329             1.31242            0.302316            0.949746             1.31242             1.31242            0.949746
0.673317             1.29107            0.330457            0.951803             1.29107             1.29107            0.951803
0.678304             1.26960            0.359434            0.951775             1.26960             1.26960            0.951775
0.683292             1.24802            0.389181            0.949669             1.24802             1.24802            0.949669
0.688279             1.22637            0.419628            0.945500             1.22637             1.22637            0.945500
0.693267             1.20466            0.450708            0.939296             1.20466             1.20466            0.939296
0.698254             1.18290            0.482350            0.931091             1.18290             1.18290            0.931091
0.703242             1.16112            0.514484            0.920926             1.16112             1.16112            0.920926
0.708229             1.13933            0.547039            0.908855             1.13933             1.13933            0.908855
0.713217             1.11755            0.579945            0.894935             1.11755             1.11755            0.894935
0.718204             1.09579            0.613130            0.879234             1.09579             1.09579            0.879234
0.723192             1.07408            0.646525            0.861826             1.07408             1.07408            0.861826
0.728180             1.05243            0.680060            0.842792             1.05243             1.05243            0.842792
0.733167             1.03086            0.713664            0.822219             1.03086             1.03086            0.822219
0.738155             1.00937            0.747269            0.800201             1.00937             1.00937            0.800201
0.743142            0.987986            0.780807            0.776837            0.987986            0.987986            0.776837
0.748130            0.966720            0.814212            0.752230            0.966720            0.966720            0.752230
0.753117            0.945584            0.847418            0.726490            0.945584            0.945584            0.726490
0.758105            0.924592            0.880360            0.699730            0.924592            0.924592            0.699730
0.763092            0.903755            0.912977            0.672065            0.903755            0.903755            0.672065
0.768080            0.883086            0.945206            0.643615            0.883086            0.883086            0.643615
0.773067            0.862594            0.976990            0.614502            0.862594            0.862594            0.614502
0.778055            0.842292             1.00827            0.584849            0.842292            0.842292            0.584849
0.783042            0.822189             1.03899            0.554782            0.822189            0.822189            0.554782
0.788030            0.802295             1.06910            0.524427            0.802295            0.802295            0.524427
0.793017            0.782619             1.09854            0.493909            0.782619            0.782619            0.493909
0.798005            0.763169             1.12728            0.463357            0.763169            0.763169            0.463357
0.802993            0.743953             1.15525            0.432894            0.743953            0.743953            0.432894
0.807980            0.724980             1.18242            0.402645            0.724980            0.724980            0.402645
0.812968            0.706255             1.20874            0.372734            0.706255            0.706255            0.372734
0.817955            0.687786             1.23418            0.343280            0.687786            0.687786            0.343280
0.822943            0.669578             1.25870            0.314401            0.669578            0.669578            0.314401
0.827930            0.651638             1.28227            0.286212            0.651638            0.651638            0.286212
0.832918            0.633970             1.30484            0.258825            0.633970            0.633970            0.258825
0.837905            0.616579             1.32641            0.232346            0.616579            0.616579            0.232346
0.842893            0.599469             1.34692            0.206880            0.599469            0.599469            0.206880
0.847880            0.582644             1.36638            0.182525            0.582644            0.582644            0.182525
0.852868            0.566107             1.38474            0.159374            0.566107            0.566107            0.159374
0.857855            0.549861             1.40200            0.137516            0.549861            0.549861            0.137516
0.862843            0.533908             1.41814            0.117033            0.533908            0.533908            0.117033
0.867830            0.518251             1.43315           0.0980037            0.518251            0.518251           0.0980038
0.872818            0.502892             1.44700           0.0804983            0.502892            0.502892           0.0804983
0.877805            0.487831             1.45971           0.0645821            0.487831            0.487831           0.0645821
0.882793            0.473070             1.47125           0.0503137            0.473070            0.473070           0.0503137
0.887781            0.458609             1.48163           0.0377455            0.458609            0.458609           0.0377454
0.892768            0.444448             1.49085           0.0269230            0.444448            0.444448           0.0269230
0.897756            0.430587             1.49890           0.0178854            0.430587            0.430587           0.0178854
0.902743            0.417027             1.50579           0.0106651            0.417027            0.417027           0.0106651
0.907731            0.403766             1.51153          0.00528771            0.403766            0.403766          0.00528770
0.912718            0.390803             1.51612          0.00177220            0.390803            0.390803          0.00177220
0.917706            0.378137             1.51957         0.000130917            0.378137            0.378137         0.000130916
0.922693            0.365767             1.52190         0.000369550            0.365767            0.365767         0.000369549
0.927681            0.353691             1.52311          0.00248729            0.353691            0.353691          0.00248729
0.932668            0.341906             1.52323          0.00647691            0.341906            0.341906          0.00647690
0.937656            0.330410             1.52227           0.0123249            0.330410            0.330410           0.0123249
0.942643            0.319202             1.52025           0.0200116            0.319202            0.319202           0.0200116
0.947631            0.308278             1.51718           0.0295114            0.308278            0.308278           0.0295114
0.952618            0.297636             1.51310           0.0407930            0.297636            0.297636           0.0407930
0.957606            0.287272             1.50802           0.0538193            0.287272            0.287272           0.0538193
0.962594            0.277183             1.50196           0.0685483            0.277183            0.277183           0.0685483
0.967581            0.267366             1.49496           0.0849324            0.267366            0.267366           0.0849324
0.972569            0.257817             1.48704            0.102920            0.257817            0.257817            0.102920
0.977556            0.248533             1.47822            0.122453            0.248533            0.248533            0.122453
0.982544            0.239509             1.46854            0.143472            0.239509            0.239509            0.143472
0.987531            0.230743             1.45803            0.165910            0.230743            0.230743            0.165910
0.992519            0.222229             1.44670            0.189701            0.222229            0.222229            0.189701
0.997506            0.213965             1.43461            0.214770            0.213965            0.213965            0.214770
1.00249            0.205945             1.42176            0.241044            0.205945            0.205945            0.241044
1.00748            0.198165             1.40821            0.268444            0.198165            0.198165            0.268444
1.01247            0.190622             1.39397            0.296890            0.190622            0.190622            0.296890
1.01746            0.183310             1.37908            0.326298            0.183310            0.183310            0.326298
1.02244            0.176225             1.36358            0.356586            0.176225            0.176225            0.356586
1.02743            0.169363             1.34749            0.387667            0.169363            0.169363            0.387667
1.03242            0.162719             1.33085            0.419453            0.162719            0.162719            0.419453
1.03741            0.156288             1.31370            0.451858            0.156288            0.156288            0.451858
1.04239            0.150067             1.29605            0.484792            0.150067            0.150067            0.484792
1.04738            0.144050             1.27795            0.518166            0.144050            0.144050            0.518166
1.05237            0.138233             1.25944            0.551893            0.138233            0.138233            0.551893
1.05736            0.132611             1.24053            0.585884            0.132611            0.132611            0.585884
1.06234            0.127180             1.22126            0.620050            0.127180            0.127180            0.620050
1.06733            0.121935             1.20167            0.654306            0.121935            0.121935            0.654305
1.07232            0.116871             1.18178            0.688564            0.116871            0.116871            0.688564
1.07731            0.111984             1.16163            0.722741            0.111984            0.111984            0.722741
1.08229            0.107270             1.14124            0.756754            0.107270            0.107270            0.756754
1.08728            0.102724             1.12065            0.790522            0.102724            0.102724            0.790522
1.09227           0.0983415             1.09988            0.823966           0.0983415           0.0983415            0.823966
1.09726           0.0941180             1.07896            0.857009           0.0941181           0.0941181            0.857009
1.10224           0.0900494             1.05792            0.889578           0.0900494           0.0900494            0.889577
1.10723           0.0861312             1.03678            0.921599           0.0861313           0.0861313            0.921599
1.11222           0.0823593             1.01558            0.953005           0.0823593           0.0823593            0.953005
1.11721           0.0787294            0.994331            0.983729           0.0787294           0.0787294            0.983729
1.12219           0.0752374            0.973066             1.01371           0.0752374           0.0752374             1.01371
1.12718           0.0718792            0.951805             1.04288           0.0718792           0.0718792             1.04288
1.13217           0.0686508            0.930572             1.07120           0.0686508           0.0686508             1.07120
1.13716           0.0655483            0.909389             1.09859           0.0655482           0.0655482             1.09859
1.14214           0.0625676            0.888277             1.12503           0.0625676           0.0625676             1.12503
1.14713           0.0597051            0.867256             1.15045           0.0597051           0.0597051             1.15045
1.15212           0.0569569            0.846346             1.17482           0.0569569           0.0569569             1.17482
1.15711           0.0543195            0.825566             1.19810           0.0543195           0.0543195             1.19810
1.16209           0.0517891            0.804933             1.22025           0.0517891           0.0517891             1.22025
1.16708           0.0493622            0.784465             1.24123           0.0493622           0.0493622             1.24123
1.17207           0.0470354            0.764177             1.26103           0.0470354           0.0470354             1.26103
1.17706           0.0448054            0.744084             1.27961           0.0448054           0.0448054             1.27961
1.18204           0.0426687            0.724201             1.29696           0.0426687           0.0426687             1.29696
1.18703           0.0406221            0.704541             1.31305           0.0406221           0.0406221             1.31305
1.19202           0.0386626            0.685118             1.32787           0.0386626           0.0386626             1.32787
1.19701           0.0367870            0.665941             1.34142           0.0367870           0.0367870             1.34142
1.20200           0.0349922            0.647024             1.35367           0.0349923           0.0349923             1.35367
1.20698           0.0332755            0.628375             1.36463           0.0332755           0.0332755             1.36463
1.21197           0.0316339            0.610004             1.37430           0.0316339           0.0316339             1.37430
1.21696           0.0300647            0.591920             1.38267           0.0300647           0.0300647             1.38267
1.22195           0.0285651            0.574131             1.38975           0.0285651           0.0285651             1.38975
1.22693           0.0271325            0.556643             1.39556           0.0271325           0.0271325             1.39556
1.23192           0.0257644            0.539463             1.40009           0.0257644           0.0257644             1.40009
1.23691           0.0244583            0.522597             1.40336           0.0244583           0.0244583             1.40336
1.24190           0.0232117            0.506050             1.40540           0.0232117           0.0232117             1.40540
1.24688           0.0220224            0.489826             1.40620           0.0220224           0.0220224             1.40620
1.25187           0.0208881            0.473928             1.40581           0.0208881           0.0208881             1.40581
1.25686           0.0198066            0.458360             1.40423           0.0198066           0.0198066             1.40423
1.26185           0.0187757            0.443123             1.40149           0.0187757           0.0187757             1.40149
1.26683           0.0177934            0.428221             1.39762           0.0177934           0.0177934             1.39762
1.27182           0.0168578            0.413654             1.39265           0.0168578           0.0168578             1.39265
1.27681           0.0159668            0.399424             1.38660           0.0159667           0.0159667             1.38660
1.28180           0.0151185            0.385529             1.37950           0.0151185           0.0151185             1.37950
1.28678           0.0143113            0.371971             1.37140           0.0143114           0.0143114             1.37140
1.29177           0.0135434            0.358748             1.36232           0.0135434           0.0135434             1.36232
1.29676           0.0128131            0.345859             1.35230           0.0128131           0.0128131             1.35230
1.30175           0.0121187            0.333303             1.34137           0.0121187           0.0121187             1.34137
1.30673           0.0114587            0.321078             1.32957           0.0114587           0.0114587             1.32957
1.31172           0.0108316            0.309181             1.31694           0.0108316           0.0108316             1.31694
1.31671           0.0102359            0.297610             1.30351           0.0102359           0.0102359             1.30351
1.32170          0.00967024            0.286361             1.28932          0.00967024          0.00967024             1.28932
1.32668          0.00913329            0.275433             1.27442          0.00913329          0.00913329             1.27442
1.33167          0.00862372            0.264820             1.25884          0.00862373          0.00862373             1.25884
1.33666          0.00814030            0.254519             1.24263          0.00814031          0.00814031             1.24263
1.34165          0.00768182            0.244525             1.22581          0.00768181          0.00768181             1.22581
1.34663          0.00724713            0.234836             1.20843          0.00724713          0.00724713             1.20843
1.35162          0.00683512            0.225445             1.19053          0.00683512          0.00683512             1.19053
1.35661          0.00644472            0.216349             1.17215          0.00644472          0.00644472             1.17215
1.36160          0.00607492            0.207542             1.15332          0.00607493          0.00607493             1.15332
1.36658          0.00572474            0.199019             1.13409          0.00572474          0.00572474             1.13409
1.37157          0.00539324            0.190775             1.11449          0.00539323          0.00539323             1.11449
1.37656          0.00507951            0.182805             1.09456          0.00507951          0.00507951             1.09456
1.38155          0.00478269            0.175103             1.07433          0.00478269          0.00478269             1.07433
1.38653          0.00450196            0.167663             1.05385          0.00450196          0.00450196             1.05385
1.39152          0.00423653            0.160481             1.03314          0.00423653          0.00423653             1.03314
1.39651          0.00398564            0.153550             1.01224          0.00398564          0.00398564             1.01224
1.40150          0.00374855            0.146865            0.991186          0.00374855          0.00374855            0.991186
1.40648          0.00352459            0.140419            0.970008          0.00352460          0.00352460            0.970008
1.41147          0.00331309            0.134208            0.948737          0.00331309          0.00331309            0.948737
1.41646          0.00311341            0.128225            0.927405          0.00311341          0.00311341            0.927405
1.42145          0.00292496            0.122464            0.906040          0.00292496          0.00292496            0.906040
1.42643          0.00274714            0.116919            0.884671          0.00274714          0.00274714            0.884671
1.43142          0.00257942            0.111586            0.863326          0.00257942          0.00257942            0.863326
1.43641          0.00242126            0.106458            0.842031          0.00242126          0.00242126            0.842031
1.44140          0.00227217            0.101528            0.820810          0.00227217          0.00227217            0.820810
1.44638          0.00213167           0.0967929            0.799689          0.00213167          0.00213167            0.799689
1.45137          0.00199930           0.0922452            0.778690          0.00199930          0.00199930            0.778690
1.45636          0.00187463           0.0878799            0.757835          0.00187463          0.00187463            0.757835
1.46135          0.00175725           0.0836913            0.737145          0.00175725          0.00175725            0.737145
1.46633          0.00164676           0.0796741            0.716639          0.00164676          0.00164676            0.716639
1.47132          0.00154279           0.0758228            0.696337          0.00154279          0.00154279            0.696337
1.47631          0.00144498           0.0721321            0.676254          0.00144498          0.00144498            0.676254
1.48130          0.00135300           0.0685968            0.656408          0.00135300          0.00135300            0.656408
1.48628          0.00126652           0.0652117            0.636814          0.00126652          0.00126652            0.636814
1.49127          0.00118524           0.0619718            0.617485          0.00118524          0.00118524            0.617485
1.49626          0.00110886           0.0588721            0.598436          0.00110886          0.00110886            0.598436
1.50125          0.00103712           0.0559078            0.579677          0.00103712          0.00103712            0.579677
1.50623         0.000969755           0.0530741            0.561221         0.000969755         0.000969755            0.561221
1.51122         0.000906511           0.0503663            0.543077         0.000906510         0.000906510            0.543077
1.51621         0.000847156           0.0477798            0.525253         0.000847155         0.000847155            0.525253
1.52120         0.000791467           0.0453103            0.507759         0.000791466         0.000791466            0.507759
1.52618         0.000739232           0.0429533            0.490602         0.000739232         0.000739232            0.490602
1.53117         0.000690253           0.0407047            0.473787         0.000690249         0.000690249            0.473787
1.53616         0.000644339           0.0385602            0.457320         0.000644338         0.000644338            0.457320
1.54115         0.000601310           0.0365159            0.441206         0.000601312         0.000601312            0.441206
1.54613         0.000560999           0.0345678            0.425449         0.000560997         0.000560997            0.425449
1.55112         0.000523243           0.0327122            0.410051         0.000523245         0.000523245            0.410051
1.55611         0.000487891           0.0309452            0.395015         0.000487892         0.000487892            0.395015
1.56110         0.000454800           0.0292635            0.380343         0.000454800         0.000454800            0.380343
1.56608         0.000423835           0.0276633            0.366035         0.000423836         0.000423836            0.366035
1.57107         0.000394866           0.0261415            0.352092         0.000394867         0.000394867            0.352092
1.57606         0.000367773           0.0246946            0.338513         0.000367772         0.000367772            0.338513
1.58105         0.000342442           0.0233195            0.325297         0.000342441         0.000342441            0.325297
1.58603         0.000318765           0.0220132            0.312444         0.000318765         0.000318765            0.312444
1.59102         0.000296640           0.0207727            0.299950         0.000296641         0.000296641            0.299950
1.59601         0.000275972           0.0195950            0.287814         0.000275973         0.000275973            0.287814
1.60100         0.000256671           0.0184775            0.276033         0.000256671         0.000256671            0.276033
1.60599         0.000238650           0.0174175            0.264603         0.000238649         0.000238649            0.264603
1.61097         0.000221831           0.0164124            0.253520         0.000221831         0.000221831            0.253520
1.61596         0.000206137           0.0154596            0.242781         0.000206137         0.000206137            0.242781
1.62095         0.000191498           0.0145568            0.232380         0.000191498         0.000191498            0.232380
1.62594         0.000177846           0.0137018            0.222314         0.000177845         0.000177845            0.222314
1.63092         0.000165118           0.0128921            0.212576         0.000165118         0.000165118            0.212576
1.63591         0.000153256           0.0121259            0.203163         0.000153255         0.000153255            0.203163
1.64090         0.000142203           0.0114009            0.194067         0.000142203         0.000142203            0.194067
1.64589         0.000131908           0.0107152            0.185284         0.000131908         0.000131908            0.185284
1.65087         0.000122320           0.0100669            0.176807         0.000122321         0.000122321            0.176807
1.65586         0.000113395          0.00945421            0.168630         0.000113394         0.000113394            0.168630
1.66085         0.000105088          0.00887536            0.160748         0.000105089         0.000105089            0.160748
1.66584         9.73599E-05          0.00832869            0.153153         9.73605E-05         9.73605E-05            0.153153
1.67082         9.01712E-05          0.00781260            0.145839         9.01717E-05         9.01717E-05            0.145839
1.67581         8.34865E-05          0.00732555            0.138799         8.34860E-05         8.34860E-05            0.138799
1.68080         7.72723E-05          0.00686607            0.132027         7.72720E-05         7.72720E-05            0.132027
1.68579         7.14971E-05          0.00643275            0.125517         7.14966E-05         7.14966E-05            0.125517
1.69077         6.61315E-05          0.00602426            0.119260         6.61310E-05         6.61310E-05            0.119260
1.69576         6.11477E-05          0.00563931            0.113252         6.11482E-05         6.11482E-05            0.113252
1.70075         5.65201E-05          0.00527667            0.107484         5.65203E-05         5.65203E-05            0.107484
1.70574         5.22242E-05          0.00493518            0.101950         5.22239E-05         5.22239E-05            0.101950
1.71072         4.82376E-05          0.00461371           0.0966436         4.82374E-05         4.82374E-05           0.0966436
1.71571         4.45390E-05          0.00431120           0.0915579         4.45392E-05         4.45392E-05           0.0915579
1.72070         4.11085E-05          0.00402663           0.0866863         4.11093E-05         4.11093E-05           0.0866863
1.72569         3.79277E-05          0.00375904           0.0820220         3.79277E-05         3.79277E-05           0.0820220
1.73067         3.49792E-05          0.00350751           0.0775587         3.49795E-05         3.49795E-05           0.0775587
1.73566         3.22469E-05          0.00327115           0.0732899         3.22467E-05         3.22467E-05           0.0732899
1.74065         2.97156E-05          0.00304912           0.0692093         2.97158E-05         2.97158E-05           0.0692092
1.74564         2.73712E-05          0.00284065           0.0653104         2.73713E-05         2.73713E-05           0.0653104
1.75062         2.52006E-05          0.00264496           0.0615873         2.52007E-05         2.52007E-05           0.0615873
1.75561         2.31914E-05          0.00246135           0.0580337         2.31911E-05         2.31911E-05           0.0580337
1.76060         2.13322E-05          0.00228913           0.0546438         2.13320E-05         2.13320E-05           0.0546438
1.76559         1.96123E-05          0.00212765           0.0514117         1.96118E-05         1.96118E-05           0.0514117
1.77057         1.80218E-05          0.00197630           0.0483317         1.80221E-05         1.80221E-05           0.0483317
1.77556         1.65512E-05          0.00183450           0.0453982         1.65510E-05         1.65510E-05           0.0453982
1.78055         1.51921E-05          0.00170169           0.0426057         1.51921E-05         1.51921E-05           0.0426057
1.78554         1.39363E-05          0.00157736           0.0399489         1.39361E-05         1.39361E-05           0.0399489
1.79052         1.27764E-05          0.00146100           0.0374226         1.27768E-05         1.27768E-05           0.0374226
1.79551         1.17053E-05          0.00135215           0.0350217         1.17053E-05         1.17053E-05           0.0350217
1.80050         1.07165E-05          0.00125036           0.0327412         1.07167E-05         1.07167E-05           0.0327412
1.80549         9.80410E-06          0.00115522           0.0305763         9.80427E-06         9.80427E-06           0.0305763
1.81047         8.96236E-06          0.00106632           0.0285225         8.96231E-06         8.96231E-06           0.0285225
1.81546         8.18608E-06         0.000983298           0.0265751         8.18580E-06         8.18580E-06           0.0265751
1.82045         7.47042E-06         0.000905789           0.0247298         7.47036E-06         7.47036E-06           0.0247297
1.82544         6.81088E-06         0.000833464           0.0229823         6.81101E-06         6.81101E-06           0.0229823
1.83042         6.20327E-06         0.000766006           0.0213285         6.20313E-06         6.20313E-06           0.0213285
1.83541         5.64370E-06         0.000703118           0.0197644         5.64350E-06         5.64350E-06           0.0197644
1.84040         5.12859E-06         0.000644519           0.0182863         5.12875E-06         5.12875E-06           0.0182863
1.84539         4.65457E-06         0.000589946           0.0168903         4.65443E-06         4.65443E-06           0.0168903
1.85037         4.21857E-06         0.000539150           0.0155730         4.21864E-06         4.21864E-06           0.0155730
1.85536         3.81770E-06         0.000491896           0.0143309         3.81784E-06         3.81784E-06           0.0143309
1.86035         3.44932E-06         0.000447965           0.0131607         3.44931E-06         3.44931E-06           0.0131607
1.86534         3.11096E-06         0.000407150           0.0120592         3.11097E-06         3.11097E-06           0.0120592
1.87032         2.80034E-06         0.000369257           0.0110235         2.80025E-06         2.80025E-06           0.0110235
1.87531         2.51536E-06         0.000334103           0.0100505         2.51532E-06         2.51532E-06           0.0100505
1.88030         2.25407E-06         0.000301518          0.00913745         2.25394E-06         2.25394E-06          0.00913746
1.88529         2.01468E-06         0.000271342          0.00828177         2.01471E-06         2.01471E-06          0.00828176
1.89027         1.79552E-06         0.000243426          0.00748086         1.79548E-06         1.79548E-06          0.00748086
1.89526         1.59507E-06         0.000217628          0.00673231         1.59505E-06         1.59505E-06          0.00673231
1.90025         1.41192E-06         0.000193819          0.00603380         1.41199E-06         1.41199E-06          0.00603381
1.90524         1.24477E-06         0.000171876          0.00538316         1.24468E-06         1.24468E-06          0.00538316
1.91022         1.09242E-06         0.000151686          0.00477829         1.09236E-06         1.09236E-06          0.00477829
1.91521         9.53786E-07         0.000133143          0.00421724         9.53831E-07         9.53831E-07          0.00421723
1.92020         8.27855E-07         0.000116150          0.00369816         8.27897E-07         8.27897E-07          0.00369816
1.92519         7.13712E-07         0.000100616          0.00321930         7.13747E-07         7.13747E-07          0.00321930
1.93017         6.10517E-07         8.64561E-05          0.00277902         6.10619E-07         6.10619E-07          0.00277902
1.93516         5.17504E-07         7.35941E-05          0.00237580         5.17596E-07         5.17596E-07          0.00237581
1.94015         4.33980E-07         6.19590E-05          0.00200822         4.33931E-07         4.33931E-07          0.00200822
1.94514         3.59317E-07         5.14860E-05          0.00167495         3.59335E-07         3.59335E-07          0.00167494
1.95012         2.92949E-07         4.21162E-05          0.00137478         2.92958E-07         2.92958E-07          0.00137478
1.95511         2.34369E-07         3.37965E-05          0.00110660         2.34354E-07         2.34354E-07          0.00110660
1.96010         1.83126E-07         2.64791E-05         0.000869403         1.83127E-07         1.83127E-07         0.000869403
1.96509         1.38823E-07         2.01216E-05         0.000662277         1.38798E-07         1.38798E-07         0.000662276
1.97007         1.01115E-07         1.46867E-05         0.000484421         1.01121E-07         1.01121E-07         0.000484423
1.97506         6.97039E-08         1.01423E-05         0.000335133         6.97021E-08         6.97021E-08         0.000335133
1.98005         4.43411E-08         6.46128E-06         0.000213815         4.43437E-08         4.43437E-08         0.000213815
1.98504         2.48240E-08         3.62140E-06         0.000119976         2.48279E-08         2.48279E-08         0.000119977
1.99002         1.09954E-08         1.60535E-06         5.32285E-05         1.09971E-08         1.09971E-08         5.32279E-05
1.99501         2.74321E-09         4.00710E-07         1.32929E-05         2.73908E-09         2.73908E-09         1.32926E-05
