#Rho             Ground(Ar)             1st(Ar)             2nd(Ar)          Ground(Ja)             1st(Ja)             2nd(Ja)
0.0248756          0.00139595          0.00209288          0.00261529          0.00139595          0.00209288          0.00209288
0.0497512          0.00557343          0.00833529           0.0103901          0.00557343          0.00833528          0.00833528
0.0746269           0.0125015           0.0186192           0.0231132           0.0125015           0.0186192           0.0186192
0.0995025           0.0221288           0.0327669           0.0404390           0.0221288           0.0327669           0.0327669
0.124378           0.0343841           0.0505340           0.0618971           0.0343841           0.0505340           0.0505340
0.149254           0.0491772           0.0716137           0.0869056           0.0491772           0.0716137           0.0716137
0.174129           0.0663993           0.0956429            0.114787           0.0663993           0.0956429           0.0956429
0.199005           0.0859242            0.122208            0.144785           0.0859242            0.122208            0.122208
0.223881            0.107610            0.150853            0.176090            0.107610            0.150853            0.150853
0.248756            0.131298            0.181087            0.207856            0.131298            0.181087            0.181087
0.273632            0.156819            0.212394            0.239228            0.156819            0.212394            0.212394
0.298507            0.183990            0.244239            0.269361            0.183990            0.244239            0.244239
0.323383            0.212617            0.276084            0.297447            0.212617            0.276084            0.276084
0.348259            0.242500            0.307388            0.322735            0.242500            0.307388            0.307388
0.373134            0.273428            0.337625            0.344552            0.273428            0.337625            0.337625
0.398010            0.305188            0.366289            0.362318            0.305188            0.366289            0.366289
0.422886            0.337563            0.392903            0.375566            0.337563            0.392903            0.392903
0.447761            0.370335            0.417026            0.383951            0.370335            0.417026            0.417026
0.472637            0.403285            0.438263            0.387258            0.403285            0.438263            0.438263
0.497512            0.436196            0.456270            0.385411            0.436196            0.456270            0.456270
0.522388            0.468856            0.470759            0.378470            0.468856            0.470759            0.470759
0.547264            0.501059            0.481504            0.366631            0.501059            0.481504            0.481504
0.572139            0.532603            0.488341            0.350220            0.532603            0.488341            0.488341
0.597015            0.563296            0.491174            0.329682            0.563296            0.491174            0.491174
0.621891            0.592958            0.489974            0.305570            0.592958            0.489974            0.489974
0.646766            0.621416            0.484778            0.278529            0.621416            0.484778            0.484778
0.671642            0.648511            0.475692            0.249279            0.648511            0.475692            0.475692
0.696517            0.674097            0.462881            0.218594            0.674097            0.462881            0.462881
0.721393            0.698042            0.446572            0.187282            0.698042            0.446572            0.446572
0.746269            0.720227            0.427047            0.156163            0.720227            0.427047            0.427047
0.771144            0.740550            0.404638            0.126050            0.740550            0.404638            0.404638
0.796020            0.758922            0.379719           0.0977259            0.758922            0.379719            0.379719
0.820896            0.775272            0.352703           0.0719217            0.775272            0.352703            0.352703
0.845771            0.789542            0.324033           0.0493016            0.789542            0.324033            0.324033
0.870647            0.801691            0.294171           0.0304448            0.801691            0.294171            0.294171
0.895522            0.811694            0.263598           0.0158315            0.811694            0.263598            0.263598
0.920398            0.819538            0.232798          0.00583217            0.819538            0.232798            0.232798
0.945274            0.825228            0.202256         0.000698766            0.825228            0.202256            0.202256
0.970149            0.828781            0.172446         0.000560057            0.828781            0.172446            0.172446
0.995025            0.830226            0.143828          0.00541961            0.830226            0.143828            0.143828
1.01990            0.829607            0.116840           0.0151572            0.829607            0.116840            0.116840
1.04478            0.826979           0.0918869           0.0295333            0.826979           0.0918869           0.0918869
1.06965            0.822405           0.0693431           0.0481965            0.822405           0.0693431           0.0693431
1.09453            0.815962           0.0495415           0.0706937            0.815963           0.0495415           0.0495415
1.11940            0.807734           0.0327713           0.0964826            0.807734           0.0327713           0.0327713
1.14428            0.797810           0.0192750            0.124946            0.797810           0.0192750           0.0192750
1.16915            0.786290          0.00924505            0.155408            0.786290          0.00924505          0.00924505
1.19403            0.773277          0.00282312            0.187152            0.773277          0.00282311          0.00282311
1.21891            0.758880         9.86360E-05            0.219436            0.758880         9.86358E-05         9.86358E-05
1.24378            0.743210          0.00110914            0.251514            0.743210          0.00110914          0.00110914
1.26866            0.726382          0.00584104            0.282653            0.726382          0.00584104          0.00584104
1.29353            0.708512           0.0142312            0.312148            0.708512           0.0142313           0.0142313
1.31841            0.689716           0.0261694            0.339340            0.689716           0.0261694           0.0261694
1.34328            0.670111           0.0415010            0.363631            0.670111           0.0415010           0.0415010
1.36816            0.649812           0.0600306            0.384496            0.649812           0.0600306           0.0600306
1.39303            0.628932           0.0815260            0.401492            0.628932           0.0815260           0.0815260
1.41791            0.607583            0.105723            0.414272            0.607583            0.105723            0.105723
1.44279            0.585871            0.132328            0.422586            0.585871            0.132328            0.132328
1.46766            0.563902            0.161026            0.426286            0.563902            0.161026            0.161026
1.49254            0.541773            0.191484            0.425329            0.541773            0.191484            0.191484
1.51741            0.519580            0.223356            0.419774            0.519580            0.223356            0.223356
1.54229            0.497413            0.256288            0.409781            0.497413            0.256288            0.256288
1.56716            0.475355            0.289923            0.395601            0.475355            0.289923            0.289923
1.59204            0.453484            0.323906            0.377574            0.453484            0.323906            0.323906
1.61692            0.431874            0.357887            0.356117            0.431874            0.357887            0.357887
1.64179            0.410591            0.391530            0.331711            0.410591            0.391530            0.391530
1.66667            0.389694            0.424510            0.304896            0.389694            0.424510            0.424510
1.69154            0.369239            0.456520            0.276250            0.369239            0.456520            0.456520
1.71642            0.349274            0.487276            0.246383            0.349274            0.487276            0.487276
1.74129            0.329841            0.516514            0.215920            0.329841            0.516514            0.516514
1.76617            0.310978            0.543999            0.185488            0.310978            0.543999            0.543999
1.79104            0.292714            0.569521            0.155705            0.292714            0.569521            0.569521
1.81592            0.275076            0.592898            0.127167            0.275076            0.592898            0.592898
1.84080            0.258084            0.613978            0.100435            0.258084            0.613978            0.613978
1.86567            0.241754            0.632639           0.0760286            0.241754            0.632639            0.632639
1.89055            0.226097            0.648786           0.0544142            0.226097            0.648786            0.648786
1.91542            0.211119            0.662355           0.0359984            0.211119            0.662355            0.662355
1.94030            0.196823            0.673310           0.0211225            0.196823            0.673310            0.673310
1.96517            0.183208            0.681640           0.0100579            0.183208            0.681640            0.681640
1.99005            0.170270            0.687361          0.00300296            0.170270            0.687361            0.687361
2.01493            0.158000            0.690513         8.22792E-05            0.158000            0.690513            0.690513
2.03980            0.146388            0.691157          0.00134664            0.146388            0.691157            0.691157
2.06468            0.135422            0.689374          0.00677473            0.135422            0.689374            0.689374
2.08955            0.125086            0.685265           0.0162761            0.125086            0.685265            0.685265
2.11443            0.115363            0.678943           0.0296954            0.115363            0.678943            0.678943
2.13930            0.106235            0.670538           0.0468173            0.106235            0.670538            0.670538
2.16418           0.0976817            0.660189           0.0673728           0.0976817            0.660189            0.660189
2.18905           0.0896824            0.648044           0.0910461           0.0896824            0.648044            0.648044
2.21393           0.0822151            0.634261            0.117481           0.0822151            0.634261            0.634261
2.23881           0.0752574            0.618997            0.146290           0.0752574            0.618997            0.618997
2.26368           0.0687863            0.602417            0.177061           0.0687863            0.602417            0.602417
2.28856           0.0627787            0.584685            0.209365           0.0627787            0.584685            0.584685
2.31343           0.0572115            0.565962            0.242765           0.0572115            0.565962            0.565962
2.33831           0.0520614            0.546410            0.276820           0.0520614            0.546410            0.546410
2.36318           0.0473056            0.526185            0.311099           0.0473056            0.526185            0.526185
2.38806           0.0429216            0.505439            0.345179           0.0429216            0.505439            0.505439
2.41294           0.0388873            0.484315            0.378656           0.0388873            0.484315            0.484315
2.43781           0.0351812            0.462953            0.411152           0.0351812            0.462953            0.462953
2.46269           0.0317823            0.441481            0.442314           0.0317823            0.441481            0.441481
2.48756           0.0286704            0.420021            0.471821           0.0286704            0.420021            0.420021
2.51244           0.0258260            0.398685            0.499387           0.0258260            0.398685            0.398685
2.53731           0.0232305            0.377575            0.524763           0.0232305            0.377575            0.377575
2.56219           0.0208661            0.356785            0.547737           0.0208661            0.356785            0.356785
2.58706           0.0187155            0.336397            0.568140           0.0187155            0.336397            0.336397
2.61194           0.0167628            0.316485            0.585838           0.0167628            0.316485            0.316485
2.63682           0.0149925            0.297113            0.600737           0.0149925            0.297113            0.297113
2.66169           0.0133902            0.278337            0.612783           0.0133902            0.278337            0.278337
2.68657           0.0119423            0.260202            0.621955           0.0119423            0.260202            0.260202
2.71144           0.0106360            0.242746            0.628267           0.0106360            0.242746            0.242746
2.73632          0.00945921            0.225998            0.631765          0.00945921            0.225998            0.225998
2.76119          0.00840087            0.209981            0.632523          0.00840087            0.209981            0.209981
2.78607          0.00745050            0.194708            0.630642          0.00745050            0.194708            0.194708
2.81095          0.00659843            0.180189            0.626245          0.00659843            0.180189            0.180189
2.83582          0.00583566            0.166426            0.619474          0.00583566            0.166426            0.166426
2.86070          0.00515389            0.153416            0.610488          0.00515390            0.153416            0.153416
2.88557          0.00454546            0.141150            0.599459          0.00454546            0.141150            0.141150
2.91045          0.00400331            0.129618            0.586569          0.00400330            0.129618            0.129618
2.93532          0.00352094            0.118803            0.572005          0.00352094            0.118803            0.118803
2.96020          0.00309243            0.108687            0.555961          0.00309242            0.108687            0.108687
2.98507          0.00271232           0.0992469            0.538631          0.00271232           0.0992468           0.0992468
3.00995          0.00237567           0.0904598            0.520207          0.00237567           0.0904598           0.0904598
3.03483          0.00207794           0.0822998            0.500878          0.00207794           0.0822998           0.0822998
3.05970          0.00181504           0.0747400            0.480829          0.00181504           0.0747400           0.0747400
3.08458          0.00158323           0.0677522            0.460236          0.00158323           0.0677522           0.0677522
3.10945          0.00137914           0.0613078            0.439268          0.00137914           0.0613078           0.0613078
3.13433          0.00119972           0.0553778            0.418084          0.00119972           0.0553778           0.0553778
3.15920          0.00104222           0.0499329            0.396832          0.00104221           0.0499329           0.0499329
3.18408         0.000904160           0.0449444            0.375648         0.000904161           0.0449444           0.0449444
3.20896         0.000783328           0.0403838            0.354656         0.000783328           0.0403838           0.0403838
3.23383         0.000677723           0.0362230            0.333969         0.000677723           0.0362230           0.0362230
3.25871         0.000585561           0.0324349            0.313688         0.000585560           0.0324349           0.0324349
3.28358         0.000505248           0.0289932            0.293899         0.000505247           0.0289932           0.0289932
3.30846         0.000435361           0.0258726            0.274680         0.000435361           0.0258726           0.0258726
3.33333         0.000374635           0.0230487            0.256093         0.000374634           0.0230487           0.0230487
3.35821         0.000321945           0.0204984            0.238192         0.000321945           0.0204984           0.0204984
3.38308         0.000276293           0.0181998            0.221018         0.000276293           0.0181998           0.0181998
3.40796         0.000236796           0.0161319            0.204605         0.000236796           0.0161319           0.0161319
3.43284         0.000202673           0.0142753            0.188975         0.000202673           0.0142753           0.0142753
3.45771         0.000173234           0.0126114            0.174143         0.000173234           0.0126114           0.0126114
3.48259         0.000147873           0.0111232            0.160114         0.000147873           0.0111232           0.0111232
3.50746         0.000126056          0.00979452            0.146890         0.000126056          0.00979452          0.00979452
3.53234         0.000107314          0.00861049            0.134461         0.000107314          0.00861049          0.00861049
3.55721         9.12367E-05          0.00755731            0.122818         9.12369E-05          0.00755731          0.00755731
3.58209         7.74645E-05          0.00662222            0.111941         7.74644E-05          0.00662222          0.00662222
3.60697         6.56835E-05          0.00579348            0.101811         6.56834E-05          0.00579348          0.00579348
3.63184         5.56201E-05          0.00506033           0.0924031         5.56201E-05          0.00506032          0.00506032
3.65672         4.70358E-05          0.00441288           0.0836892         4.70356E-05          0.00441288          0.00441288
3.68159         3.97235E-05          0.00384215           0.0756404         3.97234E-05          0.00384215          0.00384215
3.70647         3.35034E-05          0.00333992           0.0682256         3.35032E-05          0.00333992          0.00333992
3.73134         2.82198E-05          0.00289874           0.0614124         2.82198E-05          0.00289874          0.00289874
3.75622         2.37379E-05          0.00251187           0.0551681         2.37380E-05          0.00251187          0.00251187
3.78109         1.99413E-05          0.00217321           0.0494594         1.99413E-05          0.00217321          0.00217321
3.80597         1.67297E-05          0.00187726           0.0442532         1.67298E-05          0.00187726          0.00187726
3.83085         1.40168E-05          0.00161907           0.0395168         1.40169E-05          0.00161907          0.00161907
3.85572         1.17283E-05          0.00139421           0.0352180         1.17282E-05          0.00139421          0.00139421
3.88060         9.80037E-06          0.00119871           0.0313254         9.80034E-06          0.00119871          0.00119871
3.90547         8.17854E-06          0.00102902           0.0278089         8.17859E-06          0.00102902          0.00102902
3.93035         6.81606E-06         0.000881981           0.0246394         6.81613E-06         0.000881981         0.000881981
3.95522         5.67303E-06         0.000754778           0.0217890         5.67297E-06         0.000754778         0.000754778
3.98010         4.71542E-06         0.000644918           0.0192312         4.71541E-06         0.000644918         0.000644918
4.00498         3.91424E-06         0.000550193           0.0169412         3.91432E-06         0.000550192         0.000550192
4.02985         3.24487E-06         0.000468652           0.0148952         3.24482E-06         0.000468652         0.000468652
4.05473         2.68639E-06         0.000398575           0.0130712         2.68637E-06         0.000398575         0.000398575
4.07960         2.22105E-06         0.000338448           0.0114485         2.22104E-06         0.000338448         0.000338448
4.10448         1.83385E-06         0.000286942           0.0100080         1.83388E-06         0.000286942         0.000286942
4.12935         1.51212E-06         0.000242892          0.00873184         1.51211E-06         0.000242891         0.000242891
4.15423         1.24514E-06         0.000205279          0.00760362         1.24513E-06         0.000205279         0.000205279
4.17910         1.02390E-06         0.000173214          0.00660821         1.02390E-06         0.000173214         0.000173214
4.20398         8.40813E-07         0.000145922          0.00573176         8.40806E-07         0.000145923         0.000145923
4.22886         6.89503E-07         0.000122731          0.00496160         6.89467E-07         0.000122731         0.000122731
4.25373         5.64624E-07         0.000103054          0.00428618         5.64624E-07         0.000103054         0.000103054
4.27861         4.61700E-07         8.63859E-05          0.00369503         4.61690E-07         8.63859E-05         8.63859E-05
4.30348         3.76986E-07         7.22890E-05          0.00317865         3.76975E-07         7.22888E-05         7.22888E-05
4.32836         3.07353E-07         6.03853E-05          0.00272846         3.07357E-07         6.03854E-05         6.03854E-05
4.35323         2.50195E-07         5.03495E-05          0.00233674         2.50206E-07         5.03494E-05         5.03494E-05
4.37811         2.03341E-07         4.19017E-05          0.00199657         2.03356E-07         4.19017E-05         4.19017E-05
4.40299         1.64985E-07         3.48018E-05          0.00170173         1.64970E-07         3.48020E-05         3.48020E-05
4.42786         1.33628E-07         2.88443E-05          0.00144667         1.33631E-07         2.88443E-05         2.88443E-05
4.45274         1.08028E-07         2.38531E-05          0.00122646         1.08035E-07         2.38531E-05         2.38531E-05
4.47761         8.71562E-08         1.96781E-05          0.00103671         8.71591E-08         1.96781E-05         1.96781E-05
4.50249         7.01633E-08         1.61915E-05         0.000873522         7.01654E-08         1.61915E-05         1.61915E-05
4.52736         5.63474E-08         1.32844E-05         0.000733459         5.63534E-08         1.32844E-05         1.32844E-05
4.55224         4.51302E-08         1.08645E-05         0.000613488         4.51341E-08         1.08645E-05         1.08645E-05
4.57711         3.60359E-08         8.85350E-06         0.000510939         3.60395E-08         8.85355E-06         8.85355E-06
4.60199         2.86734E-08         7.18518E-06         0.000423473         2.86692E-08         7.18518E-06         7.18518E-06
4.62687         2.27220E-08         5.80363E-06         0.000349039         2.27244E-08         5.80364E-06         5.80364E-06
4.65174         1.79187E-08         4.66174E-06         0.000285848         1.79197E-08         4.66169E-06         4.66169E-06
4.67662         1.40488E-08         3.71988E-06         0.000232344         1.40530E-08         3.71988E-06         3.71988E-06
4.70149         1.09366E-08         2.94480E-06         0.000187175         1.09409E-08         2.94480E-06         2.94480E-06
4.72637         8.43927E-09         2.30865E-06         0.000149171         8.43967E-09         2.30864E-06         2.30864E-06
4.75124         6.44037E-09         1.78818E-06         0.000117325         6.44051E-09         1.78820E-06         1.78820E-06
4.77612         4.84561E-09         1.36404E-06         9.07701E-05         4.84414E-09         1.36404E-06         1.36404E-06
4.80100         3.57870E-09         1.02018E-06         6.87682E-05         3.58024E-09         1.02021E-06         1.02021E-06
4.82587         2.57823E-09         7.43377E-07         5.06919E-05         2.57830E-09         7.43355E-07         7.43355E-07
4.85075         1.79504E-09         5.22781E-07         3.60137E-05         1.79567E-09         5.22777E-07         5.22777E-07
4.87562         1.19009E-09         3.49606E-07         2.42951E-05         1.19186E-09         3.49606E-07         3.49606E-07
4.90050         7.32831E-10         2.16831E-07         1.51774E-05         7.33834E-10         2.16832E-07         2.16832E-07
4.92537         3.99844E-10         1.18976E-07         8.37533E-06         3.99322E-10         1.18977E-07         1.18977E-07
4.95025         1.73828E-10         5.19349E-08         3.67091E-06         1.73988E-10         5.19360E-08         5.19360E-08
4.97512         4.28779E-11         1.28423E-08         9.09966E-07         4.30793E-11         1.28444E-08         1.28444E-08
