#Rho             Ground(Ar)             1st(Ar)             2nd(Ar)          Ground(Ja)             1st(Ja)             2nd(Ja)
0.00998004         0.000224762         0.000337117         0.000421445         0.000224763         0.000337116         0.000421444
0.0199601         0.000898780          0.00134753          0.00168393         0.000898781          0.00134753          0.00168393
0.0299401          0.00202125          0.00302842          0.00378193          0.00202125          0.00302842          0.00378193
0.0399202          0.00359083          0.00537510          0.00670625          0.00359082          0.00537509          0.00670625
0.0499002          0.00560564          0.00838102           0.0104441          0.00560564          0.00838103           0.0104441
0.0598802          0.00806328           0.0120378           0.0149791          0.00806327           0.0120378           0.0149791
0.0698603           0.0109608           0.0163353           0.0202913           0.0109608           0.0163353           0.0202913
0.0798403           0.0142948           0.0212615           0.0263576           0.0142948           0.0212615           0.0263576
0.0898204           0.0180612           0.0268027           0.0331513           0.0180612           0.0268027           0.0331513
0.0998004           0.0222557           0.0329434           0.0406428           0.0222557           0.0329434           0.0406428
0.109780           0.0268731           0.0396667           0.0487992           0.0268731           0.0396667           0.0487992
0.119760           0.0319080           0.0469537           0.0575849           0.0319080           0.0469537           0.0575849
0.129741           0.0373545           0.0547842           0.0669614           0.0373545           0.0547842           0.0669614
0.139721           0.0432060           0.0631365           0.0768878           0.0432060           0.0631365           0.0768878
0.149701           0.0494557           0.0719873           0.0873206           0.0494557           0.0719873           0.0873206
0.159681           0.0560961           0.0813121           0.0982144           0.0560961           0.0813121           0.0982144
0.169661           0.0631194           0.0910851            0.109521           0.0631194           0.0910851            0.109521
0.179641           0.0705174            0.101279            0.121193           0.0705174            0.101279            0.121193
0.189621           0.0782812            0.111866            0.133177           0.0782813            0.111866            0.133177
0.199601           0.0864019            0.122816            0.145422           0.0864019            0.122816            0.145422
0.209581           0.0948699            0.134100            0.157874           0.0948699            0.134100            0.157874
0.219561            0.103675            0.145685            0.170480            0.103675            0.145685            0.170480
0.229541            0.112808            0.157541            0.183184            0.112808            0.157541            0.183184
0.239521            0.122257            0.169634            0.195931            0.122257            0.169634            0.195931
0.249501            0.132011            0.181931            0.208666            0.132011            0.181931            0.208666
0.259481            0.142060            0.194399            0.221334            0.142060            0.194399            0.221334
0.269461            0.152391            0.207002            0.233879            0.152391            0.207002            0.233879
0.279441            0.162993            0.219707            0.246247            0.162993            0.219707            0.246247
0.289421            0.173853            0.232479            0.258384            0.173853            0.232479            0.258384
0.299401            0.184960            0.245282            0.270239            0.184960            0.245282            0.270239
0.309381            0.196300            0.258082            0.281760            0.196300            0.258082            0.281760
0.319361            0.207860            0.270844            0.292896            0.207860            0.270844            0.292896
0.329341            0.219628            0.283533            0.303601            0.219628            0.283533            0.303601
0.339321            0.231589            0.296115            0.313828            0.231589            0.296115            0.313828
0.349301            0.243732            0.308555            0.323533            0.243732            0.308555            0.323533
0.359281            0.256041            0.320819            0.332675            0.256041            0.320819            0.332675
0.369261            0.268504            0.332876            0.341214            0.268504            0.332875            0.341214
0.379242            0.281106            0.344691            0.349114            0.281106            0.344691            0.349114
0.389222            0.293833            0.356234            0.356341            0.293833            0.356234            0.356341
0.399202            0.306672            0.367473            0.362865            0.306672            0.367473            0.362865
0.409182            0.319608            0.378378            0.368657            0.319608            0.378378            0.368657
0.419162            0.332628            0.388920            0.373695            0.332628            0.388920            0.373695
0.429142            0.345717            0.399072            0.377955            0.345717            0.399072            0.377955
0.439122            0.358860            0.408806            0.381421            0.358860            0.408806            0.381421
0.449102            0.372045            0.418096            0.384079            0.372045            0.418096            0.384079
0.459082            0.385256            0.426918            0.385917            0.385256            0.426918            0.385917
0.469062            0.398480            0.435250            0.386929            0.398480            0.435250            0.386929
0.479042            0.411703            0.443068            0.387111            0.411703            0.443068            0.387111
0.489022            0.424910            0.450354            0.386462            0.424910            0.450354            0.386462
0.499002            0.438089            0.457087            0.384987            0.438089            0.457087            0.384987
0.508982            0.451226            0.463252            0.382692            0.451226            0.463252            0.382692
0.518962            0.464306            0.468832            0.379587            0.464306            0.468832            0.379587
0.528942            0.477318            0.473813            0.375688            0.477318            0.473813            0.375688
0.538922            0.490247            0.478183            0.371012            0.490247            0.478183            0.371012
0.548902            0.503081            0.481932            0.365578            0.503081            0.481932            0.365578
0.558882            0.515807            0.485049            0.359412            0.515807            0.485049            0.359412
0.568862            0.528412            0.487529            0.352540            0.528412            0.487529            0.352540
0.578842            0.540884            0.489365            0.344992            0.540884            0.489365            0.344992
0.588822            0.553211            0.490554            0.336801            0.553211            0.490554            0.336801
0.598802            0.565382            0.491094            0.328003            0.565382            0.491094            0.328003
0.608782            0.577384            0.490984            0.318636            0.577384            0.490984            0.318636
0.618762            0.589207            0.490226            0.308740            0.589207            0.490226            0.308740
0.628743            0.600839            0.488823            0.298358            0.600839            0.488823            0.298358
0.638723            0.612271            0.486780            0.287534            0.612271            0.486780            0.287534
0.648703            0.623491            0.484104            0.276316            0.623491            0.484104            0.276316
0.658683            0.634490            0.480802            0.264750            0.634490            0.480803            0.264750
0.668663            0.645257            0.476886            0.252886            0.645257            0.476886            0.252886
0.678643            0.655785            0.472366            0.240776            0.655785            0.472366            0.240776
0.688623            0.666063            0.467255            0.228470            0.666063            0.467255            0.228470
0.698603            0.676084            0.461568            0.216021            0.676084            0.461568            0.216021
0.708583            0.685839            0.455321            0.203481            0.685839            0.455321            0.203481
0.718563            0.695319            0.448531            0.190904            0.695319            0.448531            0.190904
0.728543            0.704519            0.441218            0.178342            0.704519            0.441218            0.178342
0.738523            0.713430            0.433401            0.165849            0.713430            0.433401            0.165849
0.748503            0.722047            0.425102            0.153477            0.722047            0.425102            0.153477
0.758483            0.730362            0.416343            0.141279            0.730362            0.416343            0.141279
0.768463            0.738370            0.407148            0.129304            0.738370            0.407148            0.129304
0.778443            0.746065            0.397543            0.117604            0.746065            0.397543            0.117604
0.788423            0.753443            0.387551            0.106227            0.753443            0.387551            0.106227
0.798403            0.760498            0.377201           0.0952208            0.760498            0.377201           0.0952208
0.808383            0.767227            0.366520           0.0846309            0.767227            0.366520           0.0846309
0.818363            0.773625            0.355536           0.0745013            0.773625            0.355536           0.0745013
0.828343            0.779689            0.344277           0.0648741            0.779689            0.344277           0.0648741
0.838323            0.785416            0.332774           0.0557890            0.785416            0.332774           0.0557890
0.848303            0.790804            0.321056           0.0472834            0.790804            0.321056           0.0472834
0.858283            0.795849            0.309153           0.0393926            0.795849            0.309153           0.0393926
0.868263            0.800551            0.297098           0.0321488            0.800551            0.297098           0.0321488
0.878244            0.804907            0.284920           0.0255817            0.804907            0.284920           0.0255817
0.888224            0.808916            0.272651           0.0197184            0.808917            0.272651           0.0197184
0.898204            0.812579            0.260322           0.0145826            0.812579            0.260322           0.0145826
0.908184            0.815894            0.247965           0.0101954            0.815894            0.247965           0.0101954
0.918164            0.818862            0.235611          0.00657459            0.818862            0.235611          0.00657459
0.928144            0.821482            0.223291          0.00373484            0.821482            0.223291          0.00373484
0.938124            0.823756            0.211036          0.00168765            0.823756            0.211036          0.00168766
0.948104            0.825685            0.198878         0.000441312            0.825685            0.198878         0.000441311
0.958084            0.827271            0.186846         8.32894E-07            0.827271            0.186846         8.32920E-07
0.968064            0.828514            0.174970         0.000367990            0.828514            0.174970         0.000367990
0.978044            0.829418            0.163280          0.00154131            0.829418            0.163280          0.00154131
0.988024            0.829985            0.151804          0.00351611            0.829985            0.151804          0.00351610
0.998004            0.830217            0.140571          0.00628449            0.830217            0.140571          0.00628449
1.00798            0.830117            0.129608          0.00983544            0.830117            0.129608          0.00983544
1.01796            0.829690            0.118943           0.0141549            0.829690            0.118943           0.0141549
1.02794            0.828938            0.108600           0.0192256            0.828938            0.108600           0.0192256
1.03792            0.827866           0.0986049           0.0250277            0.827866           0.0986049           0.0250277
1.04790            0.826478           0.0889818           0.0315383            0.826478           0.0889818           0.0315383
1.05788            0.824778           0.0797536           0.0387317            0.824778           0.0797536           0.0387317
1.06786            0.822771           0.0709423           0.0465798            0.822771           0.0709423           0.0465798
1.07784            0.820462           0.0625688           0.0550519            0.820462           0.0625688           0.0550519
1.08782            0.817857           0.0546531           0.0641150            0.817857           0.0546531           0.0641151
1.09780            0.814960           0.0472135           0.0737339            0.814960           0.0472135           0.0737339
1.10778            0.811777           0.0402677           0.0838713            0.811777           0.0402677           0.0838713
1.11776            0.808315           0.0338318           0.0944880            0.808315           0.0338318           0.0944880
1.12774            0.804579           0.0279207            0.105543            0.804579           0.0279207            0.105543
1.13772            0.800575           0.0225481            0.116994            0.800575           0.0225481            0.116994
1.14770            0.796310           0.0177264            0.128798            0.796310           0.0177264            0.128798
1.15768            0.791790           0.0134665            0.140908            0.791790           0.0134665            0.140908
1.16766            0.787022          0.00977811            0.153280            0.787022          0.00977811            0.153280
1.17764            0.782012          0.00666968            0.165866            0.782012          0.00666969            0.165866
1.18762            0.776768          0.00414816            0.178619            0.776768          0.00414816            0.178619
1.19760            0.771297          0.00221921            0.191491            0.771297          0.00221920            0.191491
1.20758            0.765605         0.000887121            0.204433            0.765605         0.000887123            0.204433
1.21756            0.759700         0.000154860            0.217398            0.759700         0.000154859            0.217398
1.22754            0.753589         2.40383E-05            0.230336            0.753589         2.40382E-05            0.230336
1.23752            0.747280         0.000494945            0.243201            0.747280         0.000494945            0.243201
1.24750            0.740779          0.00156655            0.255945            0.740779          0.00156655            0.255945
1.25749            0.734095          0.00323654            0.268520            0.734095          0.00323654            0.268520
1.26747            0.727235          0.00550130            0.280882            0.727235          0.00550131            0.280882
1.27745            0.720205          0.00835599            0.292985            0.720205          0.00835599            0.292985
1.28743            0.713015           0.0117945            0.304785            0.713015           0.0117945            0.304785
1.29741            0.705671           0.0158096            0.316241            0.705671           0.0158096            0.316241
1.30739            0.698181           0.0203928            0.327310            0.698181           0.0203928            0.327310
1.31737            0.690553           0.0255345            0.337954            0.690553           0.0255345            0.337954
1.32735            0.682793           0.0312240            0.348134            0.682793           0.0312240            0.348134
1.33733            0.674910           0.0374497            0.357816            0.674910           0.0374497            0.357816
1.34731            0.666910           0.0441986            0.366966            0.666910           0.0441986            0.366966
1.35729            0.658802           0.0514570            0.375552            0.658802           0.0514570            0.375552
1.36727            0.650592           0.0592103            0.383544            0.650592           0.0592104            0.383544
1.37725            0.642289           0.0674429            0.390916            0.642289           0.0674429            0.390916
1.38723            0.633898           0.0761383            0.397643            0.633898           0.0761383            0.397643
1.39721            0.625428           0.0852793            0.403702            0.625428           0.0852793            0.403702
1.40719            0.616885           0.0948479            0.409075            0.616885           0.0948479            0.409075
1.41717            0.608276            0.104825            0.413743            0.608276            0.104825            0.413743
1.42715            0.599608            0.115193            0.417693            0.599608            0.115193            0.417693
1.43713            0.590889            0.125929            0.420913            0.590889            0.125929            0.420913
1.44711            0.582124            0.137015            0.423394            0.582124            0.137015            0.423394
1.45709            0.573320            0.148430            0.425129            0.573320            0.148430            0.425129
1.46707            0.564484            0.160151            0.426114            0.564484            0.160151            0.426114
1.47705            0.555623            0.172157            0.426349            0.555623            0.172156            0.426349
1.48703            0.546741            0.184425            0.425836            0.546741            0.184425            0.425836
1.49701            0.537846            0.196935            0.424578            0.537846            0.196935            0.424578
1.50699            0.528943            0.209662            0.422582            0.528943            0.209662            0.422582
1.51697            0.520038            0.222583            0.419859            0.520038            0.222584            0.419859
1.52695            0.511137            0.235677            0.416419            0.511137            0.235677            0.416419
1.53693            0.502245            0.248920            0.412278            0.502245            0.248920            0.412278
1.54691            0.493368            0.262289            0.407452            0.493368            0.262289            0.407452
1.55689            0.484512            0.275760            0.401960            0.484512            0.275760            0.401960
1.56687            0.475680            0.289312            0.395823            0.475680            0.289312            0.395823
1.57685            0.466878            0.302920            0.389066            0.466878            0.302920            0.389066
1.58683            0.458111            0.316562            0.381713            0.458111            0.316562            0.381713
1.59681            0.449384            0.330217            0.373792            0.449384            0.330216            0.373792
1.60679            0.440701            0.343860            0.365331            0.440701            0.343860            0.365331
1.61677            0.432066            0.357472            0.356362            0.432066            0.357472            0.356362
1.62675            0.423484            0.371029            0.346917            0.423484            0.371029            0.346917
1.63673            0.414958            0.384511            0.337029            0.414958            0.384511            0.337029
1.64671            0.406493            0.397897            0.326735            0.406493            0.397897            0.326735
1.65669            0.398092            0.411166            0.316069            0.398092            0.411166            0.316069
1.66667            0.389758            0.424299            0.305069            0.389758            0.424299            0.305069
1.67665            0.381496            0.437275            0.293773            0.381496            0.437275            0.293773
1.68663            0.373308            0.450077            0.282221            0.373308            0.450077            0.282221
1.69661            0.365197            0.462686            0.270451            0.365197            0.462686            0.270451
1.70659            0.357167            0.475085            0.258504            0.357167            0.475085            0.258504
1.71657            0.349220            0.487255            0.246420            0.349220            0.487255            0.246420
1.72655            0.341358            0.499181            0.234240            0.341358            0.499181            0.234240
1.73653            0.333585            0.510847            0.222004            0.333585            0.510847            0.222004
1.74651            0.325902            0.522237            0.209753            0.325902            0.522237            0.209753
1.75649            0.318312            0.533338            0.197528            0.318312            0.533338            0.197528
1.76647            0.310817            0.544135            0.185367            0.310817            0.544135            0.185367
1.77645            0.303418            0.554616            0.173311            0.303418            0.554616            0.173311
1.78643            0.296118            0.564768            0.161400            0.296118            0.564768            0.161400
1.79641            0.288918            0.574580            0.149670            0.288918            0.574580            0.149670
1.80639            0.281820            0.584041            0.138160            0.281820            0.584041            0.138160
1.81637            0.274824            0.593142            0.126907            0.274824            0.593142            0.126907
1.82635            0.267932            0.601872            0.115945            0.267932            0.601872            0.115945
1.83633            0.261146            0.610223            0.105309            0.261146            0.610223            0.105309
1.84631            0.254466            0.618188           0.0950333            0.254466            0.618188           0.0950333
1.85629            0.247892            0.625759           0.0851486            0.247892            0.625759           0.0851486
1.86627            0.241427            0.632932           0.0756858            0.241427            0.632931           0.0756858
1.87625            0.235070            0.639699           0.0666738            0.235070            0.639699           0.0666738
1.88623            0.228822            0.646056           0.0581401            0.228822            0.646056           0.0581401
1.89621            0.222683            0.652000           0.0501104            0.222682            0.652000           0.0501104
1.90619            0.216653            0.657527           0.0426090            0.216653            0.657526           0.0426090
1.91617            0.210733            0.662634           0.0356583            0.210733            0.662634           0.0356583
1.92615            0.204923            0.667320           0.0292789            0.204923            0.667320           0.0292789
1.93613            0.199223            0.671584           0.0234896            0.199223            0.671584           0.0234896
1.94611            0.193633            0.675426           0.0183075            0.193633            0.675426           0.0183075
1.95609            0.188152            0.678845           0.0137475            0.188152            0.678845           0.0137475
1.96607            0.182780            0.681842          0.00982288            0.182780            0.681842          0.00982288
1.97605            0.177517            0.684419          0.00654495            0.177517            0.684419          0.00654494
1.98603            0.172362            0.686579          0.00392303            0.172362            0.686579          0.00392302
1.99601            0.167316            0.688323          0.00196455            0.167316            0.688323          0.00196455
2.00599            0.162376            0.689656         0.000675037            0.162376            0.689656         0.000675038
2.01597            0.157544            0.690581         5.80896E-05            0.157544            0.690581         5.80896E-05
2.02595            0.152817            0.691102         0.000115422            0.152817            0.691102         0.000115421
2.03593            0.148195            0.691225         0.000846877            0.148195            0.691225         0.000846876
2.04591            0.143678            0.690955          0.00225046            0.143678            0.690955          0.00225046
2.05589            0.139264            0.690297          0.00432236            0.139264            0.690297          0.00432235
2.06587            0.134952            0.689259          0.00705700            0.134952            0.689259          0.00705700
2.07585            0.130741            0.687847           0.0104471            0.130741            0.687847           0.0104471
2.08583            0.126631            0.686068           0.0144836            0.126631            0.686068           0.0144836
2.09581            0.122620            0.683930           0.0191559            0.122620            0.683930           0.0191559
2.10579            0.118707            0.681440           0.0244519            0.118707            0.681440           0.0244519
2.11577            0.114891            0.678608           0.0303578            0.114891            0.678608           0.0303578
2.12575            0.111171            0.675441           0.0368584            0.111171            0.675441           0.0368584
2.13573            0.107544            0.671948           0.0439372            0.107544            0.671948           0.0439372
2.14571            0.104011            0.668139           0.0515764            0.104011            0.668139           0.0515764
2.15569            0.100570            0.664023           0.0597568            0.100570            0.664023           0.0597568
2.16567           0.0972185            0.659609           0.0684580           0.0972185            0.659609           0.0684580
2.17565           0.0939562            0.654908           0.0776588           0.0939563            0.654908           0.0776588
2.18563           0.0907816            0.649929           0.0873367           0.0907816            0.649929           0.0873367
2.19561           0.0876930            0.644682           0.0974684           0.0876931            0.644682           0.0974684
2.20559           0.0846892            0.639178            0.108030           0.0846892            0.639178            0.108030
2.21557           0.0817686            0.633427            0.118995           0.0817687            0.633427            0.118995
2.22555           0.0789299            0.627439            0.130340           0.0789298            0.627439            0.130340
2.23553           0.0761714            0.621225            0.142037           0.0761714            0.621225            0.142037
2.24551           0.0734918            0.614795            0.154059           0.0734917            0.614795            0.154059
2.25549           0.0708895            0.608160            0.166380           0.0708895            0.608160            0.166380
2.26547           0.0683630            0.601331            0.178972           0.0683630            0.601331            0.178972
2.27545           0.0659109            0.594318            0.191806           0.0659109            0.594318            0.191806
2.28543           0.0635317            0.587132            0.204855           0.0635317            0.587132            0.204855
2.29541           0.0612238            0.579783            0.218089           0.0612238            0.579783            0.218089
2.30539           0.0589858            0.572281            0.231482           0.0589858            0.572281            0.231482
2.31537           0.0568161            0.564638            0.245003           0.0568161            0.564638            0.245003
2.32535           0.0547133            0.556863            0.258626           0.0547133            0.556863            0.258626
2.33533           0.0526759            0.548966            0.272321           0.0526759            0.548966            0.272321
2.34531           0.0507024            0.540958            0.286062           0.0507024            0.540958            0.286062
2.35529           0.0487914            0.532849            0.299819           0.0487914            0.532849            0.299819
2.36527           0.0469413            0.524647            0.313567           0.0469413            0.524647            0.313567
2.37525           0.0451508            0.516364            0.327277           0.0451508            0.516364            0.327277
2.38523           0.0434184            0.508008            0.340925           0.0434184            0.508008            0.340925
2.39521           0.0417427            0.499588            0.354483           0.0417428            0.499588            0.354483
2.40519           0.0401223            0.491115            0.367927           0.0401223            0.491115            0.367927
2.41517           0.0385558            0.482596            0.381232           0.0385558            0.482596            0.381232
2.42515           0.0370418            0.474040            0.394374           0.0370418            0.474040            0.394374
2.43513           0.0355790            0.465456            0.407330           0.0355790            0.465456            0.407330
2.44511           0.0341660            0.456852            0.420078           0.0341659            0.456852            0.420078
2.45509           0.0328014            0.448237            0.432595           0.0328014            0.448237            0.432595
2.46507           0.0314841            0.439617            0.444862           0.0314841            0.439617            0.444862
2.47505           0.0302126            0.431001            0.456858           0.0302126            0.431001            0.456858
2.48503           0.0289858            0.422397            0.468564           0.0289858            0.422397            0.468564
2.49501           0.0278024            0.413810            0.479963           0.0278023            0.413810            0.479963
2.50499           0.0266611            0.405248            0.491036           0.0266611            0.405248            0.491036
2.51497           0.0255607            0.396718            0.501769           0.0255607            0.396718            0.501769
2.52495           0.0245001            0.388225            0.512145           0.0245001            0.388225            0.512145
2.53493           0.0234782            0.379777            0.522151           0.0234782            0.379777            0.522151
2.54491           0.0224936            0.371379            0.531774           0.0224936            0.371379            0.531774
2.55489           0.0215454            0.363037            0.541001           0.0215454            0.363037            0.541001
2.56487           0.0206324            0.354755            0.549822           0.0206325            0.354755            0.549822
2.57485           0.0197536            0.346540            0.558225           0.0197536            0.346540            0.558225
2.58483           0.0189079            0.338395            0.566203           0.0189079            0.338395            0.566203
2.59481           0.0180942            0.330327            0.573748           0.0180942            0.330327            0.573748
2.60479           0.0173116            0.322338            0.580851           0.0173116            0.322338            0.580851
2.61477           0.0165591            0.314433            0.587508           0.0165591            0.314433            0.587508
2.62475           0.0158357            0.306617            0.593712           0.0158356            0.306617            0.593712
2.63473           0.0151404            0.298892            0.599461           0.0151404            0.298892            0.599461
2.64471           0.0144723            0.291262            0.604750           0.0144723            0.291262            0.604750
2.65469           0.0138306            0.283731            0.609578           0.0138306            0.283731            0.609578
2.66467           0.0132143            0.276301            0.613944           0.0132143            0.276301            0.613944
2.67465           0.0126226            0.268975            0.617847           0.0126226            0.268975            0.617847
2.68463           0.0120547            0.261756            0.621287           0.0120547            0.261756            0.621287
2.69461           0.0115097            0.254645            0.624266           0.0115097            0.254645            0.624266
2.70459           0.0109868            0.247645            0.626787           0.0109868            0.247645            0.626787
2.71457           0.0104854            0.240759            0.628851           0.0104854            0.240759            0.628851
2.72455           0.0100045            0.233987            0.630464           0.0100045            0.233987            0.630464
2.73453          0.00954356            0.227331            0.631628          0.00954356            0.227331            0.631628
2.74451          0.00910180            0.220792            0.632351          0.00910179            0.220792            0.632351
2.75449          0.00867852            0.214372            0.632637          0.00867852            0.214372            0.632637
2.76447          0.00827306            0.208071            0.632492          0.00827306            0.208071            0.632492
2.77445          0.00788477            0.201890            0.631925          0.00788477            0.201890            0.631925
2.78443          0.00751302            0.195830            0.630943          0.00751302            0.195830            0.630943
2.79441          0.00715718            0.189892            0.629554          0.00715718            0.189892            0.629554
2.80439          0.00681666            0.184075            0.627767          0.00681666            0.184075            0.627767
2.81437          0.00649089            0.178380            0.625590          0.00649088            0.178380            0.625590
2.82435          0.00617929            0.172806            0.623035          0.00617929            0.172806            0.623035
2.83433          0.00588134            0.167354            0.620110          0.00588134            0.167354            0.620110
2.84431          0.00559650            0.162024            0.616827          0.00559650            0.162024            0.616827
2.85429          0.00532427            0.156814            0.613196          0.00532427            0.156814            0.613196
2.86427          0.00506414            0.151724            0.609228          0.00506414            0.151724            0.609228
2.87425          0.00481565            0.146755            0.604936          0.00481565            0.146755            0.604935
2.88423          0.00457832            0.141904            0.600329          0.00457833            0.141904            0.600329
2.89421          0.00435173            0.137172            0.595421          0.00435173            0.137172            0.595421
2.90419          0.00413542            0.132556            0.590223          0.00413542            0.132556            0.590223
2.91417          0.00392899            0.128057            0.584747          0.00392899            0.128057            0.584747
2.92415          0.00373204            0.123673            0.579007          0.00373203            0.123673            0.579007
2.93413          0.00354417            0.119403            0.573013          0.00354416            0.119403            0.573013
2.94411          0.00336500            0.115246            0.566780          0.00336500            0.115246            0.566780
2.95409          0.00319419            0.111200            0.560318          0.00319419            0.111200            0.560318
2.96407          0.00303137            0.107263            0.553642          0.00303137            0.107263            0.553642
2.97405          0.00287622            0.103435            0.546763          0.00287621            0.103435            0.546763
2.98403          0.00272840           0.0997143            0.539693          0.00272840           0.0997144            0.539693
2.99401          0.00258760           0.0960986            0.532446          0.00258760           0.0960986            0.532446
3.00399          0.00245353           0.0925866            0.525033          0.00245353           0.0925865            0.525033
3.01397          0.00232589           0.0891765            0.517468          0.00232589           0.0891765            0.517468
3.02395          0.00220440           0.0858668            0.509761          0.00220440           0.0858668            0.509761
3.03393          0.00208879           0.0826556            0.501925          0.00208879           0.0826556            0.501925
3.04391          0.00197881           0.0795412            0.493971          0.00197882           0.0795412            0.493971
3.05389          0.00187421           0.0765219            0.485912          0.00187421           0.0765219            0.485912
3.06387          0.00177475           0.0735957            0.477758          0.00177475           0.0735957            0.477758
3.07385          0.00168019           0.0707609            0.469522          0.00168019           0.0707609            0.469522
3.08383          0.00159032           0.0680156            0.461213          0.00159033           0.0680156            0.461213
3.09381          0.00150493           0.0653580            0.452842          0.00150493           0.0653580            0.452842
3.10379          0.00142381           0.0627861            0.444421          0.00142381           0.0627861            0.444421
3.11377          0.00134677           0.0602982            0.435959          0.00134677           0.0602982            0.435959
3.12375          0.00127361           0.0578922            0.427466          0.00127361           0.0578922            0.427466
3.13373          0.00120416           0.0555664            0.418952          0.00120416           0.0555664            0.418952
3.14371          0.00113825           0.0533189            0.410426          0.00113825           0.0533188            0.410426
3.15369          0.00107572           0.0511477            0.401897          0.00107572           0.0511477            0.401897
3.16367          0.00101639           0.0490510            0.393374          0.00101639           0.0490510            0.393374
3.17365         0.000960129           0.0470270            0.384866         0.000960128           0.0470270            0.384866
3.18363         0.000906782           0.0450739            0.376381         0.000906783           0.0450739            0.376381
3.19361         0.000856211           0.0431897            0.367926         0.000856212           0.0431897            0.367926
3.20359         0.000808284           0.0413727            0.359509         0.000808285           0.0413727            0.359509
3.21357         0.000762873           0.0396210            0.351138         0.000762872           0.0396210            0.351138
3.22355         0.000719856           0.0379329            0.342818         0.000719855           0.0379329            0.342818
3.23353         0.000679116           0.0363066            0.334557         0.000679116           0.0363066            0.334557
3.24351         0.000640542           0.0347404            0.326362         0.000640543           0.0347404            0.326362
3.25349         0.000604027           0.0332326            0.318237         0.000604027           0.0332326            0.318237
3.26347         0.000569470           0.0317814            0.310188         0.000569471           0.0317814            0.310188
3.27345         0.000536772           0.0303852            0.302221         0.000536772           0.0303852            0.302221
3.28343         0.000505842           0.0290423            0.294341         0.000505842           0.0290424            0.294341
3.29341         0.000476591           0.0277512            0.286553         0.000476590           0.0277512            0.286553
3.30339         0.000448933           0.0265102            0.278860         0.000448934           0.0265102            0.278860
3.31337         0.000422789           0.0253178            0.271267         0.000422789           0.0253178            0.271267
3.32335         0.000398080           0.0241724            0.263778         0.000398080           0.0241724            0.263778
3.33333         0.000374734           0.0230726            0.256396         0.000374734           0.0230726            0.256396
3.34331         0.000352681           0.0220168            0.249124         0.000352681           0.0220168            0.249124
3.35329         0.000331853           0.0210037            0.241966         0.000331854           0.0210037            0.241965
3.36327         0.000312188           0.0200317            0.234923         0.000312188           0.0200317            0.234923
3.37325         0.000293624           0.0190996            0.227999         0.000293623           0.0190996            0.227999
3.38323         0.000276105           0.0182059            0.221196         0.000276104           0.0182059            0.221195
3.39321         0.000259574           0.0173494            0.214514         0.000259575           0.0173494            0.214514
3.40319         0.000243980           0.0165287            0.207957         0.000243981           0.0165287            0.207957
3.41317         0.000229274           0.0157427            0.201526         0.000229274           0.0157427            0.201526
3.42315         0.000215407           0.0149900            0.195221         0.000215407           0.0149900            0.195221
3.43313         0.000202336           0.0142695            0.189044         0.000202336           0.0142695            0.189044
3.44311         0.000190016           0.0135800            0.182995         0.000190016           0.0135800            0.182995
3.45309         0.000178408           0.0129204            0.177076         0.000178408           0.0129204            0.177076
3.46307         0.000167473           0.0122896            0.171285         0.000167473           0.0122896            0.171285
3.47305         0.000157174           0.0116865            0.165625         0.000157175           0.0116865            0.165625
3.48303         0.000147477           0.0111100            0.160093         0.000147477           0.0111100            0.160093
3.49301         0.000138348           0.0105592            0.154692         0.000138348           0.0105592            0.154692
3.50299         0.000129757           0.0100330            0.149419         0.000129756           0.0100330            0.149419
3.51297         0.000121672          0.00953060            0.144275         0.000121672          0.00953061            0.144275
3.52295         0.000114067          0.00905095            0.139259         0.000114066          0.00905095            0.139259
3.53293         0.000106914          0.00859319            0.134370         0.000106913          0.00859319            0.134370
3.54291         0.000100188          0.00815644            0.129607         0.000100188          0.00815644            0.129607
3.55289         9.38651E-05          0.00773987            0.124970         9.38649E-05          0.00773987            0.124970
3.56287         8.79223E-05          0.00734266            0.120457         8.79220E-05          0.00734266            0.120457
3.57285         8.23380E-05          0.00696402            0.116067         8.23382E-05          0.00696402            0.116067
3.58283         7.70918E-05          0.00660319            0.111798         7.70921E-05          0.00660319            0.111798
3.59281         7.21644E-05          0.00625943            0.107650         7.21647E-05          0.00625943            0.107650
3.60279         6.75374E-05          0.00593203            0.103620         6.75372E-05          0.00593203            0.103620
3.61277         6.31935E-05          0.00562030           0.0997066         6.31934E-05          0.00562030           0.0997065
3.62275         5.91164E-05          0.00532357           0.0959088         5.91161E-05          0.00532357           0.0959088
3.63273         5.52904E-05          0.00504121           0.0922246         5.52901E-05          0.00504121           0.0922246
3.64271         5.17009E-05          0.00477260           0.0886522         5.17008E-05          0.00477260           0.0886522
3.65269         4.83341E-05          0.00451714           0.0851895         4.83339E-05          0.00451713           0.0851895
3.66267         4.51769E-05          0.00427425           0.0818349         4.51767E-05          0.00427425           0.0818349
3.67265         4.22169E-05          0.00404339           0.0785861         4.22173E-05          0.00404339           0.0785861
3.68263         3.94423E-05          0.00382401           0.0754414         3.94423E-05          0.00382402           0.0754414
3.69261         3.68422E-05          0.00361562           0.0723985         3.68426E-05          0.00361561           0.0723986
3.70259         3.44062E-05          0.00341770           0.0694556         3.44063E-05          0.00341771           0.0694555
3.71257         3.21243E-05          0.00322980           0.0666103         3.21244E-05          0.00322980           0.0666103
3.72255         2.99874E-05          0.00305145           0.0638608         2.99870E-05          0.00305145           0.0638608
3.73253         2.79866E-05          0.00288221           0.0612048         2.79864E-05          0.00288222           0.0612048
3.74251         2.61138E-05          0.00272167           0.0586402         2.61134E-05          0.00272167           0.0586402
3.75250         2.43610E-05          0.00256942           0.0561648         2.43608E-05          0.00256942           0.0561648
3.76248         2.27211E-05          0.00242507           0.0537765         2.27208E-05          0.00242507           0.0537765
3.77246         2.11870E-05          0.00228825           0.0514732         2.11868E-05          0.00228825           0.0514732
3.78244         1.97523E-05          0.00215860           0.0492528         1.97524E-05          0.00215860           0.0492528
3.79242         1.84108E-05          0.00203578           0.0471130         1.84108E-05          0.00203579           0.0471130
3.80240         1.71567E-05          0.00191947           0.0450517         1.71565E-05          0.00191947           0.0450517
3.81238         1.59846E-05          0.00180935           0.0430669         1.59844E-05          0.00180934           0.0430669
3.82236         1.48895E-05          0.00170511           0.0411565         1.48894E-05          0.00170511           0.0411565
3.83234         1.38664E-05          0.00160647           0.0393183         1.38663E-05          0.00160647           0.0393183
3.84232         1.29108E-05          0.00151316           0.0375504         1.29110E-05          0.00151316           0.0375504
3.85230         1.20186E-05          0.00142491           0.0358506         1.20185E-05          0.00142491           0.0358506
3.86228         1.11856E-05          0.00134147           0.0342169         1.11857E-05          0.00134147           0.0342169
3.87226         1.04081E-05          0.00126260           0.0326475         1.04080E-05          0.00126260           0.0326475
3.88224         9.68261E-06          0.00118807           0.0311402         9.68257E-06          0.00118807           0.0311402
3.89222         9.00575E-06          0.00111766           0.0296932         9.00565E-06          0.00111766           0.0296932
3.90220         8.37442E-06          0.00105116           0.0283046         8.37449E-06          0.00105116           0.0283046
3.91218         7.78569E-06         0.000988363           0.0269725         7.78560E-06         0.000988362           0.0269725
3.92216         7.23680E-06         0.000929088           0.0256951         7.23688E-06         0.000929086           0.0256951
3.93214         6.72517E-06         0.000873149           0.0244706         6.72503E-06         0.000873148           0.0244706
3.94212         6.24838E-06         0.000820373           0.0232972         6.24837E-06         0.000820374           0.0232972
3.95210         5.80414E-06         0.000770595           0.0221732         5.80414E-06         0.000770594           0.0221732
3.96208         5.39034E-06         0.000723656           0.0210968         5.39031E-06         0.000723656           0.0210968
3.97206         5.00497E-06         0.000679406           0.0200665         5.00495E-06         0.000679405           0.0200665
3.98204         4.64616E-06         0.000637702           0.0190806         4.64619E-06         0.000637702           0.0190806
3.99202         4.31215E-06         0.000598408           0.0181375         4.31224E-06         0.000598407           0.0181375
4.00200         4.00129E-06         0.000561396           0.0172357         4.00132E-06         0.000561395           0.0172357
4.01198         3.71204E-06         0.000526540           0.0163737         3.71210E-06         0.000526540           0.0163737
4.02196         3.44297E-06         0.000493725           0.0155500         3.44296E-06         0.000493725           0.0155500
4.03194         3.19272E-06         0.000462840           0.0147631         3.19264E-06         0.000462840           0.0147631
4.04192         2.96001E-06         0.000433777           0.0140118         2.96004E-06         0.000433778           0.0140118
4.05190         2.74368E-06         0.000406438           0.0132946         2.74367E-06         0.000406437           0.0132946
4.06188         2.54261E-06         0.000380725           0.0126102         2.54259E-06         0.000380726           0.0126102
4.07186         2.35577E-06         0.000356550           0.0119573         2.35567E-06         0.000356551           0.0119573
4.08184         2.18219E-06         0.000333826           0.0113347         2.18226E-06         0.000333825           0.0113347
4.09182         2.02096E-06         0.000312471           0.0107412         2.02092E-06         0.000312472           0.0107412
4.10180         1.87124E-06         0.000292409           0.0101756         1.87121E-06         0.000292409           0.0101756
4.11178         1.73223E-06         0.000273565          0.00963679         1.73213E-06         0.000273566          0.00963678
4.12176         1.60320E-06         0.000255871          0.00912367         1.60311E-06         0.000255871          0.00912367
4.13174         1.48346E-06         0.000239260          0.00863518         1.48341E-06         0.000239261          0.00863518
4.14172         1.37236E-06         0.000223671          0.00817028         1.37235E-06         0.000223671          0.00817028
4.15170         1.26931E-06         0.000209044          0.00772798         1.26935E-06         0.000209043          0.00772798
4.16168         1.17373E-06         0.000195323          0.00730732         1.17381E-06         0.000195324          0.00730732
4.17166         1.08512E-06         0.000182456          0.00690738         1.08517E-06         0.000182456          0.00690738
4.18164         1.00297E-06         0.000170392          0.00652725         1.00298E-06         0.000170392          0.00652724
4.19162         9.26831E-07         0.000159085          0.00616607         9.26844E-07         0.000159086          0.00616607
4.20160         8.56283E-07         0.000148489          0.00582301         8.56308E-07         0.000148489          0.00582301
4.21158         7.90929E-07         0.000138563          0.00549727         7.90926E-07         0.000138564          0.00549727
4.22156         7.30398E-07         0.000129266          0.00518806         7.30395E-07         0.000129267          0.00518807
4.23154         6.74347E-07         0.000120561          0.00489466         6.74377E-07         0.000120561          0.00489466
4.24152         6.22456E-07         0.000112412          0.00461632         6.22483E-07         0.000112412          0.00461633
4.25150         5.74426E-07         0.000104786          0.00435238         5.74414E-07         0.000104787          0.00435237
4.26148         5.29980E-07         9.76507E-05          0.00410216         5.30012E-07         9.76504E-05          0.00410216
4.27146         4.88859E-07         9.09764E-05          0.00386502         4.88873E-07         9.09763E-05          0.00386502
4.28144         4.50823E-07         8.47348E-05          0.00364035         4.50803E-07         8.47343E-05          0.00364035
4.29142         4.15649E-07         7.88995E-05          0.00342757         4.15613E-07         7.89001E-05          0.00342757
4.30140         3.83127E-07         7.34453E-05          0.00322611         3.83124E-07         7.34454E-05          0.00322611
4.31138         3.53065E-07         6.83487E-05          0.00303542         3.53040E-07         6.83488E-05          0.00303541
4.32136         3.25282E-07         6.35875E-05          0.00285499         3.25278E-07         6.35874E-05          0.00285499
4.33134         2.99612E-07         5.91406E-05          0.00268431         2.99596E-07         5.91404E-05          0.00268431
4.34132         2.75899E-07         5.49885E-05          0.00252292         2.75908E-07         5.49881E-05          0.00252292
4.35130         2.53998E-07         5.11125E-05          0.00237036         2.54036E-07         5.11126E-05          0.00237036
4.36128         2.33775E-07         4.74951E-05          0.00222618         2.33794E-07         4.74952E-05          0.00222618
4.37126         2.15106E-07         4.41201E-05          0.00208996         2.15121E-07         4.41200E-05          0.00208996
4.38124         1.97876E-07         4.09720E-05          0.00196132         1.97885E-07         4.09717E-05          0.00196132
4.39122         1.81976E-07         3.80362E-05          0.00183986         1.81998E-07         3.80365E-05          0.00183986
4.40120         1.67308E-07         3.52991E-05          0.00172523         1.67327E-07         3.52991E-05          0.00172523
4.41118         1.53778E-07         3.27479E-05          0.00161706         1.53788E-07         3.27480E-05          0.00161706
4.42116         1.41302E-07         3.03707E-05          0.00151503         1.41295E-07         3.03707E-05          0.00151504
4.43114         1.29800E-07         2.81560E-05          0.00141882         1.29793E-07         2.81563E-05          0.00141882
4.44112         1.19197E-07         2.60934E-05          0.00132813         1.19196E-07         2.60935E-05          0.00132813
4.45110         1.09427E-07         2.41728E-05          0.00124267         1.09422E-07         2.41724E-05          0.00124267
4.46108         1.00425E-07         2.23850E-05          0.00116215         1.00399E-07         2.23850E-05          0.00116215
4.47106         9.21324E-08         2.07211E-05          0.00108632         9.21293E-08         2.07213E-05          0.00108632
4.48104         8.44958E-08         1.91731E-05          0.00101493         8.45179E-08         1.91729E-05          0.00101493
4.49102         7.74646E-08         1.77331E-05         0.000947744         7.74627E-08         1.77333E-05         0.000947744
4.50100         7.09922E-08         1.63941E-05         0.000884526         7.09983E-08         1.63940E-05         0.000884525
4.51098         6.50355E-08         1.51492E-05         0.000825064         6.50388E-08         1.51493E-05         0.000825065
4.52096         5.95546E-08         1.39922E-05         0.000769155         5.95580E-08         1.39922E-05         0.000769155
4.53094         5.45128E-08         1.29170E-05         0.000716602         5.45128E-08         1.29172E-05         0.000716602
4.54092         4.98758E-08         1.19183E-05         0.000667220         4.98798E-08         1.19183E-05         0.000667220
4.55090         4.56121E-08         1.09908E-05         0.000620834         4.56129E-08         1.09908E-05         0.000620835
4.56088         4.16926E-08         1.01296E-05         0.000577277         4.16926E-08         1.01296E-05         0.000577278
4.57086         3.80904E-08         9.33028E-06         0.000536389         3.80905E-08         9.33025E-06         0.000536388
4.58084         3.47805E-08         8.58856E-06         0.000498021         3.47840E-08         8.58870E-06         0.000498021
4.59082         3.17399E-08         7.90048E-06         0.000462031         3.17441E-08         7.90052E-06         0.000462033
4.60080         2.89475E-08         7.26235E-06         0.000428282         2.89568E-08         7.26221E-06         0.000428282
4.61078         2.63835E-08         6.67072E-06         0.000396648         2.63843E-08         6.67088E-06         0.000396648
4.62076         2.40298E-08         6.12236E-06         0.000367006         2.40257E-08         6.12224E-06         0.000367006
4.63074         2.18699E-08         5.61427E-06         0.000339243         2.18770E-08         5.61423E-06         0.000339243
4.64072         1.98882E-08         5.14363E-06         0.000313249         1.98876E-08         5.14373E-06         0.000313248
4.65070         1.80705E-08         4.70783E-06         0.000288922         1.80694E-08         4.70786E-06         0.000288922
4.66068         1.64038E-08         4.30443E-06         0.000266166         1.63968E-08         4.30436E-06         0.000266165
4.67066         1.48758E-08         3.93115E-06         0.000244887         1.48826E-08         3.93107E-06         0.000244887
4.68064         1.34756E-08         3.58586E-06         0.000225001         1.34754E-08         3.58599E-06         0.000225001
4.69062         1.21928E-08         3.26660E-06         0.000206424         1.21952E-08         3.26658E-06         0.000206424
4.70060         1.10180E-08         2.97153E-06         0.000189081         1.10237E-08         2.97155E-06         0.000189081
4.71058         9.94245E-09         2.69893E-06         0.000172897         9.94525E-09         2.69896E-06         0.000172897
4.72056         8.95817E-09         2.44722E-06         0.000157806         8.95948E-09         2.44722E-06         0.000157807
4.73054         8.05779E-09         2.21491E-06         0.000143742         8.05933E-09         2.21493E-06         0.000143742
4.74052         7.23452E-09         2.00062E-06         0.000130645         7.23499E-09         2.00052E-06         0.000130644
4.75050         6.48215E-09         1.80308E-06         0.000118457         6.48940E-09         1.80306E-06         0.000118458
4.76048         5.79494E-09         1.62111E-06         0.000107126         5.79397E-09         1.62109E-06         0.000107125
4.77046         5.16764E-09         1.45359E-06         9.65998E-05         5.16697E-09         1.45357E-06         9.65993E-05
4.78044         4.59542E-09         1.29953E-06         8.68325E-05         4.59252E-09         1.29959E-06         8.68325E-05
4.79042         4.07386E-09         1.15796E-06         7.77797E-05         4.07585E-09         1.15793E-06         7.77796E-05
4.80040         3.59891E-09         1.02801E-06         6.93998E-05         3.59701E-09         1.02806E-06         6.93997E-05
4.81038         3.16685E-09         9.08889E-07         6.16543E-05         3.16389E-09         9.08844E-07         6.16540E-05
4.82036         2.77429E-09         7.99836E-07         5.45070E-05         2.77258E-09         7.99863E-07         5.45071E-05
4.83034         2.41812E-09         7.00169E-07         4.79244E-05         2.42029E-09         7.00167E-07         4.79246E-05
4.84032         2.09552E-09         6.09254E-07         4.18753E-05         2.09608E-09         6.09283E-07         4.18750E-05
4.85030         1.80392E-09         5.26511E-07         3.63306E-05         1.80498E-09         5.26506E-07         3.63307E-05
4.86028         1.54095E-09         4.51407E-07         3.12636E-05         1.53953E-09         4.51375E-07         3.12638E-05
4.87026         1.30452E-09         3.83456E-07         2.66494E-05         1.30584E-09         3.83492E-07         2.66495E-05
4.88024         1.09268E-09         3.22215E-07         2.24655E-05         1.09417E-09         3.22176E-07         2.24655E-05
4.89022         9.03717E-10         2.67281E-07         1.86908E-05         9.04563E-10         2.67264E-07         1.86913E-05
4.90020         7.36073E-10         2.18290E-07         1.53066E-05         7.35756E-10         2.18288E-07         1.53065E-05
4.91018         5.88365E-10         1.74916E-07         1.22956E-05         5.89107E-10         1.74891E-07         1.22957E-05
4.92016         4.59365E-10         1.36868E-07         9.64252E-06         4.59020E-10         1.36896E-07         9.64256E-06
4.93014         3.47996E-10         1.03890E-07         7.33354E-06         3.47211E-10         1.03873E-07         7.33353E-06
4.94012         2.53322E-10         7.57550E-08         5.35668E-06         2.52144E-10         7.57808E-08         5.35673E-06
4.95010         1.74542E-10         5.22719E-08         3.70155E-06         1.75524E-10         5.22794E-08         3.70156E-06
4.96008         1.10988E-10         3.32783E-08         2.35936E-06         1.11251E-10         3.32685E-08         2.35931E-06
4.97006         6.21169E-11         1.86422E-08         1.32291E-06         6.24321E-11         1.86423E-08         1.32293E-06
4.98004         2.75078E-11         8.26095E-09         5.86614E-07         2.77627E-11         8.26309E-09         5.86652E-07
4.99002         6.86197E-12         2.06156E-09         1.46451E-07         6.94859E-12         2.06160E-09         1.46446E-07
