#Time(Yr)                X_Ea                Y_Ea                Z_Ea             R_earth
0.00000             1.00000             0.00000             0.00000             1.00000
0.0500000            0.951050            0.308831             0.00000            0.999937
0.100000            0.808989            0.587421             0.00000            0.999763
0.150000            0.587688            0.808463             0.00000            0.999494
0.200000            0.308780            0.950243             0.00000            0.999153
0.250000        -0.000419050            0.998770             0.00000            0.998770
0.300000           -0.309567            0.949175             0.00000            0.998381
0.350000           -0.588257            0.806225             0.00000            0.998021
0.400000           -0.809019            0.583899             0.00000            0.997722
0.450000           -0.950048            0.304037             0.00000            0.997512
0.500000           -0.997391         -0.00579892             0.00000            0.997408
0.550000           -0.946352           -0.315058             0.00000            0.997418
0.600000           -0.801968           -0.593238             0.00000            0.997539
0.650000           -0.578509           -0.812922             0.00000            0.997754
0.700000           -0.298044           -0.952500             0.00000            0.998042
0.750000           0.0117652           -0.998300             0.00000            0.998369
0.800000            0.320418           -0.945906             0.00000            0.998703
0.850000            0.597587           -0.800564             0.00000            0.999006
0.900000            0.816086           -0.576626             0.00000            0.999247
0.950000            0.954522           -0.296118             0.00000            0.999399
1.00000            0.999355           0.0134258             0.00000            0.999445
1.05000            0.946202            0.321649             0.00000            0.999378
1.10000            0.800259            0.598322             0.00000            0.999201
1.15000            0.575799            0.816282             0.00000            0.998930
1.20000            0.294804            0.954079             0.00000            0.998587
1.25000          -0.0151600            0.998089             0.00000            0.998205
1.30000           -0.323622            0.943879             0.00000            0.997817
1.35000           -0.600190            0.796679             0.00000            0.997459
1.40000           -0.817556            0.570910             0.00000            0.997164
1.45000           -0.954214            0.288793             0.00000            0.996958
1.50000           -0.996620          -0.0218429             0.00000            0.996859
1.55000           -0.940558           -0.330316             0.00000            0.996874
1.60000           -0.791572           -0.606151             0.00000            0.996998
1.65000           -0.564410           -0.822121             0.00000            0.997216
1.70000           -0.281542           -0.956949             0.00000            0.997505
1.75000           0.0290895           -0.997409             0.00000            0.997833
1.80000            0.336856           -0.939606             0.00000            0.998164
1.85000            0.611470           -0.789326             0.00000            0.998464
1.90000            0.825955           -0.561427             0.00000            0.998701
1.95000            0.959277           -0.278361             0.00000            0.998848
2.00000            0.998374           0.0320444             0.00000            0.998888
2.05000            0.939419            0.339298             0.00000            0.998815
2.10000            0.788185            0.613216             0.00000            0.998633
2.15000            0.559488            0.826857             0.00000            0.998358
2.20000            0.275764            0.959158             0.00000            0.998013
2.25000          -0.0351031            0.997013             0.00000            0.997631
2.30000           -0.342500            0.936584             0.00000            0.997244
2.35000           -0.616085            0.783727             0.00000            0.996890
2.40000           -0.828798            0.553449             0.00000            0.996600
2.45000           -0.959555            0.268453             0.00000            0.996400
2.50000           -0.995375          -0.0430972             0.00000            0.996308
2.55000           -0.932688           -0.350377             0.00000            0.996328
2.60000           -0.777704           -0.622981             0.00000            0.996458
2.65000           -0.545790           -0.833958             0.00000            0.996681
2.70000           -0.259922           -0.962493             0.00000            0.996972
2.75000           0.0516188           -0.995963             0.00000            0.997300
2.80000            0.358067           -0.931156             0.00000            0.997629
2.85000            0.629219           -0.774556             0.00000            0.997925
2.90000            0.838397           -0.541669             0.00000            0.998155
2.95000            0.965054           -0.255468             0.00000            0.998295
3.00000            0.996764           0.0558637             0.00000            0.998328
3.05000            0.930416            0.361695             0.00000            0.998248
3.10000            0.772519            0.631931             0.00000            0.998059
3.15000            0.538570            0.839944             0.00000            0.997779
3.20000            0.251560            0.965188             0.00000            0.997432
3.25000          -0.0602536            0.995226             0.00000            0.997048
3.30000           -0.366107            0.926987             0.00000            0.996664
3.35000           -0.635756            0.767109             0.00000            0.996314
3.40000           -0.842482            0.531320             0.00000            0.996030
3.45000           -0.965757            0.242913             0.00000            0.995838
3.50000           -0.993321          -0.0695619             0.00000            0.995754
3.55000           -0.922419           -0.375136             0.00000            0.995783
3.60000           -0.760087           -0.643524             0.00000            0.995920
3.65000           -0.522448           -0.848150             0.00000            0.996148
3.70000           -0.233079           -0.968798             0.00000            0.996442
3.75000           0.0793484           -0.993607             0.00000            0.996770
3.80000            0.383934           -0.920215             0.00000            0.997097
3.85000            0.650613           -0.755966             0.00000            0.997387
3.90000            0.853108           -0.517140             0.00000            0.997611
3.95000            0.971498           -0.227333             0.00000            0.997742
4.00000            0.994148           0.0848744             0.00000            0.997765
4.05000            0.918835            0.388713             0.00000            0.997675
4.10000            0.752957            0.654232             0.00000            0.997479
4.15000            0.512825            0.855221             0.00000            0.997193
4.20000            0.222081            0.971788             0.00000            0.996841
4.25000          -0.0905973            0.992330             0.00000            0.996457
4.30000           -0.394303            0.914708             0.00000            0.996076
4.35000           -0.658949            0.746502             0.00000            0.995731
4.40000           -0.858263            0.504297             0.00000            0.995455
4.45000           -0.972418            0.212064             0.00000            0.995272
4.50000           -0.990038           -0.101216             0.00000            0.995198
4.55000           -0.909355           -0.404440             0.00000            0.995237
4.60000           -0.738390           -0.667508             0.00000            0.995383
4.65000           -0.494149           -0.864332             0.00000            0.995617
4.70000           -0.200904           -0.975441             0.00000            0.995915
4.75000            0.112249           -0.989900             0.00000            0.996243
4.80000            0.414291           -0.906372             0.00000            0.996567
4.85000            0.675363           -0.733211             0.00000            0.996852
4.90000            0.869704           -0.487602             0.00000            0.997066
4.95000            0.978164           -0.193847             0.00000            0.997186
5.00000            0.990067            0.119040             0.00000            0.997198
5.05000            0.904245            0.420172             0.00000            0.997098
5.10000            0.729143            0.679812             0.00000            0.996892
5.15000            0.482009            0.872281             0.00000            0.996598
5.20000            0.187221            0.978493             0.00000            0.996243
5.25000           -0.126090            0.987843             0.00000            0.995858
5.30000           -0.426894            0.899300             0.00000            0.995479
5.35000           -0.685337            0.721540             0.00000            0.995142
5.40000           -0.875711            0.472129             0.00000            0.994875
5.45000           -0.979045            0.175801             0.00000            0.994704
5.50000           -0.985021           -0.138003             0.00000            0.994642
5.55000           -0.893029           -0.438077             0.00000            0.994692
5.60000           -0.712232           -0.694584             0.00000            0.994848
5.65000           -0.460642           -0.882050             0.00000            0.995090
5.70000           -0.163297           -0.981905             0.00000            0.995392
5.75000            0.150253           -0.984318             0.00000            0.995720
5.80000            0.448908           -0.889144             0.00000            0.996040
5.85000            0.703100           -0.705902             0.00000            0.996317
5.90000            0.887708           -0.452800             0.00000            0.996521
5.95000            0.984515           -0.154914             0.00000            0.996629
6.00000            0.983978            0.158285             0.00000            0.996627
6.05000            0.886149            0.455829             0.00000            0.996514
6.10000            0.700676            0.708281             0.00000            0.996297
6.15000            0.445860            0.890626             0.00000            0.995995
6.20000            0.146886            0.984741             0.00000            0.995636
6.25000           -0.166644            0.981200             0.00000            0.995251
6.30000           -0.463619            0.880247             0.00000            0.994876
6.35000           -0.714506            0.691811             0.00000            0.994546
6.40000           -0.894302            0.434554             0.00000            0.994290
6.45000           -0.985055            0.134039             0.00000            0.994132
6.50000           -0.977685           -0.179822             0.00000            0.994084
6.55000           -0.872914           -0.475764             0.00000            0.994148
6.60000           -0.681198           -0.724315             0.00000            0.994315
6.65000           -0.421664           -0.900755             0.00000            0.994566
6.70000           -0.120183           -0.987586             0.00000            0.994872
6.75000            0.193245           -0.976258             0.00000            0.995200
6.80000            0.487485           -0.867991             0.00000            0.995515
6.85000            0.733365           -0.673617             0.00000            0.995783
6.90000            0.906550           -0.412471             0.00000            0.995975
6.95000            0.989924           -0.110464             0.00000            0.996068
7.00000            0.975255            0.202479             0.00000            0.996052
7.05000            0.863991            0.495362             0.00000            0.995924
7.10000            0.667124            0.739157             0.00000            0.995695
7.15000            0.404118            0.909658             0.00000            0.995384
7.20000            0.101015            0.989879             0.00000            0.995020
7.25000           -0.212113            0.971754             0.00000            0.994635
7.30000           -0.504134            0.856979             0.00000            0.994265
7.35000           -0.745949            0.656877             0.00000            0.993945
7.40000           -0.913410            0.391312             0.00000            0.993702
7.45000           -0.989767           0.0867261             0.00000            0.993559
7.50000           -0.967362           -0.226508             0.00000            0.993527
7.55000           -0.848425           -0.517135             0.00000            0.993606
7.60000           -0.644843           -0.756166             0.00000            0.993786
7.65000           -0.376962           -0.919796             0.00000            0.994045
7.70000          -0.0715212           -0.991779             0.00000            0.994355
7.75000            0.241040           -0.965035             0.00000            0.994682
7.80000            0.529631           -0.842318             0.00000            0.994992
7.85000            0.765598           -0.635909             0.00000            0.995249
7.90000            0.925554           -0.366366             0.00000            0.995427
7.95000            0.993666          -0.0604708             0.00000            0.995504
8.00000            0.963198            0.251420             0.00000            0.995471
8.05000            0.837165            0.538360             0.00000            0.995327
8.10000            0.628038            0.771855             0.00000            0.995084
8.15000            0.356535            0.928676             0.00000            0.994764
8.20000           0.0495916            0.993158             0.00000            0.994395
8.25000           -0.262277            0.958785             0.00000            0.994011
8.30000           -0.548000            0.828874             0.00000            0.993648
8.35000           -0.779049            0.616283             0.00000            0.993338
8.40000           -0.932305            0.342164             0.00000            0.993111
8.45000           -0.992407           0.0338644             0.00000            0.992985
8.50000           -0.953315           -0.277814             0.00000            0.992970
8.55000           -0.818933           -0.561720             0.00000            0.993066
8.60000           -0.602717           -0.789491             0.00000            0.993259
8.65000           -0.326307           -0.938414             0.00000            0.993528
8.70000          -0.0173333           -0.993691             0.00000            0.993842
8.75000            0.293369           -0.949897             0.00000            0.994168
8.80000            0.574851           -0.811490             0.00000            0.994469
8.85000            0.799127           -0.592329             0.00000            0.994715
8.90000            0.943936           -0.314266             0.00000            0.994876
8.95000            0.994923         -0.00496957             0.00000            0.994935
9.00000            0.947037            0.304816             0.00000            0.994883
9.05000            0.805025            0.584300             0.00000            0.994722
9.10000            0.582966            0.805675             0.00000            0.994465
9.15000            0.302900            0.946867             0.00000            0.994135
9.20000         -0.00732958            0.993735             0.00000            0.993762
9.25000           -0.316817            0.941505             0.00000            0.993380
9.30000           -0.594665            0.795280             0.00000            0.993025
9.35000           -0.813073            0.569580             0.00000            0.992728
9.40000           -0.950143            0.286911             0.00000            0.992517
9.45000           -0.992109          -0.0244691             0.00000            0.992410
9.50000           -0.934739           -0.333394             0.00000            0.992415
9.55000           -0.783781           -0.608935             0.00000            0.992529
9.60000           -0.554375           -0.823525             0.00000            0.992736
9.65000           -0.269516           -0.955740             0.00000            0.993014
9.70000           0.0422799           -0.992432             0.00000            0.993332
9.75000            0.349855           -0.930028             0.00000            0.993655
9.80000            0.622530           -0.774847             0.00000            0.993948
9.85000            0.833158           -0.542439             0.00000            0.994179
9.90000            0.960801           -0.256003             0.00000            0.994322
9.95000            0.992787           0.0559167             0.00000            0.994361
10.0000            0.925944            0.362266             0.00000            0.994288
