#Time(Yr)                X_Ea                Y_Ea                Z_Ea             R_earth
0.00000             1.00000             0.00000             0.00000             1.00000
0.0100000            0.998027           0.0627587             0.00000            0.999998
0.0200000            0.992115            0.125270             0.00000            0.999992
0.0300000            0.982287            0.187286             0.00000            0.999982
0.0400000            0.968583            0.248564             0.00000            0.999968
0.0500000            0.951055            0.308860             0.00000            0.999950
0.0600000            0.929774            0.367937             0.00000            0.999929
0.0700000            0.904823            0.425562             0.00000            0.999903
0.0800000            0.876299            0.481507             0.00000            0.999875
0.0900000            0.844316            0.535551             0.00000            0.999842
0.100000            0.808999            0.587480             0.00000            0.999806
0.110000            0.770488            0.637090             0.00000            0.999767
0.120000            0.728934            0.684183             0.00000            0.999725
0.130000            0.684500            0.728574             0.00000            0.999680
0.140000            0.637363            0.770087             0.00000            0.999632
0.150000            0.587707            0.808557             0.00000            0.999582
0.160000            0.535729            0.843832             0.00000            0.999529
0.170000            0.481634            0.875773             0.00000            0.999474
0.180000            0.425635            0.904251             0.00000            0.999418
0.190000            0.367954            0.929155             0.00000            0.999359
0.200000            0.308817            0.950385             0.00000            0.999299
0.210000            0.248459            0.967856             0.00000            0.999238
0.220000            0.187118            0.981498             0.00000            0.999176
0.230000            0.125037            0.991258             0.00000            0.999113
0.240000           0.0624616            0.997095             0.00000            0.999049
0.250000        -0.000361381            0.998986             0.00000            0.998986
0.260000          -0.0631829            0.996922             0.00000            0.998922
0.270000           -0.125754            0.990911             0.00000            0.998859
0.280000           -0.187828            0.980976             0.00000            0.998796
0.290000           -0.249157            0.967155             0.00000            0.998733
0.300000           -0.309499            0.949503             0.00000            0.998672
0.310000           -0.368615            0.928089             0.00000            0.998612
0.320000           -0.426270            0.902997             0.00000            0.998554
0.330000           -0.482236            0.874325             0.00000            0.998497
0.340000           -0.536290            0.842188             0.00000            0.998442
0.350000           -0.588217            0.806711             0.00000            0.998390
0.360000           -0.637812            0.768035             0.00000            0.998339
0.370000           -0.684877            0.726313             0.00000            0.998292
0.380000           -0.729225            0.681709             0.00000            0.998247
0.390000           -0.770680            0.634401             0.00000            0.998205
0.400000           -0.809077            0.584576             0.00000            0.998166
0.410000           -0.844263            0.532431             0.00000            0.998130
0.420000           -0.876099            0.478173             0.00000            0.998098
0.430000           -0.904458            0.422017             0.00000            0.998069
0.440000           -0.929226            0.364186             0.00000            0.998044
0.450000           -0.950305            0.304909             0.00000            0.998023
0.460000           -0.967612            0.244421             0.00000            0.998005
0.470000           -0.981076            0.182964             0.00000            0.997991
0.480000           -0.990646            0.120779             0.00000            0.997982
0.490000           -0.996282           0.0581154             0.00000            0.997976
0.500000           -0.997963         -0.00477918             0.00000            0.997974
0.510000           -0.995681          -0.0676548             0.00000            0.997976
0.520000           -0.989445           -0.130262             0.00000            0.997983
0.530000           -0.979281           -0.192352             0.00000            0.997993
0.540000           -0.965229           -0.253678             0.00000            0.998007
0.550000           -0.947344           -0.313997             0.00000            0.998025
0.560000           -0.925699           -0.373069             0.00000            0.998047
0.570000           -0.900379           -0.430660             0.00000            0.998073
0.580000           -0.871484           -0.486542             0.00000            0.998102
0.590000           -0.839131           -0.540493             0.00000            0.998135
0.600000           -0.803448           -0.592299             0.00000            0.998171
0.610000           -0.764576           -0.641754             0.00000            0.998211
0.620000           -0.722671           -0.688663             0.00000            0.998253
0.630000           -0.677898           -0.732840             0.00000            0.998299
0.640000           -0.630437           -0.774110             0.00000            0.998347
0.650000           -0.580475           -0.812309             0.00000            0.998397
0.660000           -0.528211           -0.847288             0.00000            0.998450
0.670000           -0.473853           -0.878907             0.00000            0.998506
0.680000           -0.417616           -0.907041             0.00000            0.998563
0.690000           -0.359724           -0.931581             0.00000            0.998621
0.700000           -0.300407           -0.952429             0.00000            0.998681
0.710000           -0.239899           -0.969503             0.00000            0.998743
0.720000           -0.178441           -0.982736             0.00000            0.998805
0.730000           -0.116276           -0.992077             0.00000            0.998868
0.740000          -0.0536504           -0.997490             0.00000            0.998932
0.750000          0.00918741           -0.998953             0.00000            0.998995
0.760000           0.0719888           -0.996462             0.00000            0.999059
0.770000            0.134505           -0.990027             0.00000            0.999122
0.780000            0.196490           -0.979675             0.00000            0.999185
0.790000            0.257697           -0.965447             0.00000            0.999247
0.800000            0.317884           -0.947400             0.00000            0.999308
0.810000            0.376815           -0.925606             0.00000            0.999368
0.820000            0.434255           -0.900153             0.00000            0.999426
0.830000            0.489979           -0.871141             0.00000            0.999483
0.840000            0.543766           -0.838685             0.00000            0.999537
0.850000            0.595404           -0.802915             0.00000            0.999590
0.860000            0.644690           -0.763973             0.00000            0.999640
0.870000            0.691428           -0.722012             0.00000            0.999687
0.880000            0.735435           -0.677199             0.00000            0.999732
0.890000            0.776538           -0.629711             0.00000            0.999773
0.900000            0.814573           -0.579736             0.00000            0.999812
0.910000            0.849392           -0.527472             0.00000            0.999847
0.920000            0.880858           -0.473126             0.00000            0.999879
0.930000            0.908845           -0.416911             0.00000            0.999907
0.940000            0.933245           -0.359051             0.00000            0.999932
0.950000            0.953961           -0.299773             0.00000            0.999953
0.960000            0.970912           -0.239313             0.00000            0.999970
0.970000            0.984031           -0.177907             0.00000            0.999984
0.980000            0.993266           -0.115800             0.00000            0.999993
0.990000            0.998580          -0.0532352             0.00000            0.999998
1.00000            0.999954          0.00953949             0.00000             1.00000
1.01000            0.997382           0.0722765             0.00000            0.999997
1.02000            0.990873            0.134728             0.00000            0.999991
1.03000            0.980454            0.196648             0.00000            0.999980
1.04000            0.966165            0.257792             0.00000            0.999966
1.05000            0.948062            0.317919             0.00000            0.999947
1.06000            0.926218            0.376790             0.00000            0.999925
1.07000            0.900717            0.434174             0.00000            0.999899
1.08000            0.871660            0.489844             0.00000            0.999870
1.09000            0.839162            0.543581             0.00000            0.999837
1.10000            0.803351            0.595171             0.00000            0.999800
1.11000            0.764367            0.644410             0.00000            0.999761
1.12000            0.722365            0.691105             0.00000            0.999718
1.13000            0.677509            0.735069             0.00000            0.999673
1.14000            0.629977            0.776130             0.00000            0.999625
1.15000            0.579956            0.814125             0.00000            0.999574
1.16000            0.527643            0.848902             0.00000            0.999521
1.17000            0.473245            0.880325             0.00000            0.999466
1.18000            0.416976            0.908267             0.00000            0.999409
1.19000            0.359058            0.932619             0.00000            0.999350
1.20000            0.299721            0.953283             0.00000            0.999290
1.21000            0.239198            0.970176             0.00000            0.999228
1.22000            0.177729            0.983232             0.00000            0.999166
1.23000            0.115557            0.992398             0.00000            0.999103
1.24000           0.0529278            0.997637             0.00000            0.999040
1.25000         -0.00991093            0.998927             0.00000            0.998976
1.26000          -0.0727105            0.996262             0.00000            0.998912
1.27000           -0.135222            0.989653             0.00000            0.998849
1.28000           -0.197198            0.979125             0.00000            0.998786
1.29000           -0.258393            0.964719             0.00000            0.998724
1.30000           -0.318565            0.946490             0.00000            0.998663
1.31000           -0.377474            0.924512             0.00000            0.998603
1.32000           -0.434887            0.898869             0.00000            0.998545
1.33000           -0.490576            0.869663             0.00000            0.998488
1.34000           -0.544320            0.837010             0.00000            0.998434
1.35000           -0.595906            0.801038             0.00000            0.998382
1.36000           -0.645129            0.761889             0.00000            0.998332
1.37000           -0.691793            0.719718             0.00000            0.998284
1.38000           -0.735713            0.674692             0.00000            0.998240
1.39000           -0.776714            0.626989             0.00000            0.998198
1.40000           -0.814633            0.576799             0.00000            0.998160
1.41000           -0.849319            0.524319             0.00000            0.998125
1.42000           -0.880634            0.469759             0.00000            0.998093
1.43000           -0.908454            0.413334             0.00000            0.998065
1.44000           -0.932668            0.355268             0.00000            0.998040
1.45000           -0.953179            0.295792             0.00000            0.998019
1.46000           -0.969906            0.235141             0.00000            0.998002
1.47000           -0.982782            0.173557             0.00000            0.997989
1.48000           -0.991756            0.111284             0.00000            0.997980
1.49000           -0.996793           0.0485693             0.00000            0.997975
1.50000           -0.997871          -0.0143385             0.00000            0.997974
1.51000           -0.994987          -0.0771894             0.00000            0.997977
1.52000           -0.988153           -0.139734             0.00000            0.997984
1.53000           -0.977395           -0.201723             0.00000            0.997995
1.54000           -0.962757           -0.262912             0.00000            0.998010
1.55000           -0.944296           -0.323057             0.00000            0.998028
1.56000           -0.922086           -0.381919             0.00000            0.998051
1.57000           -0.896216           -0.439265             0.00000            0.998077
1.58000           -0.866789           -0.494868             0.00000            0.998107
1.59000           -0.833921           -0.548507             0.00000            0.998140
1.60000           -0.797744           -0.599968             0.00000            0.998177
1.61000           -0.758401           -0.649049             0.00000            0.998217
1.62000           -0.716049           -0.695555             0.00000            0.998260
1.63000           -0.670856           -0.739301             0.00000            0.998306
1.64000           -0.623003           -0.780115             0.00000            0.998354
1.65000           -0.572678           -0.817834             0.00000            0.998405
1.66000           -0.520082           -0.852311             0.00000            0.998458
1.67000           -0.465425           -0.883408             0.00000            0.998514
1.68000           -0.408922           -0.911003             0.00000            0.998571
1.69000           -0.350798           -0.934988             0.00000            0.998630
1.70000           -0.291285           -0.955267             0.00000            0.998690
1.71000           -0.230617           -0.971762             0.00000            0.998752
1.72000           -0.169036           -0.984407             0.00000            0.998814
1.73000           -0.106785           -0.993153             0.00000            0.998877
1.74000          -0.0441113           -0.997967             0.00000            0.998941
1.75000           0.0187370           -0.998829             0.00000            0.999005
1.76000           0.0815111           -0.995738             0.00000            0.999068
1.77000            0.143963           -0.988706             0.00000            0.999132
1.78000            0.205845           -0.977762             0.00000            0.999194
1.79000            0.266912           -0.962949             0.00000            0.999256
1.80000            0.326924           -0.944328             0.00000            0.999317
1.81000            0.385643           -0.921973             0.00000            0.999377
1.82000            0.442837           -0.895972             0.00000            0.999435
1.83000            0.498281           -0.866429             0.00000            0.999491
1.84000            0.551755           -0.833461             0.00000            0.999545
1.85000            0.603049           -0.797199             0.00000            0.999597
1.86000            0.651959           -0.757788             0.00000            0.999647
1.87000            0.698294           -0.715383             0.00000            0.999694
1.88000            0.741871           -0.670152             0.00000            0.999738
1.89000            0.782518           -0.622274             0.00000            0.999779
1.90000            0.820074           -0.571938             0.00000            0.999817
1.91000            0.854392           -0.519344             0.00000            0.999852
1.92000            0.885336           -0.464700             0.00000            0.999883
1.93000            0.912786           -0.408221             0.00000            0.999911
1.94000            0.936632           -0.350131             0.00000            0.999935
1.95000            0.956781           -0.290658             0.00000            0.999956
1.96000            0.973153           -0.230038             0.00000            0.999972
1.97000            0.985685           -0.168510             0.00000            0.999985
1.98000            0.994326           -0.106318             0.00000            0.999994
1.99000            0.999043          -0.0437052             0.00000            0.999999
2.00000            0.999817           0.0190797             0.00000            0.999999
2.01000            0.996646           0.0817893             0.00000            0.999996
2.02000            0.989541            0.144176             0.00000            0.999989
2.03000            0.978531            0.205994             0.00000            0.999978
2.04000            0.963658            0.266999             0.00000            0.999963
2.05000            0.944982            0.326950             0.00000            0.999944
2.06000            0.922576            0.385610             0.00000            0.999921
2.07000            0.896529            0.442748             0.00000            0.999895
2.08000            0.866941            0.498139             0.00000            0.999865
2.09000            0.833932            0.551562             0.00000            0.999831
2.10000            0.797629            0.602808             0.00000            0.999794
2.11000            0.758176            0.651673             0.00000            0.999754
2.12000            0.715729            0.697965             0.00000            0.999711
2.13000            0.670455            0.741499             0.00000            0.999666
2.14000            0.622533            0.782104             0.00000            0.999617
2.15000            0.572150            0.819619             0.00000            0.999566
2.16000            0.519507            0.853896             0.00000            0.999512
2.17000            0.464810            0.884797             0.00000            0.999457
2.18000            0.408276            0.912201             0.00000            0.999400
2.19000            0.350128            0.935998             0.00000            0.999341
2.20000            0.290596            0.956094             0.00000            0.999280
2.21000            0.229914            0.972408             0.00000            0.999219
2.22000            0.168322            0.984876             0.00000            0.999156
2.23000            0.106065            0.993447             0.00000            0.999093
2.24000           0.0433877            0.998087             0.00000            0.999030
2.25000          -0.0194612            0.998776             0.00000            0.998966
2.26000          -0.0822330            0.995512             0.00000            0.998902
2.27000           -0.144679            0.988305             0.00000            0.998839
2.28000           -0.206552            0.977185             0.00000            0.998776
2.29000           -0.267607            0.962194             0.00000            0.998714
2.30000           -0.327602            0.943391             0.00000            0.998654
2.31000           -0.386299            0.920849             0.00000            0.998594
2.32000           -0.443465            0.894658             0.00000            0.998536
2.33000           -0.498872            0.864921             0.00000            0.998480
2.34000           -0.552302            0.831755             0.00000            0.998426
2.35000           -0.603542            0.795290             0.00000            0.998374
2.36000           -0.652389            0.755672             0.00000            0.998324
2.37000           -0.698648            0.713056             0.00000            0.998277
2.38000           -0.742135            0.667612             0.00000            0.998233
2.39000           -0.782678            0.619519             0.00000            0.998192
2.40000           -0.820115            0.568967             0.00000            0.998154
2.41000           -0.854297            0.516158             0.00000            0.998120
2.42000           -0.885089            0.461300             0.00000            0.998088
2.43000           -0.912368            0.404611             0.00000            0.998061
2.44000           -0.936025            0.346316             0.00000            0.998037
2.45000           -0.955966            0.286646             0.00000            0.998016
2.46000           -0.972112            0.225838             0.00000            0.998000
2.47000           -0.984398            0.164134             0.00000            0.997988
2.48000           -0.992776            0.101777             0.00000            0.997979
2.49000           -0.997212           0.0390171             0.00000            0.997975
2.50000           -0.997688          -0.0238981             0.00000            0.997974
2.51000           -0.994203          -0.0867185             0.00000            0.997978
2.52000           -0.986770           -0.149195             0.00000            0.997985
2.53000           -0.975420           -0.211078             0.00000            0.997997
2.54000           -0.960196           -0.272124             0.00000            0.998012
2.55000           -0.941161           -0.332089             0.00000            0.998031
2.56000           -0.918389           -0.390736             0.00000            0.998054
2.57000           -0.891971           -0.447832             0.00000            0.998081
2.58000           -0.862013           -0.503150             0.00000            0.998112
2.59000           -0.828634           -0.556471             0.00000            0.998145
2.60000           -0.791966           -0.607584             0.00000            0.998183
2.61000           -0.752156           -0.656286             0.00000            0.998223
2.62000           -0.709361           -0.702384             0.00000            0.998266
2.63000           -0.663752           -0.745695             0.00000            0.998313
2.64000           -0.615510           -0.786049             0.00000            0.998362
2.65000           -0.564827           -0.823285             0.00000            0.998413
2.66000           -0.511905           -0.857257             0.00000            0.998467
2.67000           -0.456952           -0.887830             0.00000            0.998522
2.68000           -0.400189           -0.914883             0.00000            0.998580
2.69000           -0.341839           -0.938310             0.00000            0.998639
2.70000           -0.282135           -0.958019             0.00000            0.998700
2.71000           -0.221313           -0.973933             0.00000            0.998761
2.72000           -0.159614           -0.985988             0.00000            0.998824
2.73000          -0.0972828           -0.994138             0.00000            0.998887
2.74000          -0.0345666           -0.998352             0.00000            0.998951
2.75000           0.0282864           -0.998614             0.00000            0.999014
2.76000           0.0910275           -0.994922             0.00000            0.999078
2.77000            0.153408           -0.987294             0.00000            0.999141
2.78000            0.215182           -0.975759             0.00000            0.999204
2.79000            0.276105           -0.960363             0.00000            0.999266
2.80000            0.335936           -0.941170             0.00000            0.999326
2.81000            0.394438           -0.918254             0.00000            0.999385
2.82000            0.451380           -0.891708             0.00000            0.999443
2.83000            0.506538           -0.861636             0.00000            0.999499
2.84000            0.559695           -0.828160             0.00000            0.999553
2.85000            0.610639           -0.791410             0.00000            0.999605
2.86000            0.659170           -0.751533             0.00000            0.999654
2.87000            0.705098           -0.708687             0.00000            0.999700
2.88000            0.748240           -0.663042             0.00000            0.999744
2.89000            0.788427           -0.614779             0.00000            0.999785
2.90000            0.825501           -0.564087             0.00000            0.999823
2.91000            0.859314           -0.511168             0.00000            0.999857
2.92000            0.889735           -0.456231             0.00000            0.999888
2.93000            0.916644           -0.399492             0.00000            0.999915
2.94000            0.939934           -0.341177             0.00000            0.999939
2.95000            0.959514           -0.281514             0.00000            0.999958
2.96000            0.975306           -0.220741             0.00000            0.999974
2.97000            0.987249           -0.159097             0.00000            0.999987
2.98000            0.995296          -0.0968242             0.00000            0.999995
2.99000            0.999415          -0.0341696             0.00000            0.999999
3.00000            0.999589           0.0286199             0.00000            0.999999
3.01000            0.995819           0.0912963             0.00000            0.999995
3.02000            0.988118            0.153613             0.00000            0.999987
3.03000            0.976518            0.215322             0.00000            0.999976
3.04000            0.961064            0.276183             0.00000            0.999960
3.05000            0.941816            0.335952             0.00000            0.999940
3.06000            0.918850            0.394396             0.00000            0.999917
3.07000            0.892258            0.451283             0.00000            0.999890
3.08000            0.862143            0.506389             0.00000            0.999860
3.09000            0.828624            0.559495             0.00000            0.999826
3.10000            0.791833            0.610392             0.00000            0.999788
3.11000            0.751915            0.658878             0.00000            0.999748
3.12000            0.709027            0.704762             0.00000            0.999704
3.13000            0.663339            0.747862             0.00000            0.999658
3.14000            0.615030            0.788008             0.00000            0.999609
3.15000            0.564291            0.825040             0.00000            0.999558
3.16000            0.511322            0.858812             0.00000            0.999504
3.17000            0.456332            0.889189             0.00000            0.999448
3.18000            0.399538            0.916052             0.00000            0.999391
3.19000            0.341165            0.939292             0.00000            0.999331
3.20000            0.281442            0.958818             0.00000            0.999271
3.21000            0.220607            0.974552             0.00000            0.999209
3.22000            0.158898            0.986431             0.00000            0.999147
3.23000           0.0965611            0.994406             0.00000            0.999083
3.24000           0.0338419            0.998447             0.00000            0.999020
3.25000          -0.0290113            0.998535             0.00000            0.998956
3.26000          -0.0917496            0.994670             0.00000            0.998893
3.27000           -0.154125            0.986867             0.00000            0.998829
3.28000           -0.215889            0.975155             0.00000            0.998767
3.29000           -0.276799            0.959580             0.00000            0.998705
3.30000           -0.336611            0.940204             0.00000            0.998644
3.31000           -0.395090            0.917102             0.00000            0.998585
3.32000           -0.452003            0.890365             0.00000            0.998527
3.33000           -0.507125            0.860099             0.00000            0.998471
3.34000           -0.560235            0.826422             0.00000            0.998418
3.35000           -0.611124            0.789469             0.00000            0.998366
3.36000           -0.659590            0.749385             0.00000            0.998317
3.37000           -0.705439            0.706328             0.00000            0.998270
3.38000           -0.748490            0.660469             0.00000            0.998227
3.39000           -0.788571            0.611990             0.00000            0.998186
3.40000           -0.825522            0.561082             0.00000            0.998149
3.41000           -0.859198            0.507948             0.00000            0.998114
3.42000           -0.889464            0.452798             0.00000            0.998084
3.43000           -0.916199            0.395850             0.00000            0.998057
3.44000           -0.939297            0.337331             0.00000            0.998033
3.45000           -0.958666            0.277473             0.00000            0.998014
3.46000           -0.974229            0.216513             0.00000            0.997998
3.47000           -0.985924            0.154693             0.00000            0.997986
3.48000           -0.993704           0.0922597             0.00000            0.997978
3.49000           -0.997539           0.0294598             0.00000            0.997974
3.50000           -0.997413          -0.0334572             0.00000            0.997974
3.51000           -0.993327          -0.0962413             0.00000            0.997978
3.52000           -0.985297           -0.158643             0.00000            0.997986
3.53000           -0.973354           -0.220415             0.00000            0.997999
3.54000           -0.957547           -0.281312             0.00000            0.998015
3.55000           -0.937939           -0.341092             0.00000            0.998034
3.56000           -0.914607           -0.399518             0.00000            0.998058
3.57000           -0.887644           -0.456359             0.00000            0.998085
3.58000           -0.857158           -0.511387             0.00000            0.998116
3.59000           -0.823270           -0.564386             0.00000            0.998151
3.60000           -0.786115           -0.615145             0.00000            0.998188
3.61000           -0.745840           -0.663464             0.00000            0.998229
3.62000           -0.702606           -0.709150             0.00000            0.998273
3.63000           -0.656585           -0.752023             0.00000            0.998320
3.64000           -0.607960           -0.791912             0.00000            0.998369
3.65000           -0.556924           -0.828662             0.00000            0.998421
3.66000           -0.503679           -0.862125             0.00000            0.998475
3.67000           -0.448437           -0.892170             0.00000            0.998531
3.68000           -0.391418           -0.918679             0.00000            0.998589
3.69000           -0.332847           -0.941547             0.00000            0.998648
3.70000           -0.272957           -0.960684             0.00000            0.998709
3.71000           -0.211986           -0.976014             0.00000            0.998770
3.72000           -0.150176           -0.987479             0.00000            0.998833
3.73000          -0.0877702           -0.995033             0.00000            0.998896
3.74000          -0.0250172           -0.998647             0.00000            0.998960
3.75000           0.0378349           -0.998307             0.00000            0.999024
3.76000            0.100537           -0.994016             0.00000            0.999087
3.77000            0.162842           -0.985791             0.00000            0.999151
3.78000            0.224502           -0.973666             0.00000            0.999213
3.79000            0.285274           -0.957689             0.00000            0.999275
3.80000            0.344918           -0.937924             0.00000            0.999335
3.81000            0.403198           -0.914451             0.00000            0.999394
3.82000            0.459883           -0.887362             0.00000            0.999452
3.83000            0.514751           -0.856765             0.00000            0.999507
3.84000            0.567585           -0.822782             0.00000            0.999561
3.85000            0.618175           -0.785547             0.00000            0.999612
3.86000            0.666323           -0.745209             0.00000            0.999661
3.87000            0.711838           -0.701926             0.00000            0.999707
3.88000            0.754542           -0.655871             0.00000            0.999750
3.89000            0.794266           -0.607226             0.00000            0.999791
3.90000            0.830853           -0.556183             0.00000            0.999828
3.91000            0.864159           -0.502943             0.00000            0.999862
3.92000            0.894054           -0.447718             0.00000            0.999892
3.93000            0.920419           -0.390725             0.00000            0.999919
3.94000            0.943151           -0.332190             0.00000            0.999942
3.95000            0.962159           -0.272344             0.00000            0.999961
3.96000            0.977371           -0.211422             0.00000            0.999976
3.97000            0.988724           -0.149667             0.00000            0.999988
3.98000            0.996176          -0.0873203             0.00000            0.999995
3.99000            0.999696          -0.0246292             0.00000            0.999999
4.00000            0.999270           0.0381590             0.00000            0.999999
4.01000            0.994901            0.100797             0.00000            0.999994
4.02000            0.986606            0.163036             0.00000            0.999986
4.03000            0.974416            0.224633             0.00000            0.999973
4.04000            0.958381            0.285343             0.00000            0.999957
4.05000            0.938563            0.344926             0.00000            0.999937
4.06000            0.915040            0.403148             0.00000            0.999913
4.07000            0.887905            0.459779             0.00000            0.999886
4.08000            0.857264            0.514594             0.00000            0.999855
4.09000            0.823239            0.567378             0.00000            0.999820
4.10000            0.785963            0.617921             0.00000            0.999782
4.11000            0.745584            0.666024             0.00000            0.999741
4.12000            0.702259            0.711496             0.00000            0.999697
4.13000            0.656161            0.754158             0.00000            0.999651
4.14000            0.607470            0.793841             0.00000            0.999601
4.15000            0.556379            0.830386             0.00000            0.999550
4.16000            0.503089            0.863651             0.00000            0.999496
4.17000            0.447811            0.893501             0.00000            0.999439
4.18000            0.390763            0.919820             0.00000            0.999382
4.19000            0.332169            0.942501             0.00000            0.999322
4.20000            0.272262            0.961456             0.00000            0.999261
4.21000            0.211278            0.976607             0.00000            0.999200
4.22000            0.149458            0.987895             0.00000            0.999137
4.23000           0.0870470            0.995274             0.00000            0.999074
4.24000           0.0242914            0.998715             0.00000            0.999010
4.25000          -0.0385604            0.998202             0.00000            0.998946
4.26000           -0.101260            0.993737             0.00000            0.998883
4.27000           -0.163558            0.985337             0.00000            0.998820
4.28000           -0.225208            0.973035             0.00000            0.998757
4.29000           -0.285966            0.956878             0.00000            0.998695
4.30000           -0.345591            0.936930             0.00000            0.998635
4.31000           -0.403847            0.913270             0.00000            0.998576
4.32000           -0.460502            0.885989             0.00000            0.998518
4.33000           -0.515332            0.855197             0.00000            0.998463
4.34000           -0.568118            0.821013             0.00000            0.998409
4.35000           -0.618652            0.783575             0.00000            0.998358
4.36000           -0.666732            0.743028             0.00000            0.998309
4.37000           -0.712167            0.699534             0.00000            0.998263
4.38000           -0.754777            0.653265             0.00000            0.998220
4.39000           -0.794392            0.604404             0.00000            0.998180
4.40000           -0.830855            0.553145             0.00000            0.998143
4.41000           -0.864021            0.499690             0.00000            0.998109
4.42000           -0.893757            0.444252             0.00000            0.998079
4.43000           -0.919946            0.387051             0.00000            0.998053
4.44000           -0.942483            0.328313             0.00000            0.998030
4.45000           -0.961278            0.268272             0.00000            0.998011
4.46000           -0.976257            0.207166             0.00000            0.997996
4.47000           -0.987359            0.145237             0.00000            0.997984
4.48000           -0.994542           0.0827319             0.00000            0.997977
4.49000           -0.997775           0.0198981             0.00000            0.997974
4.50000           -0.997047          -0.0430148             0.00000            0.997974
4.51000           -0.992360           -0.105757             0.00000            0.997979
4.52000           -0.983732           -0.168079             0.00000            0.997988
4.53000           -0.971199           -0.229734             0.00000            0.998001
4.54000           -0.954810           -0.290477             0.00000            0.998017
4.55000           -0.934630           -0.350066             0.00000            0.998038
4.56000           -0.910740           -0.408266             0.00000            0.998062
4.57000           -0.883234           -0.464845             0.00000            0.998090
4.58000           -0.852223           -0.519579             0.00000            0.998121
4.59000           -0.817829           -0.572251             0.00000            0.998156
4.60000           -0.780190           -0.622652             0.00000            0.998194
4.61000           -0.739455           -0.670582             0.00000            0.998236
4.62000           -0.695786           -0.715852             0.00000            0.998280
4.63000           -0.649357           -0.758282             0.00000            0.998327
4.64000           -0.600353           -0.797704             0.00000            0.998377
4.65000           -0.548967           -0.833963             0.00000            0.998429
4.66000           -0.495405           -0.866915             0.00000            0.998483
4.67000           -0.439879           -0.896430             0.00000            0.998539
4.68000           -0.382609           -0.922392             0.00000            0.998597
4.69000           -0.323823           -0.944698             0.00000            0.998657
4.70000           -0.263754           -0.963261             0.00000            0.998718
4.71000           -0.202639           -0.978007             0.00000            0.998780
4.72000           -0.140722           -0.988880             0.00000            0.998843
4.73000          -0.0782479           -0.995836             0.00000            0.998906
4.74000          -0.0154638           -0.998850             0.00000            0.998970
4.75000           0.0473816           -0.997909             0.00000            0.999033
4.76000            0.110039           -0.993018             0.00000            0.999097
4.77000            0.172262           -0.984198             0.00000            0.999160
4.78000            0.233803           -0.971484             0.00000            0.999222
4.79000            0.294419           -0.954927             0.00000            0.999284
4.80000            0.353870           -0.934593             0.00000            0.999344
4.81000            0.411922           -0.910564             0.00000            0.999403
4.82000            0.468346           -0.882934             0.00000            0.999460
4.83000            0.522918           -0.851814             0.00000            0.999515
4.84000            0.575424           -0.817328             0.00000            0.999569
4.85000            0.625656           -0.779612             0.00000            0.999620
4.86000            0.673415           -0.738815             0.00000            0.999668
4.87000            0.718515           -0.695100             0.00000            0.999714
4.88000            0.760776           -0.648639             0.00000            0.999757
4.89000            0.800033           -0.599617             0.00000            0.999796
4.90000            0.836130           -0.548226             0.00000            0.999833
4.91000            0.868926           -0.494671             0.00000            0.999866
4.92000            0.898292           -0.439163             0.00000            0.999896
4.93000            0.924111           -0.381921             0.00000            0.999922
4.94000            0.946282           -0.323172             0.00000            0.999945
4.95000            0.964718           -0.263147             0.00000            0.999963
4.96000            0.979346           -0.202083             0.00000            0.999978
4.97000            0.990109           -0.140222             0.00000            0.999989
4.98000            0.996964          -0.0778068             0.00000            0.999996
4.99000            0.999885          -0.0150850             0.00000            0.999999
5.00000            0.998860           0.0476963             0.00000            0.999998
5.01000            0.993892            0.110289             0.00000            0.999993
5.02000            0.985002            0.172447             0.00000            0.999984
5.03000            0.972225            0.233924             0.00000            0.999971
5.04000            0.955610            0.294478             0.00000            0.999954
5.05000            0.935224            0.353870             0.00000            0.999933
5.06000            0.911145            0.411865             0.00000            0.999909
5.07000            0.883470            0.468234             0.00000            0.999881
5.08000            0.852307            0.522754             0.00000            0.999849
5.09000            0.817779            0.575210             0.00000            0.999814
5.10000            0.780021            0.625395             0.00000            0.999776
5.11000            0.739183            0.673110             0.00000            0.999735
5.12000            0.695426            0.718167             0.00000            0.999690
5.13000            0.648922            0.760386             0.00000            0.999643
5.14000            0.599853            0.799602             0.00000            0.999593
5.15000            0.548415            0.835658             0.00000            0.999541
5.16000            0.494809            0.868411             0.00000            0.999487
5.17000            0.439247            0.897732             0.00000            0.999431
5.18000            0.381949            0.923504             0.00000            0.999373
5.19000            0.323141            0.945625             0.00000            0.999313
5.20000            0.263055            0.964005             0.00000            0.999252
5.21000            0.201928            0.978573             0.00000            0.999190
5.22000            0.140003            0.989270             0.00000            0.999127
5.23000           0.0775233            0.996052             0.00000            0.999064
5.24000           0.0147370            0.998891             0.00000            0.999000
5.25000          -0.0481076            0.997777             0.00000            0.998936
5.26000           -0.110762            0.992713             0.00000            0.998873
5.27000           -0.172977            0.983717             0.00000            0.998810
5.28000           -0.234508            0.970826             0.00000            0.998747
5.29000           -0.295109            0.954088             0.00000            0.998686
5.30000           -0.354541            0.933571             0.00000            0.998626
5.31000           -0.412568            0.909353             0.00000            0.998567
5.32000           -0.468960            0.881532             0.00000            0.998510
5.33000           -0.523493            0.850215             0.00000            0.998454
5.34000           -0.575950            0.815528             0.00000            0.998401
5.35000           -0.626124            0.777607             0.00000            0.998350
5.36000           -0.673814            0.736602             0.00000            0.998302
5.37000           -0.718831            0.692675             0.00000            0.998256
5.38000           -0.760996            0.645999             0.00000            0.998214
5.39000           -0.800142            0.596761             0.00000            0.998174
5.40000           -0.836113            0.545155             0.00000            0.998137
5.41000           -0.868765            0.491385             0.00000            0.998104
5.42000           -0.897970            0.435665             0.00000            0.998075
5.43000           -0.923610            0.378215             0.00000            0.998049
5.44000           -0.945583            0.319264             0.00000            0.998026
5.45000           -0.963803            0.259045             0.00000            0.998008
5.46000           -0.978196            0.197798             0.00000            0.997993
5.47000           -0.988705            0.135766             0.00000            0.997983
5.48000           -0.995288           0.0731949             0.00000            0.997976
5.49000           -0.997920           0.0103329             0.00000            0.997973
5.50000           -0.996589          -0.0525701             0.00000            0.997975
5.51000           -0.991301           -0.115264             0.00000            0.997980
5.52000           -0.982078           -0.177501             0.00000            0.997989
5.53000           -0.968954           -0.239033             0.00000            0.998003
5.54000           -0.951984           -0.299616             0.00000            0.998020
5.55000           -0.931235           -0.359009             0.00000            0.998041
5.56000           -0.906788           -0.416977             0.00000            0.998066
5.57000           -0.878743           -0.473290             0.00000            0.998094
5.58000           -0.847209           -0.527724             0.00000            0.998126
5.59000           -0.812313           -0.580064             0.00000            0.998162
5.60000           -0.774193           -0.630102             0.00000            0.998200
5.61000           -0.733001           -0.677640             0.00000            0.998242
5.62000           -0.688901           -0.722489             0.00000            0.998287
5.63000           -0.642069           -0.764473             0.00000            0.998334
5.64000           -0.592689           -0.803424             0.00000            0.998384
5.65000           -0.540960           -0.839189             0.00000            0.998437
5.66000           -0.487085           -0.871627             0.00000            0.998491
5.67000           -0.431279           -0.900609             0.00000            0.998548
5.68000           -0.373764           -0.926021             0.00000            0.998606
5.69000           -0.314768           -0.947763             0.00000            0.998666
5.70000           -0.254524           -0.965750             0.00000            0.998727
5.71000           -0.193272           -0.979911             0.00000            0.998789
5.72000           -0.131254           -0.990191             0.00000            0.998852
5.73000          -0.0687168           -0.996549             0.00000            0.998915
5.74000         -0.00590734           -0.998962             0.00000            0.998979
5.75000           0.0569255           -0.997420             0.00000            0.999043
5.76000            0.119533           -0.991930             0.00000            0.999106
5.77000            0.181668           -0.982515             0.00000            0.999169
5.78000            0.243084           -0.969213             0.00000            0.999232
5.79000            0.303538           -0.952077             0.00000            0.999293
5.80000            0.362792           -0.931176             0.00000            0.999353
5.81000            0.420611           -0.906592             0.00000            0.999412
5.82000            0.476767           -0.878425             0.00000            0.999468
5.83000            0.531039           -0.846785             0.00000            0.999523
5.84000            0.583212           -0.811798             0.00000            0.999576
5.85000            0.633081           -0.773604             0.00000            0.999627
5.86000            0.680448           -0.732353             0.00000            0.999675
5.87000            0.725127           -0.688209             0.00000            0.999720
5.88000            0.766942           -0.641346             0.00000            0.999763
5.89000            0.805728           -0.591951             0.00000            0.999802
5.90000            0.841332           -0.540218             0.00000            0.999838
5.91000            0.873615           -0.486353             0.00000            0.999871
5.92000            0.902448           -0.430567             0.00000            0.999900
5.93000            0.927719           -0.373081             0.00000            0.999926
5.94000            0.949327           -0.314122             0.00000            0.999948
5.95000            0.967189           -0.253924             0.00000            0.999966
5.96000            0.981233           -0.192723             0.00000            0.999980
5.97000            0.991404           -0.130762             0.00000            0.999990
5.98000            0.997662          -0.0682847             0.00000            0.999997
5.99000            0.999984         -0.00553784             0.00000            0.999999
6.00000            0.998358           0.0572308             0.00000            0.999997
6.01000            0.992793            0.119774             0.00000            0.999992
6.02000            0.983309            0.181844             0.00000            0.999982
6.03000            0.969945            0.243196             0.00000            0.999968
6.04000            0.952752            0.303589             0.00000            0.999951
6.05000            0.931798            0.362783             0.00000            0.999930
6.06000            0.907167            0.420545             0.00000            0.999905
6.07000            0.878954            0.476647             0.00000            0.999876
6.08000            0.847271            0.530867             0.00000            0.999844
6.09000            0.812243            0.582991             0.00000            0.999809
6.10000            0.774007            0.632813             0.00000            0.999770
6.11000            0.732715            0.680136             0.00000            0.999728
6.12000            0.688528            0.724773             0.00000            0.999683
6.13000            0.641622            0.766546             0.00000            0.999636
6.14000            0.592180            0.805291             0.00000            0.999585
6.15000            0.540399            0.840854             0.00000            0.999533
6.16000            0.486482            0.873093             0.00000            0.999478
6.17000            0.430642            0.901882             0.00000            0.999422
6.18000            0.373100            0.927105             0.00000            0.999363
6.19000            0.314082            0.948662             0.00000            0.999304
6.20000            0.253822            0.966468             0.00000            0.999242
6.21000            0.192559            0.980450             0.00000            0.999180
6.22000            0.130533            0.990554             0.00000            0.999117
6.23000           0.0679909            0.996738             0.00000            0.999054
6.24000          0.00517971            0.998977             0.00000            0.998990
6.25000          -0.0576520            0.997262             0.00000            0.998927
6.26000           -0.120255            0.991598             0.00000            0.998863
6.27000           -0.182383            0.982007             0.00000            0.998800
6.28000           -0.243787            0.968527             0.00000            0.998738
6.29000           -0.304226            0.951210             0.00000            0.998677
6.30000           -0.363460            0.930125             0.00000            0.998617
6.31000           -0.421253            0.905353             0.00000            0.998558
6.32000           -0.477377            0.876992             0.00000            0.998501
6.33000           -0.531608            0.845155             0.00000            0.998446
6.34000           -0.583731            0.809967             0.00000            0.998393
6.35000           -0.633539            0.771567             0.00000            0.998343
6.36000           -0.680835            0.730107             0.00000            0.998295
6.37000           -0.725430            0.685751             0.00000            0.998250
6.38000           -0.767147            0.638674             0.00000            0.998207
6.39000           -0.805819            0.589062             0.00000            0.998168
6.40000           -0.841295            0.537114             0.00000            0.998132
6.41000           -0.873431            0.483033             0.00000            0.998099
6.42000           -0.902100            0.427035             0.00000            0.998070
6.43000           -0.927189            0.369343             0.00000            0.998045
6.44000           -0.948597            0.310184             0.00000            0.998023
6.45000           -0.966239            0.249793             0.00000            0.998005
6.46000           -0.980045            0.188411             0.00000            0.997991
6.47000           -0.989959            0.126281             0.00000            0.997981
6.48000           -0.995943           0.0636495             0.00000            0.997975
6.49000           -0.997973         0.000765181             0.00000            0.997973
6.50000           -0.996040          -0.0621222             0.00000            0.997975
6.51000           -0.990152           -0.124763             0.00000            0.997981
6.52000           -0.980332           -0.186908             0.00000            0.997991
6.53000           -0.966621           -0.248311             0.00000            0.998005
6.54000           -0.949071           -0.308729             0.00000            0.998023
6.55000           -0.927754           -0.367920             0.00000            0.998044
6.56000           -0.902753           -0.425652             0.00000            0.998070
6.57000           -0.874170           -0.481693             0.00000            0.998099
6.58000           -0.842116           -0.535823             0.00000            0.998131
6.59000           -0.806721           -0.587826             0.00000            0.998167
6.60000           -0.768124           -0.637496             0.00000            0.998206
6.61000           -0.726479           -0.684637             0.00000            0.998248
6.62000           -0.681952           -0.729062             0.00000            0.998293
6.63000           -0.634720           -0.770595             0.00000            0.998341
6.64000           -0.584970           -0.809071             0.00000            0.998392
6.65000           -0.532901           -0.844339             0.00000            0.998445
6.66000           -0.478719           -0.876259             0.00000            0.998500
6.67000           -0.422639           -0.904705             0.00000            0.998556
6.68000           -0.364883           -0.929565             0.00000            0.998615
6.69000           -0.305682           -0.950742             0.00000            0.998675
6.70000           -0.245269           -0.968151             0.00000            0.998736
6.71000           -0.183885           -0.981725             0.00000            0.998798
6.72000           -0.121773           -0.991411             0.00000            0.998861
6.73000          -0.0591778           -0.997170             0.00000            0.998925
6.74000          0.00365126           -0.998982             0.00000            0.998989
6.75000           0.0664659           -0.996839             0.00000            0.999052
6.76000            0.129018           -0.990751             0.00000            0.999116
6.77000            0.191059           -0.980742             0.00000            0.999179
6.78000            0.252344           -0.966853             0.00000            0.999241
6.79000            0.312631           -0.949140             0.00000            0.999302
6.80000            0.371682           -0.927673             0.00000            0.999362
6.81000            0.429263           -0.902538             0.00000            0.999420
6.82000            0.485146           -0.873834             0.00000            0.999477
6.83000            0.539113           -0.841677             0.00000            0.999531
6.84000            0.590948           -0.806194             0.00000            0.999584
6.85000            0.640449           -0.767524             0.00000            0.999634
6.86000            0.687419           -0.725823             0.00000            0.999682
6.87000            0.731674           -0.681254             0.00000            0.999727
6.88000            0.773039           -0.633994             0.00000            0.999769
6.89000            0.811351           -0.584230             0.00000            0.999807
6.90000            0.846459           -0.532160             0.00000            0.999843
6.91000            0.878224           -0.477988             0.00000            0.999875
6.92000            0.906523           -0.421929             0.00000            0.999904
6.93000            0.931243           -0.364205             0.00000            0.999929
6.94000            0.952287           -0.305043             0.00000            0.999950
6.95000            0.969572           -0.244676             0.00000            0.999968
6.96000            0.983030           -0.183344             0.00000            0.999982
6.97000            0.992608           -0.121289             0.00000            0.999991
6.98000            0.998269          -0.0587546             0.00000            0.999997
6.99000            0.999991          0.00401149             0.00000            0.999999
7.00000            0.997765           0.0667618             0.00000            0.999997
7.01000            0.991602            0.129249             0.00000            0.999990
7.02000            0.981526            0.191225             0.00000            0.999980
7.03000            0.967575            0.252447             0.00000            0.999966
7.04000            0.949806            0.312673             0.00000            0.999948
7.05000            0.928288            0.371664             0.00000            0.999926
7.06000            0.903105            0.429189             0.00000            0.999901
7.07000            0.874357            0.485019             0.00000            0.999871
7.08000            0.842157            0.538934             0.00000            0.999839
7.09000            0.806632            0.590721             0.00000            0.999803
7.10000            0.767921            0.640175             0.00000            0.999764
7.11000            0.726178            0.687101             0.00000            0.999721
7.12000            0.681566            0.731314             0.00000            0.999676
7.13000            0.634262            0.772637             0.00000            0.999628
7.14000            0.584452            0.810907             0.00000            0.999577
7.15000            0.532333            0.845974             0.00000            0.999525
7.16000            0.478109            0.877696             0.00000            0.999470
7.17000            0.421996            0.905950             0.00000            0.999413
7.18000            0.364215            0.930622             0.00000            0.999354
7.19000            0.304993            0.951613             0.00000            0.999294
7.20000            0.244565            0.968842             0.00000            0.999233
7.21000            0.183170            0.982238             0.00000            0.999171
7.22000            0.121050            0.991747             0.00000            0.999108
7.23000           0.0584506            0.997333             0.00000            0.999044
7.24000         -0.00437971            0.998971             0.00000            0.998980
7.25000          -0.0671927            0.996654             0.00000            0.998917
7.26000           -0.129740            0.990392             0.00000            0.998853
7.27000           -0.191773            0.980207             0.00000            0.998790
7.28000           -0.253046            0.966140             0.00000            0.998728
7.29000           -0.313317            0.948245             0.00000            0.998667
7.30000           -0.372347            0.926593             0.00000            0.998607
7.31000           -0.429901            0.901269             0.00000            0.998549
7.32000           -0.485751            0.872372             0.00000            0.998492
7.33000           -0.539675            0.840017             0.00000            0.998438
7.34000           -0.591459            0.804331             0.00000            0.998385
7.35000           -0.640898            0.765456             0.00000            0.998335
7.36000           -0.687795            0.723544             0.00000            0.998288
7.37000           -0.731963            0.678762             0.00000            0.998243
7.38000           -0.773228            0.631288             0.00000            0.998201
7.39000           -0.811424            0.581308             0.00000            0.998162
7.40000           -0.846400            0.529022             0.00000            0.998127
7.41000           -0.878017            0.474636             0.00000            0.998095
7.42000           -0.906149            0.418366             0.00000            0.998066
7.43000           -0.930684            0.360435             0.00000            0.998041
7.44000           -0.951524            0.301074             0.00000            0.998020
7.45000           -0.968587            0.240517             0.00000            0.998003
7.46000           -0.981804            0.179005             0.00000            0.997989
7.47000           -0.991123            0.116783             0.00000            0.997980
7.48000           -0.996507           0.0540966             0.00000            0.997974
7.49000           -0.997934         -0.00880424             0.00000            0.997973
7.50000           -0.995399          -0.0716702             0.00000            0.997976
7.51000           -0.988911           -0.134252             0.00000            0.997982
7.52000           -0.978497           -0.196300             0.00000            0.997993
7.53000           -0.964197           -0.257569             0.00000            0.998007
7.54000           -0.946070           -0.317815             0.00000            0.998026
7.55000           -0.924187           -0.376800             0.00000            0.998048
7.56000           -0.898635           -0.434289             0.00000            0.998074
7.57000           -0.869516           -0.490053             0.00000            0.998103
7.58000           -0.836945           -0.543873             0.00000            0.998136
7.59000           -0.801054           -0.595535             0.00000            0.998173
7.60000           -0.761983           -0.644833             0.00000            0.998212
7.61000           -0.719889           -0.691573             0.00000            0.998255
7.62000           -0.674939           -0.735569             0.00000            0.998300
7.63000           -0.627312           -0.776647             0.00000            0.998349
7.64000           -0.577196           -0.814645             0.00000            0.998400
7.65000           -0.524792           -0.849412             0.00000            0.998453
7.66000           -0.470307           -0.880812             0.00000            0.998508
7.67000           -0.413958           -0.908719             0.00000            0.998565
7.68000           -0.355968           -0.933026             0.00000            0.998624
7.69000           -0.296567           -0.953634             0.00000            0.998684
7.70000           -0.235991           -0.970464             0.00000            0.998745
7.71000           -0.174480           -0.983450             0.00000            0.998808
7.72000           -0.112278           -0.992540             0.00000            0.998871
7.73000          -0.0496318           -0.997701             0.00000            0.998934
7.74000           0.0132111           -0.998911             0.00000            0.998998
7.75000           0.0760018           -0.996167             0.00000            0.999062
7.76000            0.138492           -0.989480             0.00000            0.999125
7.77000            0.200434           -0.978878             0.00000            0.999188
7.78000            0.261583           -0.964404             0.00000            0.999250
7.79000            0.321697           -0.946115             0.00000            0.999311
7.80000            0.380539           -0.924084             0.00000            0.999371
7.81000            0.437876           -0.898400             0.00000            0.999429
7.82000            0.493483           -0.869164             0.00000            0.999485
7.83000            0.547138           -0.836492             0.00000            0.999539
7.84000            0.598632           -0.800514             0.00000            0.999592
7.85000            0.647760           -0.761374             0.00000            0.999641
7.86000            0.694329           -0.719225             0.00000            0.999689
7.87000            0.738155           -0.674235             0.00000            0.999733
7.88000            0.779066           -0.626582             0.00000            0.999775
7.89000            0.816900           -0.576455             0.00000            0.999813
7.90000            0.851508           -0.524051             0.00000            0.999848
7.91000            0.882754           -0.469579             0.00000            0.999880
7.92000            0.910515           -0.413252             0.00000            0.999908
7.93000            0.934682           -0.355294             0.00000            0.999932
7.94000            0.955159           -0.295934             0.00000            0.999953
7.95000            0.971867           -0.235405             0.00000            0.999970
7.96000            0.984738           -0.173947             0.00000            0.999983
7.97000            0.993723           -0.111803             0.00000            0.999992
7.98000            0.998785          -0.0492176             0.00000            0.999997
7.99000            0.999907           0.0135621             0.00000            0.999999
8.00000            0.997081           0.0762883             0.00000            0.999996
8.01000            0.990321            0.138713             0.00000            0.999989
8.02000            0.979653            0.200591             0.00000            0.999978
8.03000            0.965117            0.261677             0.00000            0.999963
8.04000            0.946773            0.321730             0.00000            0.999945
8.05000            0.924691            0.380513             0.00000            0.999922
8.06000            0.898960            0.437794             0.00000            0.999896
8.07000            0.869679            0.493347             0.00000            0.999867
8.08000            0.836965            0.546952             0.00000            0.999833
8.09000            0.800946            0.598397             0.00000            0.999797
8.10000            0.761764            0.647480             0.00000            0.999757
8.11000            0.719573            0.694005             0.00000            0.999714
8.12000            0.674541            0.737789             0.00000            0.999669
8.13000            0.626843            0.778658             0.00000            0.999620
8.14000            0.576669            0.816451             0.00000            0.999569
8.15000            0.524216            0.851017             0.00000            0.999516
8.16000            0.469692            0.882220             0.00000            0.999461
8.17000            0.413310            0.909936             0.00000            0.999404
8.18000            0.355295            0.934054             0.00000            0.999345
8.19000            0.295874            0.954478             0.00000            0.999285
8.20000            0.235284            0.971128             0.00000            0.999223
8.21000            0.173762            0.983936             0.00000            0.999161
8.22000            0.111554            0.992851             0.00000            0.999098
8.23000           0.0489034            0.997837             0.00000            0.999034
8.24000          -0.0139403            0.998873             0.00000            0.998971
8.25000          -0.0767289            0.995956             0.00000            0.998907
8.26000           -0.139214            0.989095             0.00000            0.998844
8.27000           -0.201147            0.978316             0.00000            0.998781
8.28000           -0.262284            0.963663             0.00000            0.998719
8.29000           -0.322381            0.945192             0.00000            0.998658
8.30000           -0.381201            0.922976             0.00000            0.998598
8.31000           -0.438511            0.897101             0.00000            0.998540
8.32000           -0.494082            0.867671             0.00000            0.998484
8.33000           -0.547694            0.834801             0.00000            0.998429
8.34000           -0.599135            0.798620             0.00000            0.998377
8.35000           -0.648199            0.759273             0.00000            0.998328
8.36000           -0.694693            0.716914             0.00000            0.998280
8.37000           -0.738431            0.671711             0.00000            0.998236
8.38000           -0.779239            0.623843             0.00000            0.998195
8.39000           -0.816955            0.573499             0.00000            0.998156
8.40000           -0.851429            0.520880             0.00000            0.998121
8.41000           -0.882523            0.466193             0.00000            0.998090
8.42000           -0.910115            0.409656             0.00000            0.998062
8.43000           -0.934094            0.351493             0.00000            0.998038
8.44000           -0.954365            0.291934             0.00000            0.998017
8.45000           -0.970847            0.231217             0.00000            0.998000
8.46000           -0.983474            0.169581             0.00000            0.997988
8.47000           -0.992197            0.107272             0.00000            0.997979
8.48000           -0.996980           0.0445372             0.00000            0.997974
8.49000           -0.997804          -0.0183745             0.00000            0.997973
8.50000           -0.994666          -0.0812132             0.00000            0.997976
8.51000           -0.987579           -0.143729             0.00000            0.997983
8.52000           -0.976571           -0.205675             0.00000            0.997994
8.53000           -0.961685           -0.266804             0.00000            0.998010
8.54000           -0.942982           -0.326874             0.00000            0.998029
8.55000           -0.920534           -0.385646             0.00000            0.998051
8.56000           -0.894433           -0.442887             0.00000            0.998078
8.57000           -0.864781           -0.498370             0.00000            0.998108
8.58000           -0.831697           -0.551875             0.00000            0.998141
8.59000           -0.795312           -0.603190             0.00000            0.998178
8.60000           -0.755771           -0.652112             0.00000            0.998218
8.61000           -0.713232           -0.698446             0.00000            0.998261
8.62000           -0.667863           -0.742009             0.00000            0.998307
8.63000           -0.619844           -0.782629             0.00000            0.998356
8.64000           -0.569368           -0.820145             0.00000            0.998407
8.65000           -0.516634           -0.854408             0.00000            0.998461
8.66000           -0.461851           -0.885284             0.00000            0.998516
8.67000           -0.405237           -0.912651             0.00000            0.998574
8.68000           -0.347018           -0.936401             0.00000            0.998633
8.69000           -0.287423           -0.956439             0.00000            0.998693
8.70000           -0.226689           -0.972689             0.00000            0.998755
8.71000           -0.165057           -0.985085             0.00000            0.998817
8.72000           -0.102772           -0.993579             0.00000            0.998880
8.73000          -0.0400796           -0.998140             0.00000            0.998944
8.74000           0.0227714           -0.998748             0.00000            0.999008
8.75000           0.0855324           -0.995403             0.00000            0.999071
8.76000            0.147955           -0.988119             0.00000            0.999135
8.77000            0.209792           -0.976925             0.00000            0.999197
8.78000            0.270799           -0.961866             0.00000            0.999259
8.79000            0.330735           -0.943003             0.00000            0.999320
8.80000            0.389363           -0.920410             0.00000            0.999379
8.81000            0.446451           -0.894179             0.00000            0.999437
8.82000            0.501775           -0.864412             0.00000            0.999493
8.83000            0.555115           -0.831229             0.00000            0.999547
8.84000            0.606262           -0.794761             0.00000            0.999599
8.85000            0.655013           -0.755152             0.00000            0.999649
8.86000            0.701177           -0.712561             0.00000            0.999695
8.87000            0.744570           -0.667154             0.00000            0.999739
8.88000            0.785023           -0.619112             0.00000            0.999780
8.89000            0.822376           -0.568626             0.00000            0.999818
8.90000            0.856481           -0.515894             0.00000            0.999853
8.91000            0.887205           -0.461125             0.00000            0.999884
8.92000            0.914426           -0.404536             0.00000            0.999912
8.93000            0.938037           -0.346349             0.00000            0.999936
8.94000            0.957946           -0.286796             0.00000            0.999956
8.95000            0.974073           -0.226111             0.00000            0.999972
8.96000            0.986356           -0.164533             0.00000            0.999985
8.97000            0.994746           -0.102305             0.00000            0.999993
8.98000            0.999210          -0.0396745             0.00000            0.999998
8.99000            0.999731           0.0231130             0.00000            0.999998
9.00000            0.996306           0.0858094             0.00000            0.999995
9.01000            0.988949            0.148167             0.00000            0.999987
9.02000            0.977690            0.209940             0.00000            0.999976
9.03000            0.962571            0.270884             0.00000            0.999961
9.04000            0.943653            0.330759             0.00000            0.999941
9.05000            0.921010            0.389329             0.00000            0.999918
9.06000            0.894732            0.446362             0.00000            0.999892
9.07000            0.864921            0.501632             0.00000            0.999862
9.08000            0.831695            0.554922             0.00000            0.999828
9.09000            0.795186            0.606021             0.00000            0.999791
9.10000            0.755536            0.654726             0.00000            0.999751
9.11000            0.712902            0.700846             0.00000            0.999707
9.12000            0.667452            0.744198             0.00000            0.999661
9.13000            0.619366            0.784609             0.00000            0.999613
9.14000            0.568832            0.821920             0.00000            0.999561
9.15000            0.516050            0.855983             0.00000            0.999508
9.16000            0.461229            0.886664             0.00000            0.999452
9.17000            0.404585            0.913839             0.00000            0.999395
9.18000            0.346341            0.937401             0.00000            0.999336
9.19000            0.286727            0.957256             0.00000            0.999275
9.20000            0.225979            0.973325             0.00000            0.999214
9.21000            0.164338            0.985544             0.00000            0.999151
9.22000            0.102046            0.993863             0.00000            0.999088
9.23000           0.0393501            0.998249             0.00000            0.999024
9.24000          -0.0235013            0.998684             0.00000            0.998961
9.25000          -0.0862597            0.995166             0.00000            0.998897
9.26000           -0.148677            0.987707             0.00000            0.998834
9.27000           -0.210505            0.976336             0.00000            0.998771
9.28000           -0.271499            0.961098             0.00000            0.998709
9.29000           -0.331417            0.942052             0.00000            0.998649
9.30000           -0.390022            0.919273             0.00000            0.998589
9.31000           -0.447082            0.892851             0.00000            0.998531
9.32000           -0.502369            0.862889             0.00000            0.998475
9.33000           -0.555665            0.829507             0.00000            0.998421
9.34000           -0.606757            0.792835             0.00000            0.998369
9.35000           -0.655442            0.753019             0.00000            0.998320
9.36000           -0.701528            0.710216             0.00000            0.998273
9.37000           -0.744831            0.664596             0.00000            0.998229
9.38000           -0.785179            0.616339             0.00000            0.998188
9.39000           -0.822411            0.565636             0.00000            0.998151
9.40000           -0.856380            0.512689             0.00000            0.998116
9.41000           -0.886949            0.457706             0.00000            0.998085
9.42000           -0.913998            0.400907             0.00000            0.998058
9.43000           -0.937419            0.342517             0.00000            0.998034
9.44000           -0.957118            0.282766             0.00000            0.998014
9.45000           -0.973018            0.221894             0.00000            0.997998
9.46000           -0.985054            0.160140             0.00000            0.997986
9.47000           -0.993179           0.0977499             0.00000            0.997977
9.48000           -0.997360           0.0349720             0.00000            0.997973
9.49000           -0.997582          -0.0279447             0.00000            0.997973
9.50000           -0.993842          -0.0907504             0.00000            0.997977
9.51000           -0.986156           -0.153196             0.00000            0.997985
9.52000           -0.974555           -0.215033             0.00000            0.997996
9.53000           -0.959084           -0.276016             0.00000            0.998012
9.54000           -0.939806           -0.335904             0.00000            0.998032
9.55000           -0.916797           -0.394458             0.00000            0.998055
9.56000           -0.890148           -0.451446             0.00000            0.998082
9.57000           -0.859966           -0.506643             0.00000            0.998112
9.58000           -0.826371           -0.559828             0.00000            0.998147
9.59000           -0.789496           -0.610792             0.00000            0.998184
9.60000           -0.749489           -0.659332             0.00000            0.998224
9.61000           -0.706508           -0.705256             0.00000            0.998268
9.62000           -0.660724           -0.748382             0.00000            0.998314
9.63000           -0.612319           -0.788540             0.00000            0.998364
9.64000           -0.561486           -0.825570             0.00000            0.998415
9.65000           -0.508426           -0.859327             0.00000            0.998469
9.66000           -0.453351           -0.889677             0.00000            0.998525
9.67000           -0.396478           -0.916500             0.00000            0.998582
9.68000           -0.338034           -0.939690             0.00000            0.998642
9.69000           -0.278251           -0.959157             0.00000            0.998702
9.70000           -0.217365           -0.974824             0.00000            0.998764
9.71000           -0.155618           -0.986629             0.00000            0.998827
9.72000          -0.0932547           -0.994527             0.00000            0.998890
9.73000          -0.0305221           -0.998487             0.00000            0.998953
9.74000           0.0323313           -0.998494             0.00000            0.999017
9.75000           0.0950567           -0.994548             0.00000            0.999081
9.76000            0.157406           -0.986667             0.00000            0.999144
9.77000            0.219132           -0.974882             0.00000            0.999207
9.78000            0.279992           -0.959240             0.00000            0.999268
9.79000            0.339744           -0.939804             0.00000            0.999329
9.80000            0.398153           -0.916652             0.00000            0.999388
9.81000            0.454987           -0.889875             0.00000            0.999446
9.82000            0.510023           -0.859581             0.00000            0.999501
9.83000            0.563043           -0.825889             0.00000            0.999555
9.84000            0.613838           -0.788934             0.00000            0.999607
9.85000            0.662208           -0.748861             0.00000            0.999656
9.86000            0.707961           -0.705830             0.00000            0.999702
9.87000            0.750918           -0.660010             0.00000            0.999746
9.88000            0.790909           -0.611584             0.00000            0.999786
9.89000            0.827777           -0.560743             0.00000            0.999824
9.90000            0.861376           -0.507688             0.00000            0.999858
9.91000            0.891574           -0.452628             0.00000            0.999888
9.92000            0.918253           -0.395781             0.00000            0.999915
9.93000            0.941307           -0.337372             0.00000            0.999939
9.94000            0.960645           -0.277631             0.00000            0.999958
9.95000            0.976191           -0.216794             0.00000            0.999974
9.96000            0.987884           -0.155101             0.00000            0.999986
9.97000            0.995679          -0.0927969             0.00000            0.999994
9.98000            0.999544          -0.0301261             0.00000            0.999998
9.99000            0.999464           0.0326635             0.00000            0.999998
10.0000            0.995440           0.0953243             0.00000            0.999994
