#Time(Yr)                K_Ea                U_Ea             Etot_Ea                L_Ea
0.00000         5.92246E-05        -0.000118569        -5.93448E-05        3.557506E-10
0.01000000        5.922488E-05       -0.0001185697       -5.934483E-05        3.557506E-10
0.02000000        5.922559E-05       -0.0001185704       -5.934483E-05        3.557506E-10
0.03000000        5.922677E-05       -0.0001185716       -5.934483E-05        3.557506E-10
0.04000000        5.922842E-05       -0.0001185733       -5.934483E-05        3.557506E-10
0.05000000        5.923053E-05       -0.0001185754       -5.934483E-05        3.557506E-10
0.06000000        5.923309E-05       -0.0001185779       -5.934483E-05        3.557506E-10
0.07000000        5.923609E-05       -0.0001185809       -5.934483E-05        3.557506E-10
0.08000000        5.923952E-05       -0.0001185844       -5.934483E-05        3.557506E-10
0.09000000        5.924336E-05       -0.0001185882       -5.934484E-05        3.557506E-10
0.1000000        5.924761E-05       -0.0001185924       -5.934484E-05        3.557506E-10
0.1100000        5.925224E-05       -0.0001185971       -5.934484E-05        3.557506E-10
0.1200000        5.925724E-05       -0.0001186021       -5.934484E-05        3.557506E-10
0.1300000        5.926259E-05       -0.0001186074       -5.934484E-05        3.557506E-10
0.1400000        5.926826E-05       -0.0001186131       -5.934484E-05        3.557506E-10
0.1500000        5.927423E-05       -0.0001186191       -5.934484E-05        3.557506E-10
0.1600000        5.928048E-05       -0.0001186253       -5.934484E-05        3.557506E-10
0.1700000        5.928699E-05       -0.0001186318       -5.934484E-05        3.557506E-10
0.1800000        5.929373E-05       -0.0001186386       -5.934484E-05        3.557506E-10
0.1900000        5.930068E-05       -0.0001186455       -5.934484E-05        3.557506E-10
0.2000000        5.930780E-05       -0.0001186526       -5.934484E-05        3.557506E-10
0.2100000        5.931506E-05       -0.0001186599       -5.934484E-05        3.557506E-10
0.2200000        5.932245E-05       -0.0001186673       -5.934484E-05        3.557506E-10
0.2300000        5.932992E-05       -0.0001186748       -5.934484E-05        3.557506E-10
0.2400000        5.933746E-05       -0.0001186823       -5.934484E-05        3.557506E-10
0.2500000        5.934503E-05       -0.0001186899       -5.934484E-05        3.557506E-10
0.2600000        5.935260E-05       -0.0001186974       -5.934484E-05        3.557506E-10
0.2700000        5.936014E-05       -0.0001187050       -5.934484E-05        3.557506E-10
0.2800000        5.936762E-05       -0.0001187125       -5.934484E-05        3.557506E-10
0.2900000        5.937501E-05       -0.0001187198       -5.934484E-05        3.557506E-10
0.3000000        5.938228E-05       -0.0001187271       -5.934484E-05        3.557506E-10
0.3100000        5.938941E-05       -0.0001187342       -5.934484E-05        3.557506E-10
0.3200000        5.939636E-05       -0.0001187412       -5.934484E-05        3.557506E-10
0.3300000        5.940311E-05       -0.0001187479       -5.934484E-05        3.557506E-10
0.3400000        5.940962E-05       -0.0001187545       -5.934484E-05        3.557506E-10
0.3500000        5.941589E-05       -0.0001187607       -5.934484E-05        3.557506E-10
0.3600000        5.942187E-05       -0.0001187667       -5.934484E-05        3.557506E-10
0.3700000        5.942755E-05       -0.0001187724       -5.934484E-05        3.557506E-10
0.3800000        5.943290E-05       -0.0001187777       -5.934484E-05        3.557506E-10
0.3900000        5.943790E-05       -0.0001187827       -5.934484E-05        3.557506E-10
0.4000000        5.944253E-05       -0.0001187874       -5.934484E-05        3.557506E-10
0.4100000        5.944678E-05       -0.0001187916       -5.934484E-05        3.557506E-10
0.4200000        5.945062E-05       -0.0001187955       -5.934484E-05        3.557506E-10
0.4300000        5.945404E-05       -0.0001187989       -5.934484E-05        3.557506E-10
0.4400000        5.945703E-05       -0.0001188019       -5.934484E-05        3.557506E-10
0.4500000        5.945958E-05       -0.0001188044       -5.934484E-05        3.557506E-10
0.4600000        5.946166E-05       -0.0001188065       -5.934484E-05        3.557506E-10
0.4700000        5.946329E-05       -0.0001188081       -5.934484E-05        3.557506E-10
0.4800000        5.946445E-05       -0.0001188093       -5.934484E-05        3.557506E-10
0.4900000        5.946513E-05       -0.0001188100       -5.934484E-05        3.557506E-10
0.5000000        5.946533E-05       -0.0001188102       -5.934484E-05        3.557506E-10
0.5100000        5.946505E-05       -0.0001188099       -5.934484E-05        3.557506E-10
0.5200000        5.946430E-05       -0.0001188091       -5.934484E-05        3.557506E-10
0.5300000        5.946307E-05       -0.0001188079       -5.934484E-05        3.557506E-10
0.5400000        5.946138E-05       -0.0001188062       -5.934484E-05        3.557506E-10
0.5500000        5.945922E-05       -0.0001188041       -5.934484E-05        3.557506E-10
0.5600000        5.945661E-05       -0.0001188014       -5.934484E-05        3.557506E-10
0.5700000        5.945355E-05       -0.0001187984       -5.934484E-05        3.557506E-10
0.5800000        5.945007E-05       -0.0001187949       -5.934484E-05        3.557506E-10
0.5900000        5.944616E-05       -0.0001187910       -5.934484E-05        3.557506E-10
0.6000000        5.944186E-05       -0.0001187867       -5.934484E-05        3.557506E-10
0.6100000        5.943717E-05       -0.0001187820       -5.934484E-05        3.557506E-10
0.6200000        5.943211E-05       -0.0001187770       -5.934484E-05        3.557506E-10
0.6300000        5.942671E-05       -0.0001187716       -5.934484E-05        3.557506E-10
0.6400000        5.942099E-05       -0.0001187658       -5.934484E-05        3.557506E-10
0.6500000        5.941496E-05       -0.0001187598       -5.934484E-05        3.557506E-10
0.6600000        5.940866E-05       -0.0001187535       -5.934484E-05        3.557506E-10
0.6700000        5.940210E-05       -0.0001187469       -5.934484E-05        3.557506E-10
0.6800000        5.939532E-05       -0.0001187402       -5.934484E-05        3.557506E-10
0.6900000        5.938834E-05       -0.0001187332       -5.934484E-05        3.557506E-10
0.7000000        5.938119E-05       -0.0001187260       -5.934484E-05        3.557506E-10
0.7100000        5.937390E-05       -0.0001187187       -5.934484E-05        3.557506E-10
0.7200000        5.936649E-05       -0.0001187113       -5.934484E-05        3.557506E-10
0.7300000        5.935900E-05       -0.0001187038       -5.934484E-05        3.557506E-10
0.7400000        5.935146E-05       -0.0001186963       -5.934484E-05        3.557506E-10
0.7500000        5.934389E-05       -0.0001186887       -5.934484E-05        3.557506E-10
0.7600000        5.933632E-05       -0.0001186812       -5.934484E-05        3.557506E-10
0.7700000        5.932880E-05       -0.0001186736       -5.934484E-05        3.557506E-10
0.7800000        5.932133E-05       -0.0001186662       -5.934484E-05        3.557506E-10
0.7900000        5.931396E-05       -0.0001186588       -5.934484E-05        3.557506E-10
0.8000000        5.930672E-05       -0.0001186516       -5.934484E-05        3.557506E-10
0.8100000        5.929962E-05       -0.0001186445       -5.934484E-05        3.557505E-10
0.8200000        5.929271E-05       -0.0001186376       -5.934484E-05        3.557505E-10
0.8300000        5.928600E-05       -0.0001186308       -5.934484E-05        3.557505E-10
0.8400000        5.927953E-05       -0.0001186244       -5.934484E-05        3.557505E-10
0.8500000        5.927332E-05       -0.0001186182       -5.934484E-05        3.557505E-10
0.8600000        5.926739E-05       -0.0001186122       -5.934484E-05        3.557505E-10
0.8700000        5.926176E-05       -0.0001186066       -5.934484E-05        3.557505E-10
0.8800000        5.925647E-05       -0.0001186013       -5.934484E-05        3.557505E-10
0.8900000        5.925153E-05       -0.0001185964       -5.934484E-05        3.557505E-10
0.9000000        5.924695E-05       -0.0001185918       -5.934484E-05        3.557505E-10
0.9100000        5.924276E-05       -0.0001185876       -5.934484E-05        3.557505E-10
0.9200000        5.923898E-05       -0.0001185838       -5.934484E-05        3.557505E-10
0.9300000        5.923562E-05       -0.0001185805       -5.934484E-05        3.557505E-10
0.9400000        5.923268E-05       -0.0001185775       -5.934484E-05        3.557505E-10
0.9500000        5.923019E-05       -0.0001185750       -5.934484E-05        3.557505E-10
0.9600000        5.922815E-05       -0.0001185730       -5.934484E-05        3.557505E-10
0.9700000        5.922658E-05       -0.0001185714       -5.934484E-05        3.557505E-10
0.9800000        5.922547E-05       -0.0001185703       -5.934484E-05        3.557505E-10
0.9900000        5.922483E-05       -0.0001185697       -5.934484E-05        3.557505E-10
1.000000        5.922466E-05       -0.0001185695       -5.934484E-05        3.557505E-10
1.010000        5.922497E-05       -0.0001185698       -5.934484E-05        3.557505E-10
1.020000        5.922575E-05       -0.0001185706       -5.934484E-05        3.557505E-10
1.030000        5.922701E-05       -0.0001185718       -5.934484E-05        3.557505E-10
1.040000        5.922872E-05       -0.0001185736       -5.934484E-05        3.557505E-10
1.050000        5.923090E-05       -0.0001185757       -5.934484E-05        3.557505E-10
1.060000        5.923353E-05       -0.0001185784       -5.934485E-05        3.557505E-10
1.070000        5.923659E-05       -0.0001185814       -5.934485E-05        3.557505E-10
1.080000        5.924009E-05       -0.0001185849       -5.934485E-05        3.557505E-10
1.090000        5.924399E-05       -0.0001185888       -5.934485E-05        3.557505E-10
1.100000        5.924830E-05       -0.0001185931       -5.934485E-05        3.557505E-10
1.110000        5.925299E-05       -0.0001185978       -5.934485E-05        3.557505E-10
1.120000        5.925804E-05       -0.0001186029       -5.934485E-05        3.557505E-10
1.130000        5.926344E-05       -0.0001186083       -5.934485E-05        3.557505E-10
1.140000        5.926915E-05       -0.0001186140       -5.934485E-05        3.557505E-10
1.150000        5.927517E-05       -0.0001186200       -5.934485E-05        3.557505E-10
1.160000        5.928147E-05       -0.0001186263       -5.934485E-05        3.557505E-10
1.170000        5.928801E-05       -0.0001186329       -5.934485E-05        3.557505E-10
1.180000        5.929479E-05       -0.0001186396       -5.934485E-05        3.557505E-10
1.190000        5.930176E-05       -0.0001186466       -5.934485E-05        3.557505E-10
1.200000        5.930890E-05       -0.0001186537       -5.934485E-05        3.557505E-10
1.210000        5.931619E-05       -0.0001186610       -5.934485E-05        3.557505E-10
1.220000        5.932359E-05       -0.0001186684       -5.934485E-05        3.557505E-10
1.230000        5.933108E-05       -0.0001186759       -5.934485E-05        3.557505E-10
1.240000        5.933862E-05       -0.0001186835       -5.934485E-05        3.557505E-10
1.250000        5.934619E-05       -0.0001186910       -5.934485E-05        3.557505E-10
1.260000        5.935375E-05       -0.0001186986       -5.934485E-05        3.557505E-10
1.270000        5.936129E-05       -0.0001187061       -5.934485E-05        3.557505E-10
1.280000        5.936875E-05       -0.0001187136       -5.934485E-05        3.557505E-10
1.290000        5.937613E-05       -0.0001187210       -5.934485E-05        3.557505E-10
1.300000        5.938338E-05       -0.0001187282       -5.934485E-05        3.557505E-10
1.310000        5.939048E-05       -0.0001187353       -5.934485E-05        3.557505E-10
1.320000        5.939741E-05       -0.0001187423       -5.934485E-05        3.557505E-10
1.330000        5.940412E-05       -0.0001187490       -5.934485E-05        3.557505E-10
1.340000        5.941060E-05       -0.0001187554       -5.934485E-05        3.557505E-10
1.350000        5.941682E-05       -0.0001187617       -5.934485E-05        3.557505E-10
1.360000        5.942276E-05       -0.0001187676       -5.934485E-05        3.557505E-10
1.370000        5.942839E-05       -0.0001187732       -5.934485E-05        3.557505E-10
1.380000        5.943369E-05       -0.0001187785       -5.934485E-05        3.557505E-10
1.390000        5.943864E-05       -0.0001187835       -5.934485E-05        3.557505E-10
1.400000        5.944321E-05       -0.0001187881       -5.934485E-05        3.557505E-10
1.410000        5.944740E-05       -0.0001187922       -5.934485E-05        3.557505E-10
1.420000        5.945118E-05       -0.0001187960       -5.934485E-05        3.557505E-10
1.430000        5.945453E-05       -0.0001187994       -5.934485E-05        3.557505E-10
1.440000        5.945746E-05       -0.0001188023       -5.934485E-05        3.557505E-10
1.450000        5.945993E-05       -0.0001188048       -5.934485E-05        3.557505E-10
1.460000        5.946195E-05       -0.0001188068       -5.934485E-05        3.557505E-10
1.470000        5.946351E-05       -0.0001188084       -5.934485E-05        3.557505E-10
1.480000        5.946459E-05       -0.0001188094       -5.934485E-05        3.557505E-10
1.490000        5.946520E-05       -0.0001188100       -5.934485E-05        3.557505E-10
1.500000        5.946533E-05       -0.0001188102       -5.934485E-05        3.557505E-10
1.510000        5.946498E-05       -0.0001188098       -5.934485E-05        3.557505E-10
1.520000        5.946416E-05       -0.0001188090       -5.934485E-05        3.557505E-10
1.530000        5.946286E-05       -0.0001188077       -5.934485E-05        3.557505E-10
1.540000        5.946109E-05       -0.0001188059       -5.934485E-05        3.557505E-10
1.550000        5.945886E-05       -0.0001188037       -5.934485E-05        3.557505E-10
1.560000        5.945618E-05       -0.0001188010       -5.934485E-05        3.557505E-10
1.570000        5.945306E-05       -0.0001187979       -5.934485E-05        3.557505E-10
1.580000        5.944951E-05       -0.0001187944       -5.934485E-05        3.557505E-10
1.590000        5.944554E-05       -0.0001187904       -5.934485E-05        3.557505E-10
1.600000        5.944118E-05       -0.0001187860       -5.934485E-05        3.557505E-10
1.610000        5.943643E-05       -0.0001187813       -5.934485E-05        3.557505E-10
1.620000        5.943132E-05       -0.0001187762       -5.934485E-05        3.557505E-10
1.630000        5.942587E-05       -0.0001187707       -5.934485E-05        3.557505E-10
1.640000        5.942010E-05       -0.0001187650       -5.934485E-05        3.557505E-10
1.650000        5.941403E-05       -0.0001187589       -5.934485E-05        3.557505E-10
1.660000        5.940769E-05       -0.0001187525       -5.934485E-05        3.557505E-10
1.670000        5.940110E-05       -0.0001187459       -5.934485E-05        3.557505E-10
1.680000        5.939429E-05       -0.0001187391       -5.934485E-05        3.557505E-10
1.690000        5.938728E-05       -0.0001187321       -5.934485E-05        3.557505E-10
1.700000        5.938011E-05       -0.0001187250       -5.934485E-05        3.557505E-10
1.710000        5.937279E-05       -0.0001187176       -5.934485E-05        3.557505E-10
1.720000        5.936537E-05       -0.0001187102       -5.934485E-05        3.557505E-10
1.730000        5.935787E-05       -0.0001187027       -5.934485E-05        3.557505E-10
1.740000        5.935032E-05       -0.0001186952       -5.934485E-05        3.557505E-10
1.750000        5.934275E-05       -0.0001186876       -5.934485E-05        3.557505E-10
1.760000        5.933519E-05       -0.0001186800       -5.934485E-05        3.557505E-10
1.770000        5.932767E-05       -0.0001186725       -5.934485E-05        3.557505E-10
1.780000        5.932022E-05       -0.0001186651       -5.934485E-05        3.557505E-10
1.790000        5.931286E-05       -0.0001186577       -5.934485E-05        3.557505E-10
1.800000        5.930564E-05       -0.0001186505       -5.934485E-05        3.557505E-10
1.810000        5.929857E-05       -0.0001186434       -5.934485E-05        3.557505E-10
1.820000        5.929169E-05       -0.0001186365       -5.934485E-05        3.557505E-10
1.830000        5.928501E-05       -0.0001186299       -5.934485E-05        3.557505E-10
1.840000        5.927858E-05       -0.0001186234       -5.934485E-05        3.557505E-10
1.850000        5.927241E-05       -0.0001186173       -5.934485E-05        3.557505E-10
1.860000        5.926652E-05       -0.0001186114       -5.934485E-05        3.557505E-10
1.870000        5.926095E-05       -0.0001186058       -5.934485E-05        3.557505E-10
1.880000        5.925571E-05       -0.0001186006       -5.934485E-05        3.557505E-10
1.890000        5.925082E-05       -0.0001185957       -5.934485E-05        3.557505E-10
1.900000        5.924630E-05       -0.0001185912       -5.934485E-05        3.557505E-10
1.910000        5.924217E-05       -0.0001185870       -5.934485E-05        3.557505E-10
1.920000        5.923845E-05       -0.0001185833       -5.934485E-05        3.557505E-10
1.930000        5.923515E-05       -0.0001185800       -5.934485E-05        3.557505E-10
1.940000        5.923229E-05       -0.0001185771       -5.934485E-05        3.557505E-10
1.950000        5.922986E-05       -0.0001185747       -5.934485E-05        3.557505E-10
1.960000        5.922789E-05       -0.0001185727       -5.934485E-05        3.557505E-10
1.970000        5.922639E-05       -0.0001185712       -5.934485E-05        3.557505E-10
1.980000        5.922535E-05       -0.0001185702       -5.934485E-05        3.557505E-10
1.990000        5.922478E-05       -0.0001185696       -5.934485E-05        3.557505E-10
2.000000        5.922469E-05       -0.0001185695       -5.934485E-05        3.557505E-10
2.010000        5.922507E-05       -0.0001185699       -5.934485E-05        3.557505E-10
2.020000        5.922592E-05       -0.0001185708       -5.934485E-05        3.557505E-10
2.030000        5.922725E-05       -0.0001185721       -5.934485E-05        3.557505E-10
2.040000        5.922903E-05       -0.0001185739       -5.934486E-05        3.557505E-10
2.050000        5.923128E-05       -0.0001185761       -5.934486E-05        3.557505E-10
2.060000        5.923397E-05       -0.0001185788       -5.934486E-05        3.557505E-10
2.070000        5.923711E-05       -0.0001185820       -5.934486E-05        3.557505E-10
2.080000        5.924066E-05       -0.0001185855       -5.934486E-05        3.557505E-10
2.090000        5.924463E-05       -0.0001185895       -5.934486E-05        3.557505E-10
2.100000        5.924900E-05       -0.0001185939       -5.934486E-05        3.557505E-10
2.110000        5.925374E-05       -0.0001185986       -5.934486E-05        3.557505E-10
2.120000        5.925885E-05       -0.0001186037       -5.934486E-05        3.557505E-10
2.130000        5.926429E-05       -0.0001186092       -5.934486E-05        3.557505E-10
2.140000        5.927006E-05       -0.0001186149       -5.934486E-05        3.557505E-10
2.150000        5.927612E-05       -0.0001186210       -5.934486E-05        3.557505E-10
2.160000        5.928246E-05       -0.0001186273       -5.934486E-05        3.557505E-10
2.170000        5.928904E-05       -0.0001186339       -5.934486E-05        3.557505E-10
2.180000        5.929584E-05       -0.0001186407       -5.934486E-05        3.557505E-10
2.190000        5.930284E-05       -0.0001186477       -5.934486E-05        3.557505E-10
2.200000        5.931001E-05       -0.0001186549       -5.934486E-05        3.557505E-10
2.210000        5.931731E-05       -0.0001186622       -5.934486E-05        3.557505E-10
2.220000        5.932473E-05       -0.0001186696       -5.934486E-05        3.557505E-10
2.230000        5.933223E-05       -0.0001186771       -5.934486E-05        3.557505E-10
2.240000        5.933978E-05       -0.0001186846       -5.934486E-05        3.557505E-10
2.250000        5.934735E-05       -0.0001186922       -5.934486E-05        3.557505E-10
2.260000        5.935491E-05       -0.0001186998       -5.934486E-05        3.557505E-10
2.270000        5.936244E-05       -0.0001187073       -5.934486E-05        3.557505E-10
2.280000        5.936989E-05       -0.0001187147       -5.934486E-05        3.557505E-10
2.290000        5.937725E-05       -0.0001187221       -5.934486E-05        3.557505E-10
2.300000        5.938448E-05       -0.0001187293       -5.934486E-05        3.557505E-10
2.310000        5.939156E-05       -0.0001187364       -5.934486E-05        3.557505E-10
2.320000        5.939845E-05       -0.0001187433       -5.934486E-05        3.557505E-10
2.330000        5.940513E-05       -0.0001187500       -5.934486E-05        3.557505E-10
2.340000        5.941157E-05       -0.0001187564       -5.934486E-05        3.557505E-10
2.350000        5.941775E-05       -0.0001187626       -5.934486E-05        3.557505E-10
2.360000        5.942365E-05       -0.0001187685       -5.934486E-05        3.557505E-10
2.370000        5.942923E-05       -0.0001187741       -5.934486E-05        3.557505E-10
2.380000        5.943447E-05       -0.0001187793       -5.934486E-05        3.557505E-10
2.390000        5.943936E-05       -0.0001187842       -5.934486E-05        3.557505E-10
2.400000        5.944388E-05       -0.0001187887       -5.934486E-05        3.557505E-10
2.410000        5.944801E-05       -0.0001187929       -5.934486E-05        3.557505E-10
2.420000        5.945172E-05       -0.0001187966       -5.934486E-05        3.557505E-10
2.430000        5.945502E-05       -0.0001187999       -5.934486E-05        3.557505E-10
2.440000        5.945787E-05       -0.0001188027       -5.934486E-05        3.557504E-10
2.450000        5.946028E-05       -0.0001188051       -5.934486E-05        3.557504E-10
2.460000        5.946223E-05       -0.0001188071       -5.934486E-05        3.557504E-10
2.470000        5.946371E-05       -0.0001188086       -5.934486E-05        3.557504E-10
2.480000        5.946472E-05       -0.0001188096       -5.934486E-05        3.557504E-10
2.490000        5.946526E-05       -0.0001188101       -5.934486E-05        3.557504E-10
2.500000        5.946532E-05       -0.0001188102       -5.934486E-05        3.557504E-10
2.510000        5.946490E-05       -0.0001188098       -5.934486E-05        3.557504E-10
2.520000        5.946400E-05       -0.0001188089       -5.934486E-05        3.557504E-10
2.530000        5.946263E-05       -0.0001188075       -5.934486E-05        3.557504E-10
2.540000        5.946079E-05       -0.0001188057       -5.934486E-05        3.557504E-10
2.550000        5.945850E-05       -0.0001188034       -5.934486E-05        3.557504E-10
2.560000        5.945575E-05       -0.0001188006       -5.934486E-05        3.557504E-10
2.570000        5.945256E-05       -0.0001187974       -5.934486E-05        3.557504E-10
2.580000        5.944894E-05       -0.0001187938       -5.934486E-05        3.557504E-10
2.590000        5.944492E-05       -0.0001187898       -5.934486E-05        3.557504E-10
2.600000        5.944049E-05       -0.0001187854       -5.934486E-05        3.557504E-10
2.610000        5.943569E-05       -0.0001187806       -5.934486E-05        3.557504E-10
2.620000        5.943053E-05       -0.0001187754       -5.934486E-05        3.557504E-10
2.630000        5.942503E-05       -0.0001187699       -5.934486E-05        3.557504E-10
2.640000        5.941921E-05       -0.0001187641       -5.934486E-05        3.557504E-10
2.650000        5.941310E-05       -0.0001187580       -5.934486E-05        3.557504E-10
2.660000        5.940671E-05       -0.0001187516       -5.934486E-05        3.557504E-10
2.670000        5.940009E-05       -0.0001187449       -5.934486E-05        3.557504E-10
2.680000        5.939324E-05       -0.0001187381       -5.934486E-05        3.557504E-10
2.690000        5.938621E-05       -0.0001187311       -5.934486E-05        3.557504E-10
2.700000        5.937901E-05       -0.0001187239       -5.934486E-05        3.557504E-10
2.710000        5.937168E-05       -0.0001187165       -5.934486E-05        3.557504E-10
2.720000        5.936425E-05       -0.0001187091       -5.934486E-05        3.557504E-10
2.730000        5.935674E-05       -0.0001187016       -5.934486E-05        3.557504E-10
2.740000        5.934918E-05       -0.0001186940       -5.934486E-05        3.557504E-10
2.750000        5.934161E-05       -0.0001186865       -5.934486E-05        3.557504E-10
2.760000        5.933405E-05       -0.0001186789       -5.934486E-05        3.557504E-10
2.770000        5.932654E-05       -0.0001186714       -5.934486E-05        3.557504E-10
2.780000        5.931910E-05       -0.0001186640       -5.934486E-05        3.557504E-10
2.790000        5.931177E-05       -0.0001186566       -5.934486E-05        3.557504E-10
2.800000        5.930456E-05       -0.0001186494       -5.934486E-05        3.557504E-10
2.810000        5.929752E-05       -0.0001186424       -5.934486E-05        3.557504E-10
2.820000        5.929067E-05       -0.0001186355       -5.934486E-05        3.557504E-10
2.830000        5.928403E-05       -0.0001186289       -5.934486E-05        3.557504E-10
2.840000        5.927763E-05       -0.0001186225       -5.934486E-05        3.557504E-10
2.850000        5.927150E-05       -0.0001186164       -5.934486E-05        3.557504E-10
2.860000        5.926567E-05       -0.0001186105       -5.934486E-05        3.557504E-10
2.870000        5.926014E-05       -0.0001186050       -5.934486E-05        3.557504E-10
2.880000        5.925495E-05       -0.0001185998       -5.934486E-05        3.557504E-10
2.890000        5.925012E-05       -0.0001185950       -5.934486E-05        3.557504E-10
2.900000        5.924566E-05       -0.0001185905       -5.934486E-05        3.557504E-10
2.910000        5.924159E-05       -0.0001185865       -5.934486E-05        3.557504E-10
2.920000        5.923793E-05       -0.0001185828       -5.934486E-05        3.557504E-10
2.930000        5.923470E-05       -0.0001185796       -5.934486E-05        3.557504E-10
2.940000        5.923190E-05       -0.0001185768       -5.934486E-05        3.557504E-10
2.950000        5.922954E-05       -0.0001185744       -5.934486E-05        3.557504E-10
2.960000        5.922765E-05       -0.0001185725       -5.934486E-05        3.557504E-10
2.970000        5.922621E-05       -0.0001185711       -5.934486E-05        3.557504E-10
2.980000        5.922524E-05       -0.0001185701       -5.934486E-05        3.557504E-10
2.990000        5.922475E-05       -0.0001185696       -5.934486E-05        3.557504E-10
3.000000        5.922473E-05       -0.0001185696       -5.934486E-05        3.557504E-10
3.010000        5.922518E-05       -0.0001185700       -5.934486E-05        3.557504E-10
3.020000        5.922610E-05       -0.0001185710       -5.934487E-05        3.557504E-10
3.030000        5.922750E-05       -0.0001185724       -5.934487E-05        3.557504E-10
3.040000        5.922936E-05       -0.0001185742       -5.934487E-05        3.557504E-10
3.050000        5.923167E-05       -0.0001185765       -5.934487E-05        3.557504E-10
3.060000        5.923443E-05       -0.0001185793       -5.934487E-05        3.557504E-10
3.070000        5.923763E-05       -0.0001185825       -5.934487E-05        3.557504E-10
3.080000        5.924125E-05       -0.0001185861       -5.934487E-05        3.557504E-10
3.090000        5.924528E-05       -0.0001185901       -5.934487E-05        3.557504E-10
3.100000        5.924971E-05       -0.0001185946       -5.934487E-05        3.557504E-10
3.110000        5.925451E-05       -0.0001185994       -5.934487E-05        3.557504E-10
3.120000        5.925966E-05       -0.0001186045       -5.934487E-05        3.557504E-10
3.130000        5.926516E-05       -0.0001186100       -5.934487E-05        3.557504E-10
3.140000        5.927097E-05       -0.0001186158       -5.934487E-05        3.557504E-10
3.150000        5.927708E-05       -0.0001186219       -5.934487E-05        3.557504E-10
3.160000        5.928345E-05       -0.0001186283       -5.934487E-05        3.557504E-10
3.170000        5.929007E-05       -0.0001186349       -5.934487E-05        3.557504E-10
3.180000        5.929690E-05       -0.0001186418       -5.934487E-05        3.557504E-10
3.190000        5.930393E-05       -0.0001186488       -5.934487E-05        3.557504E-10
3.200000        5.931112E-05       -0.0001186560       -5.934487E-05        3.557504E-10
3.210000        5.931844E-05       -0.0001186633       -5.934487E-05        3.557504E-10
3.220000        5.932588E-05       -0.0001186707       -5.934487E-05        3.557504E-10
3.230000        5.933338E-05       -0.0001186782       -5.934487E-05        3.557504E-10
3.240000        5.934094E-05       -0.0001186858       -5.934487E-05        3.557504E-10
3.250000        5.934851E-05       -0.0001186934       -5.934487E-05        3.557504E-10
3.260000        5.935607E-05       -0.0001187009       -5.934487E-05        3.557504E-10
3.270000        5.936358E-05       -0.0001187085       -5.934487E-05        3.557504E-10
3.280000        5.937103E-05       -0.0001187159       -5.934487E-05        3.557504E-10
3.290000        5.937837E-05       -0.0001187232       -5.934487E-05        3.557504E-10
3.300000        5.938558E-05       -0.0001187304       -5.934487E-05        3.557504E-10
3.310000        5.939263E-05       -0.0001187375       -5.934487E-05        3.557504E-10
3.320000        5.939949E-05       -0.0001187444       -5.934487E-05        3.557504E-10
3.330000        5.940614E-05       -0.0001187510       -5.934487E-05        3.557504E-10
3.340000        5.941254E-05       -0.0001187574       -5.934487E-05        3.557504E-10
3.350000        5.941868E-05       -0.0001187635       -5.934487E-05        3.557504E-10
3.360000        5.942452E-05       -0.0001187694       -5.934487E-05        3.557504E-10
3.370000        5.943006E-05       -0.0001187749       -5.934487E-05        3.557504E-10
3.380000        5.943525E-05       -0.0001187801       -5.934487E-05        3.557504E-10
3.390000        5.944009E-05       -0.0001187850       -5.934487E-05        3.557504E-10
3.400000        5.944454E-05       -0.0001187894       -5.934487E-05        3.557504E-10
3.410000        5.944861E-05       -0.0001187935       -5.934487E-05        3.557504E-10
3.420000        5.945226E-05       -0.0001187971       -5.934487E-05        3.557504E-10
3.430000        5.945549E-05       -0.0001188004       -5.934487E-05        3.557504E-10
3.440000        5.945828E-05       -0.0001188031       -5.934487E-05        3.557504E-10
3.450000        5.946061E-05       -0.0001188055       -5.934487E-05        3.557504E-10
3.460000        5.946249E-05       -0.0001188074       -5.934487E-05        3.557504E-10
3.470000        5.946391E-05       -0.0001188088       -5.934487E-05        3.557504E-10
3.480000        5.946484E-05       -0.0001188097       -5.934487E-05        3.557504E-10
3.490000        5.946531E-05       -0.0001188102       -5.934487E-05        3.557504E-10
3.500000        5.946529E-05       -0.0001188102       -5.934487E-05        3.557504E-10
3.510000        5.946480E-05       -0.0001188097       -5.934487E-05        3.557504E-10
3.520000        5.946383E-05       -0.0001188087       -5.934487E-05        3.557504E-10
3.530000        5.946239E-05       -0.0001188073       -5.934487E-05        3.557504E-10
3.540000        5.946048E-05       -0.0001188054       -5.934487E-05        3.557504E-10
3.550000        5.945812E-05       -0.0001188030       -5.934487E-05        3.557504E-10
3.560000        5.945530E-05       -0.0001188002       -5.934487E-05        3.557504E-10
3.570000        5.945205E-05       -0.0001187969       -5.934487E-05        3.557504E-10
3.580000        5.944837E-05       -0.0001187932       -5.934487E-05        3.557504E-10
3.590000        5.944428E-05       -0.0001187892       -5.934487E-05        3.557504E-10
3.600000        5.943980E-05       -0.0001187847       -5.934487E-05        3.557504E-10
3.610000        5.943494E-05       -0.0001187798       -5.934487E-05        3.557504E-10
3.620000        5.942972E-05       -0.0001187746       -5.934487E-05        3.557504E-10
3.630000        5.942417E-05       -0.0001187690       -5.934487E-05        3.557504E-10
3.640000        5.941831E-05       -0.0001187632       -5.934487E-05        3.557504E-10
3.650000        5.941215E-05       -0.0001187570       -5.934487E-05        3.557504E-10
3.660000        5.940573E-05       -0.0001187506       -5.934487E-05        3.557504E-10
3.670000        5.939907E-05       -0.0001187439       -5.934487E-05        3.557504E-10
3.680000        5.939220E-05       -0.0001187371       -5.934487E-05        3.557504E-10
3.690000        5.938514E-05       -0.0001187300       -5.934487E-05        3.557504E-10
3.700000        5.937792E-05       -0.0001187228       -5.934487E-05        3.557504E-10
3.710000        5.937057E-05       -0.0001187154       -5.934487E-05        3.557504E-10
3.720000        5.936312E-05       -0.0001187080       -5.934487E-05        3.557504E-10
3.730000        5.935560E-05       -0.0001187005       -5.934487E-05        3.557504E-10
3.740000        5.934804E-05       -0.0001186929       -5.934487E-05        3.557504E-10
3.750000        5.934047E-05       -0.0001186853       -5.934487E-05        3.557504E-10
3.760000        5.933292E-05       -0.0001186778       -5.934487E-05        3.557504E-10
3.770000        5.932542E-05       -0.0001186703       -5.934487E-05        3.557504E-10
3.780000        5.931799E-05       -0.0001186629       -5.934487E-05        3.557504E-10
3.790000        5.931067E-05       -0.0001186555       -5.934487E-05        3.557504E-10
3.800000        5.930349E-05       -0.0001186484       -5.934487E-05        3.557504E-10
3.810000        5.929648E-05       -0.0001186414       -5.934487E-05        3.557504E-10
3.820000        5.928966E-05       -0.0001186345       -5.934487E-05        3.557504E-10
3.830000        5.928305E-05       -0.0001186279       -5.934487E-05        3.557504E-10
3.840000        5.927670E-05       -0.0001186216       -5.934487E-05        3.557504E-10
3.850000        5.927061E-05       -0.0001186155       -5.934487E-05        3.557504E-10
3.860000        5.926482E-05       -0.0001186097       -5.934487E-05        3.557504E-10
3.870000        5.925934E-05       -0.0001186042       -5.934487E-05        3.557504E-10
3.880000        5.925420E-05       -0.0001185991       -5.934487E-05        3.557504E-10
3.890000        5.924943E-05       -0.0001185943       -5.934487E-05        3.557504E-10
3.900000        5.924503E-05       -0.0001185899       -5.934487E-05        3.557504E-10
3.910000        5.924102E-05       -0.0001185859       -5.934487E-05        3.557504E-10
3.920000        5.923743E-05       -0.0001185823       -5.934487E-05        3.557504E-10
3.930000        5.923426E-05       -0.0001185791       -5.934487E-05        3.557504E-10
3.940000        5.923152E-05       -0.0001185764       -5.934487E-05        3.557504E-10
3.950000        5.922924E-05       -0.0001185741       -5.934487E-05        3.557504E-10
3.960000        5.922741E-05       -0.0001185723       -5.934487E-05        3.557504E-10
3.970000        5.922604E-05       -0.0001185709       -5.934487E-05        3.557504E-10
3.980000        5.922515E-05       -0.0001185700       -5.934487E-05        3.557504E-10
3.990000        5.922472E-05       -0.0001185696       -5.934488E-05        3.557504E-10
4.000000        5.922477E-05       -0.0001185696       -5.934488E-05        3.557504E-10
4.010000        5.922530E-05       -0.0001185702       -5.934488E-05        3.557504E-10
4.020000        5.922630E-05       -0.0001185712       -5.934488E-05        3.557504E-10
4.030000        5.922776E-05       -0.0001185726       -5.934488E-05        3.557504E-10
4.040000        5.922969E-05       -0.0001185746       -5.934488E-05        3.557504E-10
4.050000        5.923207E-05       -0.0001185769       -5.934488E-05        3.557504E-10
4.060000        5.923490E-05       -0.0001185798       -5.934488E-05        3.557503E-10
4.070000        5.923816E-05       -0.0001185830       -5.934488E-05        3.557503E-10
4.080000        5.924185E-05       -0.0001185867       -5.934488E-05        3.557503E-10
4.090000        5.924594E-05       -0.0001185908       -5.934488E-05        3.557503E-10
4.100000        5.925042E-05       -0.0001185953       -5.934488E-05        3.557503E-10
4.110000        5.925528E-05       -0.0001186002       -5.934488E-05        3.557503E-10
4.120000        5.926049E-05       -0.0001186054       -5.934488E-05        3.557503E-10
4.130000        5.926603E-05       -0.0001186109       -5.934488E-05        3.557503E-10
4.140000        5.927189E-05       -0.0001186168       -5.934488E-05        3.557503E-10
4.150000        5.927804E-05       -0.0001186229       -5.934488E-05        3.557503E-10
4.160000        5.928445E-05       -0.0001186293       -5.934488E-05        3.557503E-10
4.170000        5.929110E-05       -0.0001186360       -5.934488E-05        3.557503E-10
4.180000        5.929797E-05       -0.0001186428       -5.934488E-05        3.557503E-10
4.190000        5.930502E-05       -0.0001186499       -5.934488E-05        3.557503E-10
4.200000        5.931223E-05       -0.0001186571       -5.934488E-05        3.557503E-10
4.210000        5.931958E-05       -0.0001186645       -5.934488E-05        3.557503E-10
4.220000        5.932702E-05       -0.0001186719       -5.934488E-05        3.557503E-10
4.230000        5.933454E-05       -0.0001186794       -5.934488E-05        3.557503E-10
4.240000        5.934210E-05       -0.0001186870       -5.934488E-05        3.557503E-10
4.250000        5.934967E-05       -0.0001186945       -5.934488E-05        3.557503E-10
4.260000        5.935722E-05       -0.0001187021       -5.934488E-05        3.557503E-10
4.270000        5.936473E-05       -0.0001187096       -5.934488E-05        3.557503E-10
4.280000        5.937216E-05       -0.0001187170       -5.934488E-05        3.557503E-10
4.290000        5.937948E-05       -0.0001187244       -5.934488E-05        3.557503E-10
4.300000        5.938667E-05       -0.0001187315       -5.934488E-05        3.557503E-10
4.310000        5.939369E-05       -0.0001187386       -5.934488E-05        3.557503E-10
4.320000        5.940052E-05       -0.0001187454       -5.934488E-05        3.557503E-10
4.330000        5.940713E-05       -0.0001187520       -5.934488E-05        3.557503E-10
4.340000        5.941350E-05       -0.0001187584       -5.934488E-05        3.557503E-10
4.350000        5.941960E-05       -0.0001187645       -5.934488E-05        3.557503E-10
4.360000        5.942540E-05       -0.0001187703       -5.934488E-05        3.557503E-10
4.370000        5.943088E-05       -0.0001187758       -5.934488E-05        3.557503E-10
4.380000        5.943602E-05       -0.0001187809       -5.934488E-05        3.557503E-10
4.390000        5.944080E-05       -0.0001187857       -5.934488E-05        3.557503E-10
4.400000        5.944520E-05       -0.0001187901       -5.934488E-05        3.557503E-10
4.410000        5.944920E-05       -0.0001187941       -5.934488E-05        3.557503E-10
4.420000        5.945279E-05       -0.0001187977       -5.934488E-05        3.557503E-10
4.430000        5.945595E-05       -0.0001188008       -5.934488E-05        3.557503E-10
4.440000        5.945867E-05       -0.0001188036       -5.934488E-05        3.557503E-10
4.450000        5.946094E-05       -0.0001188058       -5.934488E-05        3.557503E-10
4.460000        5.946275E-05       -0.0001188076       -5.934488E-05        3.557503E-10
4.470000        5.946409E-05       -0.0001188090       -5.934488E-05        3.557503E-10
4.480000        5.946496E-05       -0.0001188098       -5.934488E-05        3.557503E-10
4.490000        5.946535E-05       -0.0001188102       -5.934488E-05        3.557503E-10
4.500000        5.946526E-05       -0.0001188101       -5.934488E-05        3.557503E-10
4.510000        5.946469E-05       -0.0001188096       -5.934488E-05        3.557503E-10
4.520000        5.946365E-05       -0.0001188085       -5.934488E-05        3.557503E-10
4.530000        5.946214E-05       -0.0001188070       -5.934488E-05        3.557503E-10
4.540000        5.946016E-05       -0.0001188050       -5.934488E-05        3.557503E-10
4.550000        5.945773E-05       -0.0001188026       -5.934488E-05        3.557503E-10
4.560000        5.945484E-05       -0.0001187997       -5.934488E-05        3.557503E-10
4.570000        5.945153E-05       -0.0001187964       -5.934488E-05        3.557503E-10
4.580000        5.944778E-05       -0.0001187927       -5.934488E-05        3.557503E-10
4.590000        5.944363E-05       -0.0001187885       -5.934488E-05        3.557503E-10
4.600000        5.943909E-05       -0.0001187840       -5.934488E-05        3.557503E-10
4.610000        5.943418E-05       -0.0001187791       -5.934488E-05        3.557503E-10
4.620000        5.942891E-05       -0.0001187738       -5.934488E-05        3.557503E-10
4.630000        5.942331E-05       -0.0001187682       -5.934488E-05        3.557503E-10
4.640000        5.941740E-05       -0.0001187623       -5.934488E-05        3.557503E-10
4.650000        5.941120E-05       -0.0001187561       -5.934488E-05        3.557503E-10
4.660000        5.940475E-05       -0.0001187496       -5.934488E-05        3.557503E-10
4.670000        5.939805E-05       -0.0001187429       -5.934488E-05        3.557503E-10
4.680000        5.939115E-05       -0.0001187360       -5.934488E-05        3.557503E-10
4.690000        5.938406E-05       -0.0001187289       -5.934488E-05        3.557503E-10
4.700000        5.937682E-05       -0.0001187217       -5.934488E-05        3.557503E-10
4.710000        5.936945E-05       -0.0001187143       -5.934488E-05        3.557503E-10
4.720000        5.936199E-05       -0.0001187069       -5.934488E-05        3.557503E-10
4.730000        5.935447E-05       -0.0001186993       -5.934488E-05        3.557503E-10
4.740000        5.934690E-05       -0.0001186918       -5.934488E-05        3.557503E-10
4.750000        5.933933E-05       -0.0001186842       -5.934488E-05        3.557503E-10
4.760000        5.933179E-05       -0.0001186767       -5.934488E-05        3.557503E-10
4.770000        5.932429E-05       -0.0001186692       -5.934488E-05        3.557503E-10
4.780000        5.931688E-05       -0.0001186618       -5.934488E-05        3.557503E-10
4.790000        5.930958E-05       -0.0001186545       -5.934488E-05        3.557503E-10
4.800000        5.930243E-05       -0.0001186473       -5.934488E-05        3.557503E-10
4.810000        5.929544E-05       -0.0001186403       -5.934488E-05        3.557503E-10
4.820000        5.928865E-05       -0.0001186335       -5.934488E-05        3.557503E-10
4.830000        5.928208E-05       -0.0001186270       -5.934488E-05        3.557503E-10
4.840000        5.927576E-05       -0.0001186206       -5.934488E-05        3.557503E-10
4.850000        5.926972E-05       -0.0001186146       -5.934488E-05        3.557503E-10
4.860000        5.926397E-05       -0.0001186089       -5.934488E-05        3.557503E-10
4.870000        5.925855E-05       -0.0001186034       -5.934488E-05        3.557503E-10
4.880000        5.925347E-05       -0.0001185983       -5.934488E-05        3.557503E-10
4.890000        5.924874E-05       -0.0001185936       -5.934488E-05        3.557503E-10
4.900000        5.924440E-05       -0.0001185893       -5.934488E-05        3.557503E-10
4.910000        5.924046E-05       -0.0001185853       -5.934488E-05        3.557503E-10
4.920000        5.923693E-05       -0.0001185818       -5.934488E-05        3.557503E-10
4.930000        5.923382E-05       -0.0001185787       -5.934488E-05        3.557503E-10
4.940000        5.923116E-05       -0.0001185760       -5.934488E-05        3.557503E-10
4.950000        5.922894E-05       -0.0001185738       -5.934488E-05        3.557503E-10
4.960000        5.922718E-05       -0.0001185721       -5.934488E-05        3.557503E-10
4.970000        5.922589E-05       -0.0001185708       -5.934489E-05        3.557503E-10
4.980000        5.922506E-05       -0.0001185699       -5.934489E-05        3.557503E-10
4.990000        5.922471E-05       -0.0001185696       -5.934489E-05        3.557503E-10
5.000000        5.922483E-05       -0.0001185697       -5.934489E-05        3.557503E-10
5.010000        5.922543E-05       -0.0001185703       -5.934489E-05        3.557503E-10
5.020000        5.922650E-05       -0.0001185714       -5.934489E-05        3.557503E-10
5.030000        5.922803E-05       -0.0001185729       -5.934489E-05        3.557503E-10
5.040000        5.923003E-05       -0.0001185749       -5.934489E-05        3.557503E-10
5.050000        5.923248E-05       -0.0001185774       -5.934489E-05        3.557503E-10
5.060000        5.923538E-05       -0.0001185803       -5.934489E-05        3.557503E-10
5.070000        5.923871E-05       -0.0001185836       -5.934489E-05        3.557503E-10
5.080000        5.924245E-05       -0.0001185873       -5.934489E-05        3.557503E-10
5.090000        5.924660E-05       -0.0001185915       -5.934489E-05        3.557503E-10
5.100000        5.925115E-05       -0.0001185960       -5.934489E-05        3.557503E-10
5.110000        5.925606E-05       -0.0001186009       -5.934489E-05        3.557503E-10
5.120000        5.926132E-05       -0.0001186062       -5.934489E-05        3.557503E-10
5.130000        5.926691E-05       -0.0001186118       -5.934489E-05        3.557503E-10
5.140000        5.927282E-05       -0.0001186177       -5.934489E-05        3.557503E-10
5.150000        5.927901E-05       -0.0001186239       -5.934489E-05        3.557503E-10
5.160000        5.928546E-05       -0.0001186303       -5.934489E-05        3.557503E-10
5.170000        5.929214E-05       -0.0001186370       -5.934489E-05        3.557503E-10
5.180000        5.929904E-05       -0.0001186439       -5.934489E-05        3.557503E-10
5.190000        5.930612E-05       -0.0001186510       -5.934489E-05        3.557503E-10
5.200000        5.931335E-05       -0.0001186582       -5.934489E-05        3.557503E-10
5.210000        5.932071E-05       -0.0001186656       -5.934489E-05        3.557503E-10
5.220000        5.932817E-05       -0.0001186731       -5.934489E-05        3.557503E-10
5.230000        5.933569E-05       -0.0001186806       -5.934489E-05        3.557503E-10
5.240000        5.934326E-05       -0.0001186881       -5.934489E-05        3.557503E-10
5.250000        5.935083E-05       -0.0001186957       -5.934489E-05        3.557503E-10
5.260000        5.935838E-05       -0.0001187033       -5.934489E-05        3.557503E-10
5.270000        5.936587E-05       -0.0001187108       -5.934489E-05        3.557503E-10
5.280000        5.937329E-05       -0.0001187182       -5.934489E-05        3.557503E-10
5.290000        5.938059E-05       -0.0001187255       -5.934489E-05        3.557503E-10
5.300000        5.938776E-05       -0.0001187326       -5.934489E-05        3.557503E-10
5.310000        5.939475E-05       -0.0001187396       -5.934489E-05        3.557503E-10
5.320000        5.940155E-05       -0.0001187464       -5.934489E-05        3.557503E-10
5.330000        5.940813E-05       -0.0001187530       -5.934489E-05        3.557503E-10
5.340000        5.941446E-05       -0.0001187593       -5.934489E-05        3.557503E-10
5.350000        5.942051E-05       -0.0001187654       -5.934489E-05        3.557503E-10
5.360000        5.942626E-05       -0.0001187711       -5.934489E-05        3.557503E-10
5.370000        5.943169E-05       -0.0001187766       -5.934489E-05        3.557503E-10
5.380000        5.943678E-05       -0.0001187817       -5.934489E-05        3.557503E-10
5.390000        5.944150E-05       -0.0001187864       -5.934489E-05        3.557503E-10
5.400000        5.944584E-05       -0.0001187907       -5.934489E-05        3.557503E-10
5.410000        5.944978E-05       -0.0001187947       -5.934489E-05        3.557503E-10
5.420000        5.945331E-05       -0.0001187982       -5.934489E-05        3.557503E-10
5.430000        5.945640E-05       -0.0001188013       -5.934489E-05        3.557503E-10
5.440000        5.945905E-05       -0.0001188039       -5.934489E-05        3.557503E-10
5.450000        5.946125E-05       -0.0001188061       -5.934489E-05        3.557503E-10
5.460000        5.946299E-05       -0.0001188079       -5.934489E-05        3.557503E-10
5.470000        5.946426E-05       -0.0001188092       -5.934489E-05        3.557503E-10
5.480000        5.946506E-05       -0.0001188099       -5.934489E-05        3.557503E-10
5.490000        5.946537E-05       -0.0001188103       -5.934489E-05        3.557503E-10
5.500000        5.946521E-05       -0.0001188101       -5.934489E-05        3.557503E-10
5.510000        5.946458E-05       -0.0001188095       -5.934489E-05        3.557503E-10
5.520000        5.946346E-05       -0.0001188084       -5.934489E-05        3.557503E-10
5.530000        5.946188E-05       -0.0001188068       -5.934489E-05        3.557503E-10
5.540000        5.945983E-05       -0.0001188047       -5.934489E-05        3.557503E-10
5.550000        5.945733E-05       -0.0001188022       -5.934489E-05        3.557503E-10
5.560000        5.945438E-05       -0.0001187993       -5.934489E-05        3.557503E-10
5.570000        5.945099E-05       -0.0001187959       -5.934489E-05        3.557503E-10
5.580000        5.944719E-05       -0.0001187921       -5.934489E-05        3.557503E-10
5.590000        5.944298E-05       -0.0001187879       -5.934489E-05        3.557503E-10
5.600000        5.943838E-05       -0.0001187833       -5.934489E-05        3.557503E-10
5.610000        5.943341E-05       -0.0001187783       -5.934489E-05        3.557503E-10
5.620000        5.942809E-05       -0.0001187730       -5.934489E-05        3.557503E-10
5.630000        5.942244E-05       -0.0001187673       -5.934489E-05        3.557503E-10
5.640000        5.941649E-05       -0.0001187614       -5.934489E-05        3.557503E-10
5.650000        5.941025E-05       -0.0001187551       -5.934489E-05        3.557503E-10
5.660000        5.940375E-05       -0.0001187486       -5.934489E-05        3.557503E-10
5.670000        5.939702E-05       -0.0001187419       -5.934489E-05        3.557503E-10
5.680000        5.939009E-05       -0.0001187350       -5.934489E-05        3.557503E-10
5.690000        5.938298E-05       -0.0001187279       -5.934489E-05        3.557502E-10
5.700000        5.937572E-05       -0.0001187206       -5.934489E-05        3.557502E-10
5.710000        5.936834E-05       -0.0001187132       -5.934489E-05        3.557502E-10
5.720000        5.936086E-05       -0.0001187058       -5.934489E-05        3.557502E-10
5.730000        5.935333E-05       -0.0001186982       -5.934489E-05        3.557502E-10
5.740000        5.934576E-05       -0.0001186907       -5.934489E-05        3.557502E-10
5.750000        5.933819E-05       -0.0001186831       -5.934489E-05        3.557502E-10
5.760000        5.933065E-05       -0.0001186755       -5.934489E-05        3.557502E-10
5.770000        5.932317E-05       -0.0001186681       -5.934489E-05        3.557502E-10
5.780000        5.931578E-05       -0.0001186607       -5.934489E-05        3.557502E-10
5.790000        5.930850E-05       -0.0001186534       -5.934489E-05        3.557502E-10
5.800000        5.930136E-05       -0.0001186463       -5.934489E-05        3.557502E-10
5.810000        5.929440E-05       -0.0001186393       -5.934489E-05        3.557502E-10
5.820000        5.928765E-05       -0.0001186325       -5.934489E-05        3.557502E-10
5.830000        5.928112E-05       -0.0001186260       -5.934489E-05        3.557502E-10
5.840000        5.927484E-05       -0.0001186197       -5.934489E-05        3.557502E-10
5.850000        5.926884E-05       -0.0001186137       -5.934489E-05        3.557502E-10
5.860000        5.926314E-05       -0.0001186080       -5.934489E-05        3.557502E-10
5.870000        5.925776E-05       -0.0001186027       -5.934489E-05        3.557502E-10
5.880000        5.925273E-05       -0.0001185976       -5.934489E-05        3.557502E-10
5.890000        5.924807E-05       -0.0001185930       -5.934489E-05        3.557502E-10
5.900000        5.924379E-05       -0.0001185887       -5.934489E-05        3.557502E-10
5.910000        5.923991E-05       -0.0001185848       -5.934489E-05        3.557502E-10
5.920000        5.923644E-05       -0.0001185813       -5.934489E-05        3.557502E-10
5.930000        5.923340E-05       -0.0001185783       -5.934489E-05        3.557502E-10
5.940000        5.923080E-05       -0.0001185757       -5.934490E-05        3.557502E-10
5.950000        5.922865E-05       -0.0001185735       -5.934490E-05        3.557502E-10
5.960000        5.922696E-05       -0.0001185719       -5.934490E-05        3.557502E-10
5.970000        5.922574E-05       -0.0001185706       -5.934490E-05        3.557502E-10
5.980000        5.922499E-05       -0.0001185699       -5.934490E-05        3.557502E-10
5.990000        5.922471E-05       -0.0001185696       -5.934490E-05        3.557502E-10
6.000000        5.922490E-05       -0.0001185698       -5.934490E-05        3.557502E-10
6.010000        5.922557E-05       -0.0001185705       -5.934490E-05        3.557502E-10
6.020000        5.922671E-05       -0.0001185716       -5.934490E-05        3.557502E-10
6.030000        5.922832E-05       -0.0001185732       -5.934490E-05        3.557502E-10
6.040000        5.923039E-05       -0.0001185753       -5.934490E-05        3.557502E-10
6.050000        5.923290E-05       -0.0001185778       -5.934490E-05        3.557502E-10
6.060000        5.923587E-05       -0.0001185808       -5.934490E-05        3.557502E-10
6.070000        5.923926E-05       -0.0001185842       -5.934490E-05        3.557502E-10
6.080000        5.924307E-05       -0.0001185880       -5.934490E-05        3.557502E-10
6.090000        5.924728E-05       -0.0001185922       -5.934490E-05        3.557502E-10
6.100000        5.925188E-05       -0.0001185968       -5.934490E-05        3.557502E-10
6.110000        5.925684E-05       -0.0001186017       -5.934490E-05        3.557502E-10
6.120000        5.926216E-05       -0.0001186071       -5.934490E-05        3.557502E-10
6.130000        5.926780E-05       -0.0001186127       -5.934490E-05        3.557502E-10
6.140000        5.927375E-05       -0.0001186186       -5.934490E-05        3.557502E-10
6.150000        5.927998E-05       -0.0001186249       -5.934490E-05        3.557502E-10
6.160000        5.928647E-05       -0.0001186314       -5.934490E-05        3.557502E-10
6.170000        5.929319E-05       -0.0001186381       -5.934490E-05        3.557502E-10
6.180000        5.930011E-05       -0.0001186450       -5.934490E-05        3.557502E-10
6.190000        5.930722E-05       -0.0001186521       -5.934490E-05        3.557502E-10
6.200000        5.931447E-05       -0.0001186594       -5.934490E-05        3.557502E-10
6.210000        5.932185E-05       -0.0001186667       -5.934490E-05        3.557502E-10
6.220000        5.932932E-05       -0.0001186742       -5.934490E-05        3.557502E-10
6.230000        5.933685E-05       -0.0001186818       -5.934490E-05        3.557502E-10
6.240000        5.934442E-05       -0.0001186893       -5.934490E-05        3.557502E-10
6.250000        5.935199E-05       -0.0001186969       -5.934490E-05        3.557502E-10
6.260000        5.935953E-05       -0.0001187044       -5.934490E-05        3.557502E-10
6.270000        5.936702E-05       -0.0001187119       -5.934490E-05        3.557502E-10
6.280000        5.937442E-05       -0.0001187193       -5.934490E-05        3.557502E-10
6.290000        5.938170E-05       -0.0001187266       -5.934490E-05        3.557502E-10
6.300000        5.938884E-05       -0.0001187337       -5.934490E-05        3.557502E-10
6.310000        5.939581E-05       -0.0001187407       -5.934490E-05        3.557502E-10
6.320000        5.940258E-05       -0.0001187475       -5.934490E-05        3.557502E-10
6.330000        5.940912E-05       -0.0001187540       -5.934490E-05        3.557502E-10
6.340000        5.941540E-05       -0.0001187603       -5.934490E-05        3.557502E-10
6.350000        5.942141E-05       -0.0001187663       -5.934490E-05        3.557502E-10
6.360000        5.942712E-05       -0.0001187720       -5.934490E-05        3.557502E-10
6.370000        5.943250E-05       -0.0001187774       -5.934490E-05        3.557502E-10
6.380000        5.943753E-05       -0.0001187824       -5.934490E-05        3.557502E-10
6.390000        5.944220E-05       -0.0001187871       -5.934490E-05        3.557502E-10
6.400000        5.944648E-05       -0.0001187914       -5.934490E-05        3.557502E-10
6.410000        5.945036E-05       -0.0001187953       -5.934490E-05        3.557502E-10
6.420000        5.945382E-05       -0.0001187987       -5.934490E-05        3.557502E-10
6.430000        5.945684E-05       -0.0001188017       -5.934490E-05        3.557502E-10
6.440000        5.945943E-05       -0.0001188043       -5.934490E-05        3.557502E-10
6.450000        5.946156E-05       -0.0001188065       -5.934490E-05        3.557502E-10
6.460000        5.946323E-05       -0.0001188081       -5.934490E-05        3.557502E-10
6.470000        5.946442E-05       -0.0001188093       -5.934490E-05        3.557502E-10
6.480000        5.946515E-05       -0.0001188100       -5.934490E-05        3.557502E-10
6.490000        5.946539E-05       -0.0001188103       -5.934490E-05        3.557502E-10
6.500000        5.946516E-05       -0.0001188101       -5.934490E-05        3.557502E-10
6.510000        5.946445E-05       -0.0001188093       -5.934490E-05        3.557502E-10
6.520000        5.946326E-05       -0.0001188082       -5.934490E-05        3.557502E-10
6.530000        5.946161E-05       -0.0001188065       -5.934490E-05        3.557502E-10
6.540000        5.945949E-05       -0.0001188044       -5.934490E-05        3.557502E-10
6.550000        5.945692E-05       -0.0001188018       -5.934490E-05        3.557502E-10
6.560000        5.945390E-05       -0.0001187988       -5.934490E-05        3.557502E-10
6.570000        5.945045E-05       -0.0001187954       -5.934490E-05        3.557502E-10
6.580000        5.944659E-05       -0.0001187915       -5.934490E-05        3.557502E-10
6.590000        5.944232E-05       -0.0001187872       -5.934490E-05        3.557502E-10
6.600000        5.943766E-05       -0.0001187826       -5.934490E-05        3.557502E-10
6.610000        5.943264E-05       -0.0001187775       -5.934490E-05        3.557502E-10
6.620000        5.942726E-05       -0.0001187722       -5.934490E-05        3.557502E-10
6.630000        5.942157E-05       -0.0001187665       -5.934490E-05        3.557502E-10
6.640000        5.941557E-05       -0.0001187605       -5.934490E-05        3.557502E-10
6.650000        5.940929E-05       -0.0001187542       -5.934490E-05        3.557502E-10
6.660000        5.940276E-05       -0.0001187477       -5.934490E-05        3.557502E-10
6.670000        5.939599E-05       -0.0001187409       -5.934490E-05        3.557502E-10
6.680000        5.938903E-05       -0.0001187339       -5.934490E-05        3.557502E-10
6.690000        5.938190E-05       -0.0001187268       -5.934490E-05        3.557502E-10
6.700000        5.937461E-05       -0.0001187195       -5.934490E-05        3.557502E-10
6.710000        5.936722E-05       -0.0001187121       -5.934490E-05        3.557502E-10
6.720000        5.935973E-05       -0.0001187046       -5.934490E-05        3.557502E-10
6.730000        5.935219E-05       -0.0001186971       -5.934490E-05        3.557502E-10
6.740000        5.934462E-05       -0.0001186895       -5.934490E-05        3.557502E-10
6.750000        5.933706E-05       -0.0001186820       -5.934490E-05        3.557502E-10
6.760000        5.932952E-05       -0.0001186744       -5.934490E-05        3.557502E-10
6.770000        5.932205E-05       -0.0001186670       -5.934490E-05        3.557502E-10
6.780000        5.931467E-05       -0.0001186596       -5.934490E-05        3.557502E-10
6.790000        5.930741E-05       -0.0001186523       -5.934490E-05        3.557502E-10
6.800000        5.930031E-05       -0.0001186452       -5.934490E-05        3.557502E-10
6.810000        5.929337E-05       -0.0001186383       -5.934490E-05        3.557502E-10
6.820000        5.928665E-05       -0.0001186316       -5.934490E-05        3.557502E-10
6.830000        5.928015E-05       -0.0001186251       -5.934490E-05        3.557502E-10
6.840000        5.927392E-05       -0.0001186188       -5.934490E-05        3.557502E-10
6.850000        5.926796E-05       -0.0001186129       -5.934490E-05        3.557502E-10
6.860000        5.926231E-05       -0.0001186072       -5.934490E-05        3.557502E-10
6.870000        5.925699E-05       -0.0001186019       -5.934490E-05        3.557502E-10
6.880000        5.925201E-05       -0.0001185969       -5.934490E-05        3.557502E-10
6.890000        5.924740E-05       -0.0001185923       -5.934490E-05        3.557502E-10
6.900000        5.924318E-05       -0.0001185881       -5.934490E-05        3.557502E-10
6.910000        5.923936E-05       -0.0001185843       -5.934490E-05        3.557502E-10
6.920000        5.923596E-05       -0.0001185809       -5.934491E-05        3.557502E-10
6.930000        5.923299E-05       -0.0001185779       -5.934491E-05        3.557502E-10
6.940000        5.923046E-05       -0.0001185754       -5.934491E-05        3.557502E-10
6.950000        5.922838E-05       -0.0001185733       -5.934491E-05        3.557502E-10
6.960000        5.922676E-05       -0.0001185717       -5.934491E-05        3.557502E-10
6.970000        5.922561E-05       -0.0001185705       -5.934491E-05        3.557502E-10
6.980000        5.922493E-05       -0.0001185698       -5.934491E-05        3.557502E-10
6.990000        5.922472E-05       -0.0001185696       -5.934491E-05        3.557502E-10
7.000000        5.922499E-05       -0.0001185699       -5.934491E-05        3.557502E-10
7.010000        5.922573E-05       -0.0001185706       -5.934491E-05        3.557502E-10
7.020000        5.922694E-05       -0.0001185718       -5.934491E-05        3.557502E-10
7.030000        5.922861E-05       -0.0001185735       -5.934491E-05        3.557502E-10
7.040000        5.923075E-05       -0.0001185757       -5.934491E-05        3.557502E-10
7.050000        5.923334E-05       -0.0001185782       -5.934491E-05        3.557502E-10
7.060000        5.923636E-05       -0.0001185813       -5.934491E-05        3.557502E-10
7.070000        5.923982E-05       -0.0001185847       -5.934491E-05        3.557502E-10
7.080000        5.924369E-05       -0.0001185886       -5.934491E-05        3.557502E-10
7.090000        5.924796E-05       -0.0001185929       -5.934491E-05        3.557502E-10
7.100000        5.925262E-05       -0.0001185975       -5.934491E-05        3.557502E-10
7.110000        5.925764E-05       -0.0001186025       -5.934491E-05        3.557502E-10
7.120000        5.926301E-05       -0.0001186079       -5.934491E-05        3.557502E-10
7.130000        5.926870E-05       -0.0001186136       -5.934491E-05        3.557502E-10
7.140000        5.927469E-05       -0.0001186196       -5.934491E-05        3.557502E-10
7.150000        5.928096E-05       -0.0001186259       -5.934491E-05        3.557502E-10
7.160000        5.928749E-05       -0.0001186324       -5.934491E-05        3.557502E-10
7.170000        5.929424E-05       -0.0001186391       -5.934491E-05        3.557502E-10
7.180000        5.930119E-05       -0.0001186461       -5.934491E-05        3.557502E-10
7.190000        5.930832E-05       -0.0001186532       -5.934491E-05        3.557502E-10
7.200000        5.931560E-05       -0.0001186605       -5.934491E-05        3.557502E-10
7.210000        5.932299E-05       -0.0001186679       -5.934491E-05        3.557502E-10
7.220000        5.933047E-05       -0.0001186754       -5.934491E-05        3.557502E-10
7.230000        5.933801E-05       -0.0001186829       -5.934491E-05        3.557502E-10
7.240000        5.934558E-05       -0.0001186905       -5.934491E-05        3.557502E-10
7.250000        5.935315E-05       -0.0001186981       -5.934491E-05        3.557502E-10
7.260000        5.936068E-05       -0.0001187056       -5.934491E-05        3.557502E-10
7.270000        5.936816E-05       -0.0001187131       -5.934491E-05        3.557502E-10
7.280000        5.937554E-05       -0.0001187205       -5.934491E-05        3.557502E-10
7.290000        5.938281E-05       -0.0001187277       -5.934491E-05        3.557502E-10
7.300000        5.938992E-05       -0.0001187348       -5.934491E-05        3.557502E-10
7.310000        5.939686E-05       -0.0001187418       -5.934491E-05        3.557502E-10
7.320000        5.940360E-05       -0.0001187485       -5.934491E-05        3.557501E-10
7.330000        5.941010E-05       -0.0001187550       -5.934491E-05        3.557501E-10
7.340000        5.941634E-05       -0.0001187613       -5.934491E-05        3.557501E-10
7.350000        5.942231E-05       -0.0001187672       -5.934491E-05        3.557501E-10
7.360000        5.942797E-05       -0.0001187729       -5.934491E-05        3.557501E-10
7.370000        5.943329E-05       -0.0001187782       -5.934491E-05        3.557501E-10
7.380000        5.943827E-05       -0.0001187832       -5.934491E-05        3.557501E-10
7.390000        5.944288E-05       -0.0001187878       -5.934491E-05        3.557501E-10
7.400000        5.944710E-05       -0.0001187920       -5.934491E-05        3.557501E-10
7.410000        5.945092E-05       -0.0001187958       -5.934491E-05        3.557501E-10
7.420000        5.945431E-05       -0.0001187992       -5.934491E-05        3.557501E-10
7.430000        5.945728E-05       -0.0001188022       -5.934491E-05        3.557501E-10
7.440000        5.945979E-05       -0.0001188047       -5.934491E-05        3.557501E-10
7.450000        5.946185E-05       -0.0001188068       -5.934491E-05        3.557501E-10
7.460000        5.946345E-05       -0.0001188084       -5.934491E-05        3.557501E-10
7.470000        5.946457E-05       -0.0001188095       -5.934491E-05        3.557501E-10
7.480000        5.946522E-05       -0.0001188101       -5.934491E-05        3.557501E-10
7.490000        5.946540E-05       -0.0001188103       -5.934491E-05        3.557501E-10
7.500000        5.946509E-05       -0.0001188100       -5.934491E-05        3.557501E-10
7.510000        5.946431E-05       -0.0001188092       -5.934491E-05        3.557501E-10
7.520000        5.946305E-05       -0.0001188080       -5.934491E-05        3.557501E-10
7.530000        5.946133E-05       -0.0001188062       -5.934491E-05        3.557501E-10
7.540000        5.945914E-05       -0.0001188041       -5.934491E-05        3.557501E-10
7.550000        5.945650E-05       -0.0001188014       -5.934491E-05        3.557501E-10
7.560000        5.945342E-05       -0.0001187983       -5.934491E-05        3.557501E-10
7.570000        5.944990E-05       -0.0001187948       -5.934491E-05        3.557501E-10
7.580000        5.944597E-05       -0.0001187909       -5.934491E-05        3.557501E-10
7.590000        5.944164E-05       -0.0001187866       -5.934491E-05        3.557501E-10
7.600000        5.943693E-05       -0.0001187818       -5.934491E-05        3.557501E-10
7.610000        5.943185E-05       -0.0001187768       -5.934491E-05        3.557501E-10
7.620000        5.942643E-05       -0.0001187713       -5.934491E-05        3.557501E-10
7.630000        5.942068E-05       -0.0001187656       -5.934491E-05        3.557501E-10
7.640000        5.941464E-05       -0.0001187596       -5.934491E-05        3.557501E-10
7.650000        5.940832E-05       -0.0001187532       -5.934491E-05        3.557501E-10
7.660000        5.940175E-05       -0.0001187467       -5.934491E-05        3.557501E-10
7.670000        5.939496E-05       -0.0001187399       -5.934491E-05        3.557501E-10
7.680000        5.938797E-05       -0.0001187329       -5.934491E-05        3.557501E-10
7.690000        5.938081E-05       -0.0001187257       -5.934491E-05        3.557501E-10
7.700000        5.937351E-05       -0.0001187184       -5.934491E-05        3.557501E-10
7.710000        5.936609E-05       -0.0001187110       -5.934491E-05        3.557501E-10
7.720000        5.935860E-05       -0.0001187035       -5.934491E-05        3.557501E-10
7.730000        5.935105E-05       -0.0001186960       -5.934491E-05        3.557501E-10
7.740000        5.934348E-05       -0.0001186884       -5.934491E-05        3.557501E-10
7.750000        5.933592E-05       -0.0001186808       -5.934491E-05        3.557501E-10
7.760000        5.932839E-05       -0.0001186733       -5.934491E-05        3.557501E-10
7.770000        5.932093E-05       -0.0001186658       -5.934491E-05        3.557501E-10
7.780000        5.931357E-05       -0.0001186585       -5.934491E-05        3.557501E-10
7.790000        5.930633E-05       -0.0001186512       -5.934491E-05        3.557501E-10
7.800000        5.929925E-05       -0.0001186442       -5.934491E-05        3.557501E-10
7.810000        5.929235E-05       -0.0001186373       -5.934491E-05        3.557501E-10
7.820000        5.928566E-05       -0.0001186306       -5.934491E-05        3.557501E-10
7.830000        5.927920E-05       -0.0001186241       -5.934491E-05        3.557501E-10
7.840000        5.927300E-05       -0.0001186179       -5.934491E-05        3.557501E-10
7.850000        5.926709E-05       -0.0001186120       -5.934491E-05        3.557501E-10
7.860000        5.926149E-05       -0.0001186064       -5.934491E-05        3.557501E-10
7.870000        5.925622E-05       -0.0001186011       -5.934491E-05        3.557501E-10
7.880000        5.925130E-05       -0.0001185962       -5.934491E-05        3.557501E-10
7.890000        5.924675E-05       -0.0001185917       -5.934491E-05        3.557501E-10
7.900000        5.924259E-05       -0.0001185875       -5.934492E-05        3.557501E-10
7.910000        5.923883E-05       -0.0001185837       -5.934492E-05        3.557501E-10
7.920000        5.923549E-05       -0.0001185804       -5.934492E-05        3.557501E-10
7.930000        5.923258E-05       -0.0001185775       -5.934492E-05        3.557501E-10
7.940000        5.923012E-05       -0.0001185750       -5.934492E-05        3.557501E-10
7.950000        5.922811E-05       -0.0001185730       -5.934492E-05        3.557501E-10
7.960000        5.922656E-05       -0.0001185715       -5.934492E-05        3.557501E-10
7.970000        5.922548E-05       -0.0001185704       -5.934492E-05        3.557501E-10
7.980000        5.922487E-05       -0.0001185698       -5.934492E-05        3.557501E-10
7.990000        5.922474E-05       -0.0001185697       -5.934492E-05        3.557501E-10
8.000000        5.922508E-05       -0.0001185700       -5.934492E-05        3.557501E-10
8.010000        5.922589E-05       -0.0001185708       -5.934492E-05        3.557501E-10
8.020000        5.922717E-05       -0.0001185721       -5.934492E-05        3.557501E-10
8.030000        5.922892E-05       -0.0001185738       -5.934492E-05        3.557501E-10
8.040000        5.923112E-05       -0.0001185760       -5.934492E-05        3.557501E-10
8.050000        5.923378E-05       -0.0001185787       -5.934492E-05        3.557501E-10
8.060000        5.923687E-05       -0.0001185818       -5.934492E-05        3.557501E-10
8.070000        5.924039E-05       -0.0001185853       -5.934492E-05        3.557501E-10
8.080000        5.924433E-05       -0.0001185892       -5.934492E-05        3.557501E-10
8.090000        5.924866E-05       -0.0001185936       -5.934492E-05        3.557501E-10
8.100000        5.925337E-05       -0.0001185983       -5.934492E-05        3.557501E-10
8.110000        5.925844E-05       -0.0001186034       -5.934492E-05        3.557501E-10
8.120000        5.926386E-05       -0.0001186088       -5.934492E-05        3.557501E-10
8.130000        5.926960E-05       -0.0001186145       -5.934492E-05        3.557501E-10
8.140000        5.927564E-05       -0.0001186206       -5.934492E-05        3.557501E-10
8.150000        5.928195E-05       -0.0001186269       -5.934492E-05        3.557501E-10
8.160000        5.928851E-05       -0.0001186334       -5.934492E-05        3.557501E-10
8.170000        5.929529E-05       -0.0001186402       -5.934492E-05        3.557501E-10
8.180000        5.930228E-05       -0.0001186472       -5.934492E-05        3.557501E-10
8.190000        5.930943E-05       -0.0001186543       -5.934492E-05        3.557501E-10
8.200000        5.931673E-05       -0.0001186616       -5.934492E-05        3.557501E-10
8.210000        5.932413E-05       -0.0001186691       -5.934492E-05        3.557501E-10
8.220000        5.933162E-05       -0.0001186765       -5.934492E-05        3.557501E-10
8.230000        5.933917E-05       -0.0001186841       -5.934492E-05        3.557501E-10
8.240000        5.934674E-05       -0.0001186917       -5.934492E-05        3.557501E-10
8.250000        5.935430E-05       -0.0001186992       -5.934492E-05        3.557501E-10
8.260000        5.936183E-05       -0.0001187068       -5.934492E-05        3.557501E-10
8.270000        5.936930E-05       -0.0001187142       -5.934492E-05        3.557501E-10
8.280000        5.937667E-05       -0.0001187216       -5.934492E-05        3.557501E-10
8.290000        5.938391E-05       -0.0001187288       -5.934492E-05        3.557501E-10
8.300000        5.939100E-05       -0.0001187359       -5.934492E-05        3.557501E-10
8.310000        5.939791E-05       -0.0001187428       -5.934492E-05        3.557501E-10
8.320000        5.940461E-05       -0.0001187495       -5.934492E-05        3.557501E-10
8.330000        5.941108E-05       -0.0001187560       -5.934492E-05        3.557501E-10
8.340000        5.941728E-05       -0.0001187622       -5.934492E-05        3.557501E-10
8.350000        5.942320E-05       -0.0001187681       -5.934492E-05        3.557501E-10
8.360000        5.942881E-05       -0.0001187737       -5.934492E-05        3.557501E-10
8.370000        5.943408E-05       -0.0001187790       -5.934492E-05        3.557501E-10
8.380000        5.943901E-05       -0.0001187839       -5.934492E-05        3.557501E-10
8.390000        5.944356E-05       -0.0001187885       -5.934492E-05        3.557501E-10
8.400000        5.944772E-05       -0.0001187926       -5.934492E-05        3.557501E-10
8.410000        5.945147E-05       -0.0001187964       -5.934492E-05        3.557501E-10
8.420000        5.945480E-05       -0.0001187997       -5.934492E-05        3.557501E-10
8.430000        5.945770E-05       -0.0001188026       -5.934492E-05        3.557501E-10
8.440000        5.946014E-05       -0.0001188051       -5.934492E-05        3.557501E-10
8.450000        5.946213E-05       -0.0001188071       -5.934492E-05        3.557501E-10
8.460000        5.946366E-05       -0.0001188086       -5.934492E-05        3.557501E-10
8.470000        5.946471E-05       -0.0001188096       -5.934492E-05        3.557501E-10
8.480000        5.946529E-05       -0.0001188102       -5.934492E-05        3.557501E-10
8.490000        5.946539E-05       -0.0001188103       -5.934492E-05        3.557501E-10
8.500000        5.946501E-05       -0.0001188099       -5.934492E-05        3.557501E-10
8.510000        5.946416E-05       -0.0001188091       -5.934492E-05        3.557501E-10
8.520000        5.946283E-05       -0.0001188078       -5.934492E-05        3.557501E-10
8.530000        5.946103E-05       -0.0001188060       -5.934492E-05        3.557501E-10
8.540000        5.945878E-05       -0.0001188037       -5.934492E-05        3.557501E-10
8.550000        5.945607E-05       -0.0001188010       -5.934492E-05        3.557501E-10
8.560000        5.945292E-05       -0.0001187978       -5.934492E-05        3.557501E-10
8.570000        5.944934E-05       -0.0001187943       -5.934492E-05        3.557501E-10
8.580000        5.944535E-05       -0.0001187903       -5.934492E-05        3.557501E-10
8.590000        5.944096E-05       -0.0001187859       -5.934492E-05        3.557501E-10
8.600000        5.943619E-05       -0.0001187811       -5.934492E-05        3.557501E-10
8.610000        5.943106E-05       -0.0001187760       -5.934492E-05        3.557501E-10
8.620000        5.942559E-05       -0.0001187705       -5.934492E-05        3.557501E-10
8.630000        5.941979E-05       -0.0001187647       -5.934492E-05        3.557501E-10
8.640000        5.941371E-05       -0.0001187586       -5.934492E-05        3.557501E-10
8.650000        5.940735E-05       -0.0001187523       -5.934492E-05        3.557501E-10
8.660000        5.940074E-05       -0.0001187457       -5.934492E-05        3.557501E-10
8.670000        5.939392E-05       -0.0001187388       -5.934492E-05        3.557501E-10
8.680000        5.938690E-05       -0.0001187318       -5.934492E-05        3.557501E-10
8.690000        5.937972E-05       -0.0001187246       -5.934492E-05        3.557501E-10
8.700000        5.937240E-05       -0.0001187173       -5.934492E-05        3.557501E-10
8.710000        5.936497E-05       -0.0001187099       -5.934492E-05        3.557501E-10
8.720000        5.935746E-05       -0.0001187024       -5.934492E-05        3.557501E-10
8.730000        5.934991E-05       -0.0001186948       -5.934492E-05        3.557501E-10
8.740000        5.934234E-05       -0.0001186873       -5.934492E-05        3.557501E-10
8.750000        5.933478E-05       -0.0001186797       -5.934492E-05        3.557501E-10
8.760000        5.932726E-05       -0.0001186722       -5.934492E-05        3.557501E-10
8.770000        5.931982E-05       -0.0001186647       -5.934492E-05        3.557501E-10
8.780000        5.931247E-05       -0.0001186574       -5.934492E-05        3.557501E-10
8.790000        5.930526E-05       -0.0001186502       -5.934492E-05        3.557501E-10
8.800000        5.929820E-05       -0.0001186431       -5.934492E-05        3.557501E-10
8.810000        5.929133E-05       -0.0001186363       -5.934492E-05        3.557501E-10
8.820000        5.928467E-05       -0.0001186296       -5.934492E-05        3.557501E-10
8.830000        5.927825E-05       -0.0001186232       -5.934492E-05        3.557501E-10
8.840000        5.927210E-05       -0.0001186170       -5.934492E-05        3.557501E-10
8.850000        5.926623E-05       -0.0001186112       -5.934492E-05        3.557501E-10
8.860000        5.926068E-05       -0.0001186056       -5.934492E-05        3.557501E-10
8.870000        5.925546E-05       -0.0001186004       -5.934493E-05        3.557501E-10
8.880000        5.925059E-05       -0.0001185955       -5.934493E-05        3.557501E-10
8.890000        5.924610E-05       -0.0001185910       -5.934493E-05        3.557501E-10
8.900000        5.924200E-05       -0.0001185869       -5.934493E-05        3.557501E-10
8.910000        5.923830E-05       -0.0001185832       -5.934493E-05        3.557501E-10
8.920000        5.923503E-05       -0.0001185800       -5.934493E-05        3.557501E-10
8.930000        5.923219E-05       -0.0001185771       -5.934493E-05        3.557501E-10
8.940000        5.922980E-05       -0.0001185747       -5.934493E-05        3.557501E-10
8.950000        5.922786E-05       -0.0001185728       -5.934493E-05        3.557500E-10
8.960000        5.922638E-05       -0.0001185713       -5.934493E-05        3.557500E-10
8.970000        5.922537E-05       -0.0001185703       -5.934493E-05        3.557500E-10
8.980000        5.922483E-05       -0.0001185698       -5.934493E-05        3.557500E-10
8.990000        5.922477E-05       -0.0001185697       -5.934493E-05        3.557500E-10
9.000000        5.922518E-05       -0.0001185701       -5.934493E-05        3.557500E-10
9.010000        5.922607E-05       -0.0001185710       -5.934493E-05        3.557500E-10
9.020000        5.922742E-05       -0.0001185723       -5.934493E-05        3.557500E-10
9.030000        5.922924E-05       -0.0001185742       -5.934493E-05        3.557500E-10
9.040000        5.923151E-05       -0.0001185764       -5.934493E-05        3.557500E-10
9.050000        5.923423E-05       -0.0001185792       -5.934493E-05        3.557500E-10
9.060000        5.923739E-05       -0.0001185823       -5.934493E-05        3.557500E-10
9.070000        5.924098E-05       -0.0001185859       -5.934493E-05        3.557500E-10
9.080000        5.924497E-05       -0.0001185899       -5.934493E-05        3.557500E-10
9.090000        5.924936E-05       -0.0001185943       -5.934493E-05        3.557500E-10
9.100000        5.925413E-05       -0.0001185991       -5.934493E-05        3.557500E-10
9.110000        5.925926E-05       -0.0001186042       -5.934493E-05        3.557500E-10
9.120000        5.926472E-05       -0.0001186097       -5.934493E-05        3.557500E-10
9.130000        5.927051E-05       -0.0001186154       -5.934493E-05        3.557500E-10
9.140000        5.927659E-05       -0.0001186215       -5.934493E-05        3.557500E-10
9.150000        5.928294E-05       -0.0001186279       -5.934493E-05        3.557500E-10
9.160000        5.928954E-05       -0.0001186345       -5.934493E-05        3.557500E-10
9.170000        5.929635E-05       -0.0001186413       -5.934493E-05        3.557500E-10
9.180000        5.930336E-05       -0.0001186483       -5.934493E-05        3.557500E-10
9.190000        5.931054E-05       -0.0001186555       -5.934493E-05        3.557500E-10
9.200000        5.931785E-05       -0.0001186628       -5.934493E-05        3.557500E-10
9.210000        5.932528E-05       -0.0001186702       -5.934493E-05        3.557500E-10
9.220000        5.933278E-05       -0.0001186777       -5.934493E-05        3.557500E-10
9.230000        5.934033E-05       -0.0001186853       -5.934493E-05        3.557500E-10
9.240000        5.934790E-05       -0.0001186928       -5.934493E-05        3.557500E-10
9.250000        5.935546E-05       -0.0001187004       -5.934493E-05        3.557500E-10
9.260000        5.936298E-05       -0.0001187079       -5.934493E-05        3.557500E-10
9.270000        5.937043E-05       -0.0001187154       -5.934493E-05        3.557500E-10
9.280000        5.937779E-05       -0.0001187227       -5.934493E-05        3.557500E-10
9.290000        5.938501E-05       -0.0001187299       -5.934493E-05        3.557500E-10
9.300000        5.939207E-05       -0.0001187370       -5.934493E-05        3.557500E-10
9.310000        5.939895E-05       -0.0001187439       -5.934493E-05        3.557500E-10
9.320000        5.940562E-05       -0.0001187505       -5.934493E-05        3.557500E-10
9.330000        5.941205E-05       -0.0001187570       -5.934493E-05        3.557500E-10
9.340000        5.941821E-05       -0.0001187631       -5.934493E-05        3.557500E-10
9.350000        5.942408E-05       -0.0001187690       -5.934493E-05        3.557500E-10
9.360000        5.942964E-05       -0.0001187746       -5.934493E-05        3.557500E-10
9.370000        5.943487E-05       -0.0001187798       -5.934493E-05        3.557500E-10
9.380000        5.943973E-05       -0.0001187847       -5.934493E-05        3.557500E-10
9.390000        5.944423E-05       -0.0001187892       -5.934493E-05        3.557500E-10
9.400000        5.944833E-05       -0.0001187933       -5.934493E-05        3.557500E-10
9.410000        5.945202E-05       -0.0001187969       -5.934493E-05        3.557500E-10
9.420000        5.945528E-05       -0.0001188002       -5.934493E-05        3.557500E-10
9.430000        5.945811E-05       -0.0001188030       -5.934493E-05        3.557500E-10
9.440000        5.946049E-05       -0.0001188054       -5.934493E-05        3.557500E-10
9.450000        5.946241E-05       -0.0001188073       -5.934493E-05        3.557500E-10
9.460000        5.946386E-05       -0.0001188088       -5.934493E-05        3.557500E-10
9.470000        5.946484E-05       -0.0001188098       -5.934493E-05        3.557500E-10
9.480000        5.946535E-05       -0.0001188103       -5.934493E-05        3.557500E-10
9.490000        5.946537E-05       -0.0001188103       -5.934493E-05        3.557500E-10
9.500000        5.946492E-05       -0.0001188099       -5.934493E-05        3.557500E-10
9.510000        5.946400E-05       -0.0001188089       -5.934493E-05        3.557500E-10
9.520000        5.946260E-05       -0.0001188075       -5.934493E-05        3.557500E-10
9.530000        5.946073E-05       -0.0001188057       -5.934493E-05        3.557500E-10
9.540000        5.945840E-05       -0.0001188033       -5.934493E-05        3.557500E-10
9.550000        5.945563E-05       -0.0001188006       -5.934493E-05        3.557500E-10
9.560000        5.945241E-05       -0.0001187973       -5.934493E-05        3.557500E-10
9.570000        5.944877E-05       -0.0001187937       -5.934493E-05        3.557500E-10
9.580000        5.944472E-05       -0.0001187897       -5.934493E-05        3.557500E-10
9.590000        5.944027E-05       -0.0001187852       -5.934493E-05        3.557500E-10
9.600000        5.943544E-05       -0.0001187804       -5.934493E-05        3.557500E-10
9.610000        5.943026E-05       -0.0001187752       -5.934493E-05        3.557500E-10
9.620000        5.942474E-05       -0.0001187697       -5.934493E-05        3.557500E-10
9.630000        5.941890E-05       -0.0001187638       -5.934493E-05        3.557500E-10
9.640000        5.941277E-05       -0.0001187577       -5.934493E-05        3.557500E-10
9.650000        5.940637E-05       -0.0001187513       -5.934493E-05        3.557500E-10
9.660000        5.939973E-05       -0.0001187447       -5.934493E-05        3.557500E-10
9.670000        5.939287E-05       -0.0001187378       -5.934493E-05        3.557500E-10
9.680000        5.938583E-05       -0.0001187308       -5.934493E-05        3.557500E-10
9.690000        5.937862E-05       -0.0001187236       -5.934493E-05        3.557500E-10
9.700000        5.937128E-05       -0.0001187162       -5.934493E-05        3.557500E-10
9.710000        5.936384E-05       -0.0001187088       -5.934493E-05        3.557500E-10
9.720000        5.935633E-05       -0.0001187013       -5.934493E-05        3.557500E-10
9.730000        5.934877E-05       -0.0001186937       -5.934493E-05        3.557500E-10
9.740000        5.934120E-05       -0.0001186861       -5.934493E-05        3.557500E-10
9.750000        5.933365E-05       -0.0001186786       -5.934493E-05        3.557500E-10
9.760000        5.932614E-05       -0.0001186711       -5.934493E-05        3.557500E-10
9.770000        5.931870E-05       -0.0001186636       -5.934493E-05        3.557500E-10
9.780000        5.931138E-05       -0.0001186563       -5.934493E-05        3.557500E-10
9.790000        5.930418E-05       -0.0001186491       -5.934493E-05        3.557500E-10
9.800000        5.929715E-05       -0.0001186421       -5.934493E-05        3.557500E-10
9.810000        5.929031E-05       -0.0001186352       -5.934493E-05        3.557500E-10
9.820000        5.928369E-05       -0.0001186286       -5.934493E-05        3.557500E-10
9.830000        5.927731E-05       -0.0001186222       -5.934493E-05        3.557500E-10
9.840000        5.927120E-05       -0.0001186161       -5.934493E-05        3.557500E-10
9.850000        5.926538E-05       -0.0001186103       -5.934494E-05        3.557500E-10
9.860000        5.925987E-05       -0.0001186048       -5.934494E-05        3.557500E-10
9.870000        5.925471E-05       -0.0001185996       -5.934494E-05        3.557500E-10
9.880000        5.924989E-05       -0.0001185948       -5.934494E-05        3.557500E-10
9.890000        5.924546E-05       -0.0001185904       -5.934494E-05        3.557500E-10
9.900000        5.924142E-05       -0.0001185864       -5.934494E-05        3.557500E-10
9.910000        5.923779E-05       -0.0001185827       -5.934494E-05        3.557500E-10
9.920000        5.923458E-05       -0.0001185795       -5.934494E-05        3.557500E-10
9.930000        5.923181E-05       -0.0001185767       -5.934494E-05        3.557500E-10
9.940000        5.922948E-05       -0.0001185744       -5.934494E-05        3.557500E-10
9.950000        5.922761E-05       -0.0001185725       -5.934494E-05        3.557500E-10
9.960000        5.922621E-05       -0.0001185711       -5.934494E-05        3.557500E-10
9.970000        5.922527E-05       -0.0001185702       -5.934494E-05        3.557500E-10
9.980000        5.922480E-05       -0.0001185697       -5.934494E-05        3.557500E-10
9.990000        5.922481E-05       -0.0001185697       -5.934494E-05        3.557500E-10
10.00000        5.922530E-05       -0.0001185702       -5.934494E-05        3.557500E-10
