#Time(Yr)                K_Ea                U_Ea             Etot_Ea                L_Ea
0.00000         5.92246E-05        -0.000118569        -5.93448E-05        3.557506E-10
0.02000000        5.922559E-05       -0.0001185704       -5.934484E-05        3.557506E-10
0.04000000        5.922843E-05       -0.0001185733       -5.934485E-05        3.557505E-10
0.06000000        5.923311E-05       -0.0001185780       -5.934485E-05        3.557505E-10
0.08000000        5.923956E-05       -0.0001185844       -5.934486E-05        3.557504E-10
0.1000000        5.924768E-05       -0.0001185925       -5.934487E-05        3.557504E-10
0.1200000        5.925734E-05       -0.0001186022       -5.934487E-05        3.557504E-10
0.1400000        5.926840E-05       -0.0001186133       -5.934488E-05        3.557503E-10
0.1600000        5.928067E-05       -0.0001186256       -5.934489E-05        3.557503E-10
0.1800000        5.929397E-05       -0.0001186389       -5.934489E-05        3.557502E-10
0.2000000        5.930808E-05       -0.0001186530       -5.934490E-05        3.557502E-10
0.2200000        5.932279E-05       -0.0001186677       -5.934491E-05        3.557502E-10
0.2400000        5.933787E-05       -0.0001186828       -5.934491E-05        3.557501E-10
0.2600000        5.935306E-05       -0.0001186980       -5.934492E-05        3.557501E-10
0.2800000        5.936814E-05       -0.0001187131       -5.934492E-05        3.557501E-10
0.3000000        5.938287E-05       -0.0001187278       -5.934493E-05        3.557500E-10
0.3200000        5.939701E-05       -0.0001187419       -5.934494E-05        3.557500E-10
0.3400000        5.941033E-05       -0.0001187553       -5.934494E-05        3.557499E-10
0.3600000        5.942263E-05       -0.0001187676       -5.934495E-05        3.557499E-10
0.3800000        5.943371E-05       -0.0001187787       -5.934496E-05        3.557499E-10
0.4000000        5.944340E-05       -0.0001187884       -5.934496E-05        3.557498E-10
0.4200000        5.945153E-05       -0.0001187965       -5.934497E-05        3.557498E-10
0.4400000        5.945798E-05       -0.0001188030       -5.934498E-05        3.557497E-10
0.4600000        5.946264E-05       -0.0001188076       -5.934498E-05        3.557497E-10
0.4800000        5.946545E-05       -0.0001188104       -5.934499E-05        3.557497E-10
0.5000000        5.946635E-05       -0.0001188114       -5.934500E-05        3.557496E-10
0.5200000        5.946534E-05       -0.0001188103       -5.934500E-05        3.557496E-10
0.5400000        5.946242E-05       -0.0001188074       -5.934501E-05        3.557495E-10
0.5600000        5.945765E-05       -0.0001188027       -5.934502E-05        3.557495E-10
0.5800000        5.945110E-05       -0.0001187961       -5.934502E-05        3.557495E-10
0.6000000        5.944288E-05       -0.0001187879       -5.934503E-05        3.557494E-10
0.6200000        5.943311E-05       -0.0001187781       -5.934504E-05        3.557494E-10
0.6400000        5.942196E-05       -0.0001187670       -5.934504E-05        3.557493E-10
0.6600000        5.940960E-05       -0.0001187546       -5.934505E-05        3.557493E-10
0.6800000        5.939623E-05       -0.0001187413       -5.934506E-05        3.557493E-10
0.7000000        5.938206E-05       -0.0001187271       -5.934506E-05        3.557492E-10
0.7200000        5.936731E-05       -0.0001187124       -5.934507E-05        3.557492E-10
0.7400000        5.935223E-05       -0.0001186973       -5.934508E-05        3.557491E-10
0.7600000        5.933705E-05       -0.0001186821       -5.934508E-05        3.557491E-10
0.7800000        5.932201E-05       -0.0001186671       -5.934509E-05        3.557491E-10
0.8000000        5.930734E-05       -0.0001186524       -5.934510E-05        3.557490E-10
0.8200000        5.929329E-05       -0.0001186384       -5.934510E-05        3.557490E-10
0.8400000        5.928006E-05       -0.0001186252       -5.934511E-05        3.557489E-10
0.8600000        5.926788E-05       -0.0001186130       -5.934512E-05        3.557489E-10
0.8800000        5.925692E-05       -0.0001186020       -5.934512E-05        3.557489E-10
0.9000000        5.924737E-05       -0.0001185925       -5.934513E-05        3.557488E-10
0.9200000        5.923937E-05       -0.0001185845       -5.934514E-05        3.557488E-10
0.9400000        5.923304E-05       -0.0001185782       -5.934514E-05        3.557487E-10
0.9600000        5.922849E-05       -0.0001185736       -5.934515E-05        3.557487E-10
0.9800000        5.922579E-05       -0.0001185709       -5.934516E-05        3.557487E-10
1.000000        5.922498E-05       -0.0001185701       -5.934516E-05        3.557486E-10
1.020000        5.922607E-05       -0.0001185712       -5.934517E-05        3.557486E-10
1.040000        5.922905E-05       -0.0001185742       -5.934518E-05        3.557486E-10
1.060000        5.923387E-05       -0.0001185790       -5.934518E-05        3.557485E-10
1.080000        5.924045E-05       -0.0001185856       -5.934519E-05        3.557485E-10
1.100000        5.924869E-05       -0.0001185939       -5.934520E-05        3.557484E-10
1.120000        5.925846E-05       -0.0001186037       -5.934520E-05        3.557484E-10
1.140000        5.926962E-05       -0.0001186148       -5.934521E-05        3.557484E-10
1.160000        5.928197E-05       -0.0001186272       -5.934521E-05        3.557483E-10
1.180000        5.929534E-05       -0.0001186406       -5.934522E-05        3.557483E-10
1.200000        5.930951E-05       -0.0001186547       -5.934523E-05        3.557482E-10
1.220000        5.932425E-05       -0.0001186695       -5.934523E-05        3.557482E-10
1.240000        5.933934E-05       -0.0001186846       -5.934524E-05        3.557482E-10
1.260000        5.935454E-05       -0.0001186998       -5.934525E-05        3.557481E-10
1.280000        5.936960E-05       -0.0001187149       -5.934525E-05        3.557481E-10
1.300000        5.938429E-05       -0.0001187296       -5.934526E-05        3.557480E-10
1.320000        5.939837E-05       -0.0001187436       -5.934527E-05        3.557480E-10
1.340000        5.941163E-05       -0.0001187569       -5.934527E-05        3.557480E-10
1.360000        5.942384E-05       -0.0001187691       -5.934528E-05        3.557479E-10
1.380000        5.943482E-05       -0.0001187801       -5.934529E-05        3.557479E-10
1.400000        5.944439E-05       -0.0001187897       -5.934529E-05        3.557478E-10
1.420000        5.945240E-05       -0.0001187977       -5.934530E-05        3.557478E-10
1.440000        5.945872E-05       -0.0001188040       -5.934531E-05        3.557478E-10
1.460000        5.946325E-05       -0.0001188086       -5.934531E-05        3.557477E-10
1.480000        5.946591E-05       -0.0001188112       -5.934532E-05        3.557477E-10
1.500000        5.946667E-05       -0.0001188120       -5.934533E-05        3.557476E-10
1.520000        5.946551E-05       -0.0001188108       -5.934533E-05        3.557476E-10
1.540000        5.946245E-05       -0.0001188078       -5.934534E-05        3.557476E-10
1.560000        5.945754E-05       -0.0001188029       -5.934535E-05        3.557475E-10
1.580000        5.945086E-05       -0.0001187962       -5.934535E-05        3.557475E-10
1.600000        5.944251E-05       -0.0001187879       -5.934536E-05        3.557474E-10
1.620000        5.943264E-05       -0.0001187780       -5.934537E-05        3.557474E-10
1.640000        5.942139E-05       -0.0001187668       -5.934537E-05        3.557474E-10
1.660000        5.940894E-05       -0.0001187543       -5.934538E-05        3.557473E-10
1.680000        5.939550E-05       -0.0001187409       -5.934539E-05        3.557473E-10
1.700000        5.938128E-05       -0.0001187267       -5.934539E-05        3.557472E-10
1.720000        5.936650E-05       -0.0001187119       -5.934540E-05        3.557472E-10
1.740000        5.935141E-05       -0.0001186968       -5.934541E-05        3.557472E-10
1.760000        5.933623E-05       -0.0001186816       -5.934541E-05        3.557471E-10
1.780000        5.932120E-05       -0.0001186666       -5.934542E-05        3.557471E-10
1.800000        5.930658E-05       -0.0001186520       -5.934543E-05        3.557471E-10
1.820000        5.929258E-05       -0.0001186380       -5.934543E-05        3.557470E-10
1.840000        5.927943E-05       -0.0001186249       -5.934544E-05        3.557470E-10
1.860000        5.926733E-05       -0.0001186128       -5.934545E-05        3.557469E-10
1.880000        5.925647E-05       -0.0001186019       -5.934545E-05        3.557469E-10
1.900000        5.924703E-05       -0.0001185925       -5.934546E-05        3.557469E-10
1.920000        5.923916E-05       -0.0001185846       -5.934547E-05        3.557468E-10
1.940000        5.923296E-05       -0.0001185784       -5.934547E-05        3.557468E-10
1.960000        5.922855E-05       -0.0001185740       -5.934548E-05        3.557467E-10
1.980000        5.922600E-05       -0.0001185715       -5.934548E-05        3.557467E-10
2.000000        5.922533E-05       -0.0001185708       -5.934549E-05        3.557467E-10
2.020000        5.922657E-05       -0.0001185721       -5.934550E-05        3.557466E-10
2.040000        5.922968E-05       -0.0001185752       -5.934550E-05        3.557466E-10
2.060000        5.923464E-05       -0.0001185801       -5.934551E-05        3.557465E-10
2.080000        5.924135E-05       -0.0001185869       -5.934552E-05        3.557465E-10
2.100000        5.924971E-05       -0.0001185952       -5.934552E-05        3.557465E-10
2.120000        5.925960E-05       -0.0001186051       -5.934553E-05        3.557464E-10
2.140000        5.927085E-05       -0.0001186164       -5.934554E-05        3.557464E-10
2.160000        5.928329E-05       -0.0001186288       -5.934554E-05        3.557463E-10
2.180000        5.929673E-05       -0.0001186423       -5.934555E-05        3.557463E-10
2.200000        5.931094E-05       -0.0001186565       -5.934556E-05        3.557463E-10
2.220000        5.932572E-05       -0.0001186713       -5.934556E-05        3.557462E-10
2.240000        5.934083E-05       -0.0001186864       -5.934557E-05        3.557462E-10
2.260000        5.935602E-05       -0.0001187016       -5.934558E-05        3.557462E-10
2.280000        5.937106E-05       -0.0001187166       -5.934558E-05        3.557461E-10
2.300000        5.938572E-05       -0.0001187313       -5.934559E-05        3.557461E-10
2.320000        5.939974E-05       -0.0001187453       -5.934560E-05        3.557460E-10
2.340000        5.941293E-05       -0.0001187585       -5.934560E-05        3.557460E-10
2.360000        5.942505E-05       -0.0001187707       -5.934561E-05        3.557460E-10
2.380000        5.943593E-05       -0.0001187815       -5.934562E-05        3.557459E-10
2.400000        5.944539E-05       -0.0001187910       -5.934562E-05        3.557459E-10
2.420000        5.945327E-05       -0.0001187989       -5.934563E-05        3.557458E-10
2.440000        5.945946E-05       -0.0001188051       -5.934563E-05        3.557458E-10
2.460000        5.946384E-05       -0.0001188095       -5.934564E-05        3.557458E-10
2.480000        5.946636E-05       -0.0001188120       -5.934565E-05        3.557457E-10
2.500000        5.946697E-05       -0.0001188126       -5.934565E-05        3.557457E-10
2.520000        5.946567E-05       -0.0001188113       -5.934566E-05        3.557456E-10
2.540000        5.946247E-05       -0.0001188081       -5.934567E-05        3.557456E-10
2.560000        5.945742E-05       -0.0001188031       -5.934567E-05        3.557456E-10
2.580000        5.945060E-05       -0.0001187963       -5.934568E-05        3.557455E-10
2.600000        5.944214E-05       -0.0001187878       -5.934569E-05        3.557455E-10
2.620000        5.943215E-05       -0.0001187778       -5.934569E-05        3.557454E-10
2.640000        5.942080E-05       -0.0001187665       -5.934570E-05        3.557454E-10
2.660000        5.940827E-05       -0.0001187540       -5.934571E-05        3.557454E-10
2.680000        5.939477E-05       -0.0001187405       -5.934571E-05        3.557453E-10
2.700000        5.938050E-05       -0.0001187262       -5.934572E-05        3.557453E-10
2.720000        5.936569E-05       -0.0001187114       -5.934573E-05        3.557452E-10
2.740000        5.935057E-05       -0.0001186963       -5.934573E-05        3.557452E-10
2.760000        5.933540E-05       -0.0001186811       -5.934574E-05        3.557452E-10
2.780000        5.932040E-05       -0.0001186661       -5.934575E-05        3.557451E-10
2.800000        5.930581E-05       -0.0001186516       -5.934575E-05        3.557451E-10
2.820000        5.929187E-05       -0.0001186376       -5.934576E-05        3.557450E-10
2.840000        5.927879E-05       -0.0001186246       -5.934577E-05        3.557450E-10
2.860000        5.926678E-05       -0.0001186126       -5.934577E-05        3.557450E-10
2.880000        5.925603E-05       -0.0001186018       -5.934578E-05        3.557449E-10
2.900000        5.924671E-05       -0.0001185925       -5.934579E-05        3.557449E-10
2.920000        5.923895E-05       -0.0001185847       -5.934579E-05        3.557448E-10
2.940000        5.923289E-05       -0.0001185787       -5.934580E-05        3.557448E-10
2.960000        5.922862E-05       -0.0001185744       -5.934581E-05        3.557448E-10
2.980000        5.922621E-05       -0.0001185720       -5.934581E-05        3.557447E-10
3.000000        5.922569E-05       -0.0001185715       -5.934582E-05        3.557447E-10
3.020000        5.922707E-05       -0.0001185729       -5.934583E-05        3.557447E-10
3.040000        5.923033E-05       -0.0001185762       -5.934583E-05        3.557446E-10
3.060000        5.923542E-05       -0.0001185813       -5.934584E-05        3.557446E-10
3.080000        5.924226E-05       -0.0001185881       -5.934585E-05        3.557445E-10
3.100000        5.925075E-05       -0.0001185966       -5.934585E-05        3.557445E-10
3.120000        5.926074E-05       -0.0001186066       -5.934586E-05        3.557445E-10
3.140000        5.927209E-05       -0.0001186180       -5.934587E-05        3.557444E-10
3.160000        5.928461E-05       -0.0001186305       -5.934587E-05        3.557444E-10
3.180000        5.929812E-05       -0.0001186440       -5.934588E-05        3.557443E-10
3.200000        5.931239E-05       -0.0001186583       -5.934588E-05        3.557443E-10
3.220000        5.932720E-05       -0.0001186731       -5.934589E-05        3.557443E-10
3.240000        5.934232E-05       -0.0001186882       -5.934590E-05        3.557442E-10
3.260000        5.935751E-05       -0.0001187034       -5.934590E-05        3.557442E-10
3.280000        5.937253E-05       -0.0001187184       -5.934591E-05        3.557441E-10
3.300000        5.938714E-05       -0.0001187331       -5.934592E-05        3.557441E-10
3.320000        5.940111E-05       -0.0001187470       -5.934592E-05        3.557441E-10
3.340000        5.941422E-05       -0.0001187602       -5.934593E-05        3.557440E-10
3.360000        5.942626E-05       -0.0001187722       -5.934594E-05        3.557440E-10
3.380000        5.943703E-05       -0.0001187830       -5.934594E-05        3.557439E-10
3.400000        5.944637E-05       -0.0001187923       -5.934595E-05        3.557439E-10
3.420000        5.945413E-05       -0.0001188001       -5.934596E-05        3.557439E-10
3.440000        5.946018E-05       -0.0001188061       -5.934596E-05        3.557438E-10
3.460000        5.946443E-05       -0.0001188104       -5.934597E-05        3.557438E-10
3.480000        5.946680E-05       -0.0001188128       -5.934598E-05        3.557437E-10
3.500000        5.946727E-05       -0.0001188133       -5.934598E-05        3.557437E-10
3.520000        5.946581E-05       -0.0001188118       -5.934599E-05        3.557437E-10
3.540000        5.946247E-05       -0.0001188085       -5.934600E-05        3.557436E-10
3.560000        5.945728E-05       -0.0001188033       -5.934600E-05        3.557436E-10
3.580000        5.945034E-05       -0.0001187963       -5.934601E-05        3.557435E-10
3.600000        5.944175E-05       -0.0001187878       -5.934602E-05        3.557435E-10
3.620000        5.943165E-05       -0.0001187777       -5.934602E-05        3.557435E-10
3.640000        5.942021E-05       -0.0001187662       -5.934603E-05        3.557434E-10
3.660000        5.940760E-05       -0.0001187536       -5.934604E-05        3.557434E-10
3.680000        5.939402E-05       -0.0001187401       -5.934604E-05        3.557433E-10
3.700000        5.937970E-05       -0.0001187258       -5.934605E-05        3.557433E-10
3.720000        5.936486E-05       -0.0001187109       -5.934606E-05        3.557433E-10
3.740000        5.934974E-05       -0.0001186958       -5.934606E-05        3.557432E-10
3.760000        5.933457E-05       -0.0001186806       -5.934607E-05        3.557432E-10
3.780000        5.931959E-05       -0.0001186657       -5.934608E-05        3.557431E-10
3.800000        5.930505E-05       -0.0001186511       -5.934608E-05        3.557431E-10
3.820000        5.929116E-05       -0.0001186373       -5.934609E-05        3.557431E-10
3.840000        5.927816E-05       -0.0001186243       -5.934610E-05        3.557430E-10
3.860000        5.926624E-05       -0.0001186123       -5.934610E-05        3.557430E-10
3.880000        5.925559E-05       -0.0001186017       -5.934611E-05        3.557430E-10
3.900000        5.924638E-05       -0.0001185925       -5.934612E-05        3.557429E-10
3.920000        5.923876E-05       -0.0001185849       -5.934612E-05        3.557429E-10
3.940000        5.923283E-05       -0.0001185790       -5.934613E-05        3.557428E-10
3.960000        5.922870E-05       -0.0001185748       -5.934614E-05        3.557428E-10
3.980000        5.922643E-05       -0.0001185726       -5.934614E-05        3.557428E-10
4.000000        5.922606E-05       -0.0001185722       -5.934615E-05        3.557427E-10
4.020000        5.922758E-05       -0.0001185737       -5.934616E-05        3.557427E-10
4.040000        5.923099E-05       -0.0001185772       -5.934616E-05        3.557426E-10
4.060000        5.923622E-05       -0.0001185824       -5.934617E-05        3.557426E-10
4.080000        5.924319E-05       -0.0001185894       -5.934617E-05        3.557426E-10
4.100000        5.925180E-05       -0.0001185980       -5.934618E-05        3.557425E-10
4.120000        5.926190E-05       -0.0001186081       -5.934619E-05        3.557425E-10
4.140000        5.927335E-05       -0.0001186195       -5.934619E-05        3.557424E-10
4.160000        5.928595E-05       -0.0001186322       -5.934620E-05        3.557424E-10
4.180000        5.929952E-05       -0.0001186457       -5.934621E-05        3.557424E-10
4.200000        5.931384E-05       -0.0001186601       -5.934621E-05        3.557423E-10
4.220000        5.932869E-05       -0.0001186749       -5.934622E-05        3.557423E-10
4.240000        5.934382E-05       -0.0001186900       -5.934623E-05        3.557422E-10
4.260000        5.935900E-05       -0.0001187052       -5.934623E-05        3.557422E-10
4.280000        5.937400E-05       -0.0001187202       -5.934624E-05        3.557422E-10
4.300000        5.938857E-05       -0.0001187348       -5.934625E-05        3.557421E-10
4.320000        5.940248E-05       -0.0001187487       -5.934625E-05        3.557421E-10
4.340000        5.941552E-05       -0.0001187618       -5.934626E-05        3.557421E-10
4.360000        5.942746E-05       -0.0001187737       -5.934627E-05        3.557420E-10
4.380000        5.943813E-05       -0.0001187844       -5.934627E-05        3.557420E-10
4.400000        5.944736E-05       -0.0001187936       -5.934628E-05        3.557419E-10
4.420000        5.945499E-05       -0.0001188013       -5.934629E-05        3.557419E-10
4.440000        5.946090E-05       -0.0001188072       -5.934629E-05        3.557419E-10
4.460000        5.946500E-05       -0.0001188113       -5.934630E-05        3.557418E-10
4.480000        5.946723E-05       -0.0001188135       -5.934631E-05        3.557418E-10
4.500000        5.946755E-05       -0.0001188139       -5.934631E-05        3.557417E-10
4.520000        5.946595E-05       -0.0001188123       -5.934632E-05        3.557417E-10
4.540000        5.946246E-05       -0.0001188088       -5.934633E-05        3.557417E-10
4.560000        5.945713E-05       -0.0001188035       -5.934633E-05        3.557416E-10
4.580000        5.945006E-05       -0.0001187964       -5.934634E-05        3.557416E-10
4.600000        5.944135E-05       -0.0001187877       -5.934635E-05        3.557415E-10
4.620000        5.943114E-05       -0.0001187775       -5.934635E-05        3.557415E-10
4.640000        5.941960E-05       -0.0001187660       -5.934636E-05        3.557415E-10
4.660000        5.940691E-05       -0.0001187533       -5.934637E-05        3.557414E-10
4.680000        5.939327E-05       -0.0001187396       -5.934637E-05        3.557414E-10
4.700000        5.937890E-05       -0.0001187253       -5.934638E-05        3.557413E-10
4.720000        5.936403E-05       -0.0001187104       -5.934639E-05        3.557413E-10
4.740000        5.934889E-05       -0.0001186953       -5.934639E-05        3.557413E-10
4.760000        5.933373E-05       -0.0001186801       -5.934640E-05        3.557412E-10
4.780000        5.931878E-05       -0.0001186652       -5.934641E-05        3.557412E-10
4.800000        5.930428E-05       -0.0001186507       -5.934641E-05        3.557411E-10
4.820000        5.929045E-05       -0.0001186369       -5.934642E-05        3.557411E-10
4.840000        5.927753E-05       -0.0001186240       -5.934643E-05        3.557411E-10
4.860000        5.926570E-05       -0.0001186121       -5.934643E-05        3.557410E-10
4.880000        5.925516E-05       -0.0001186016       -5.934644E-05        3.557410E-10
4.900000        5.924607E-05       -0.0001185925       -5.934644E-05        3.557409E-10
4.920000        5.923857E-05       -0.0001185850       -5.934645E-05        3.557409E-10
4.940000        5.923278E-05       -0.0001185792       -5.934646E-05        3.557409E-10
4.960000        5.922879E-05       -0.0001185753       -5.934646E-05        3.557408E-10
4.980000        5.922667E-05       -0.0001185731       -5.934647E-05        3.557408E-10
5.000000        5.922644E-05       -0.0001185729       -5.934648E-05        3.557407E-10
5.020000        5.922811E-05       -0.0001185746       -5.934648E-05        3.557407E-10
5.040000        5.923166E-05       -0.0001185782       -5.934649E-05        3.557407E-10
5.060000        5.923703E-05       -0.0001185835       -5.934650E-05        3.557406E-10
5.080000        5.924413E-05       -0.0001185906       -5.934650E-05        3.557406E-10
5.100000        5.925286E-05       -0.0001185994       -5.934651E-05        3.557406E-10
5.120000        5.926307E-05       -0.0001186096       -5.934652E-05        3.557405E-10
5.140000        5.927461E-05       -0.0001186211       -5.934652E-05        3.557405E-10
5.160000        5.928730E-05       -0.0001186338       -5.934653E-05        3.557404E-10
5.180000        5.930094E-05       -0.0001186475       -5.934654E-05        3.557404E-10
5.200000        5.931530E-05       -0.0001186618       -5.934654E-05        3.557404E-10
5.220000        5.933018E-05       -0.0001186767       -5.934655E-05        3.557403E-10
5.240000        5.934532E-05       -0.0001186919       -5.934656E-05        3.557403E-10
5.260000        5.936050E-05       -0.0001187071       -5.934656E-05        3.557402E-10
5.280000        5.937548E-05       -0.0001187220       -5.934657E-05        3.557402E-10
5.300000        5.939000E-05       -0.0001187366       -5.934657E-05        3.557402E-10
5.320000        5.940385E-05       -0.0001187504       -5.934658E-05        3.557401E-10
5.340000        5.941681E-05       -0.0001187634       -5.934659E-05        3.557401E-10
5.360000        5.942866E-05       -0.0001187753       -5.934659E-05        3.557400E-10
5.380000        5.943923E-05       -0.0001187858       -5.934660E-05        3.557400E-10
5.400000        5.944833E-05       -0.0001187949       -5.934661E-05        3.557400E-10
5.420000        5.945583E-05       -0.0001188024       -5.934661E-05        3.557399E-10
5.440000        5.946161E-05       -0.0001188082       -5.934662E-05        3.557399E-10
5.460000        5.946557E-05       -0.0001188122       -5.934663E-05        3.557398E-10
5.480000        5.946765E-05       -0.0001188143       -5.934663E-05        3.557398E-10
5.500000        5.946782E-05       -0.0001188145       -5.934664E-05        3.557398E-10
5.520000        5.946607E-05       -0.0001188127       -5.934665E-05        3.557397E-10
5.540000        5.946243E-05       -0.0001188091       -5.934665E-05        3.557397E-10
5.560000        5.945697E-05       -0.0001188036       -5.934666E-05        3.557396E-10
5.580000        5.944976E-05       -0.0001187964       -5.934667E-05        3.557396E-10
5.600000        5.944093E-05       -0.0001187876       -5.934667E-05        3.557396E-10
5.620000        5.943062E-05       -0.0001187773       -5.934668E-05        3.557395E-10
5.640000        5.941898E-05       -0.0001187657       -5.934669E-05        3.557395E-10
5.660000        5.940621E-05       -0.0001187529       -5.934669E-05        3.557394E-10
5.680000        5.939250E-05       -0.0001187392       -5.934670E-05        3.557394E-10
5.700000        5.937809E-05       -0.0001187248       -5.934671E-05        3.557394E-10
5.720000        5.936319E-05       -0.0001187099       -5.934671E-05        3.557393E-10
5.740000        5.934804E-05       -0.0001186948       -5.934672E-05        3.557393E-10
5.760000        5.933288E-05       -0.0001186796       -5.934673E-05        3.557392E-10
5.780000        5.931796E-05       -0.0001186647       -5.934673E-05        3.557392E-10
5.800000        5.930351E-05       -0.0001186502       -5.934674E-05        3.557392E-10
5.820000        5.928975E-05       -0.0001186365       -5.934675E-05        3.557391E-10
5.840000        5.927690E-05       -0.0001186237       -5.934675E-05        3.557391E-10
5.860000        5.926516E-05       -0.0001186119       -5.934676E-05        3.557391E-10
5.880000        5.925473E-05       -0.0001186015       -5.934677E-05        3.557390E-10
5.900000        5.924576E-05       -0.0001185925       -5.934677E-05        3.557390E-10
5.920000        5.923839E-05       -0.0001185852       -5.934678E-05        3.557389E-10
5.940000        5.923273E-05       -0.0001185795       -5.934679E-05        3.557389E-10
5.960000        5.922889E-05       -0.0001185757       -5.934679E-05        3.557389E-10
5.980000        5.922691E-05       -0.0001185737       -5.934680E-05        3.557388E-10
6.000000        5.922683E-05       -0.0001185736       -5.934681E-05        3.557388E-10
6.020000        5.922865E-05       -0.0001185755       -5.934681E-05        3.557387E-10
6.040000        5.923234E-05       -0.0001185792       -5.934682E-05        3.557387E-10
6.060000        5.923785E-05       -0.0001185847       -5.934683E-05        3.557387E-10
6.080000        5.924508E-05       -0.0001185919       -5.934683E-05        3.557386E-10
6.100000        5.925393E-05       -0.0001186008       -5.934684E-05        3.557386E-10
6.120000        5.926425E-05       -0.0001186111       -5.934685E-05        3.557385E-10
6.140000        5.927589E-05       -0.0001186227       -5.934685E-05        3.557385E-10
6.160000        5.928866E-05       -0.0001186355       -5.934686E-05        3.557385E-10
6.180000        5.930236E-05       -0.0001186492       -5.934686E-05        3.557384E-10
6.200000        5.931677E-05       -0.0001186636       -5.934687E-05        3.557384E-10
6.220000        5.933168E-05       -0.0001186786       -5.934688E-05        3.557383E-10
6.240000        5.934684E-05       -0.0001186937       -5.934688E-05        3.557383E-10
6.260000        5.936201E-05       -0.0001187089       -5.934689E-05        3.557383E-10
6.280000        5.937695E-05       -0.0001187238       -5.934690E-05        3.557382E-10
6.300000        5.939143E-05       -0.0001187383       -5.934690E-05        3.557382E-10
6.320000        5.940522E-05       -0.0001187521       -5.934691E-05        3.557382E-10
6.340000        5.941810E-05       -0.0001187650       -5.934692E-05        3.557381E-10
6.360000        5.942986E-05       -0.0001187768       -5.934692E-05        3.557381E-10
6.380000        5.944032E-05       -0.0001187872       -5.934693E-05        3.557380E-10
6.400000        5.944930E-05       -0.0001187962       -5.934694E-05        3.557380E-10
6.420000        5.945667E-05       -0.0001188036       -5.934694E-05        3.557380E-10
6.440000        5.946231E-05       -0.0001188093       -5.934695E-05        3.557379E-10
6.460000        5.946612E-05       -0.0001188131       -5.934696E-05        3.557379E-10
6.480000        5.946806E-05       -0.0001188150       -5.934696E-05        3.557378E-10
6.500000        5.946808E-05       -0.0001188150       -5.934697E-05        3.557378E-10
6.520000        5.946618E-05       -0.0001188132       -5.934698E-05        3.557378E-10
6.540000        5.946240E-05       -0.0001188094       -5.934698E-05        3.557377E-10
6.560000        5.945680E-05       -0.0001188038       -5.934699E-05        3.557377E-10
6.580000        5.944946E-05       -0.0001187965       -5.934700E-05        3.557376E-10
6.600000        5.944051E-05       -0.0001187875       -5.934700E-05        3.557376E-10
6.620000        5.943008E-05       -0.0001187771       -5.934701E-05        3.557376E-10
6.640000        5.941835E-05       -0.0001187654       -5.934702E-05        3.557375E-10
6.660000        5.940550E-05       -0.0001187525       -5.934702E-05        3.557375E-10
6.680000        5.939173E-05       -0.0001187388       -5.934703E-05        3.557374E-10
6.700000        5.937727E-05       -0.0001187243       -5.934704E-05        3.557374E-10
6.720000        5.936234E-05       -0.0001187094       -5.934704E-05        3.557374E-10
6.740000        5.934718E-05       -0.0001186942       -5.934705E-05        3.557373E-10
6.760000        5.933204E-05       -0.0001186791       -5.934706E-05        3.557373E-10
6.780000        5.931714E-05       -0.0001186642       -5.934706E-05        3.557372E-10
6.800000        5.930273E-05       -0.0001186498       -5.934707E-05        3.557372E-10
6.820000        5.928904E-05       -0.0001186361       -5.934708E-05        3.557372E-10
6.840000        5.927627E-05       -0.0001186234       -5.934708E-05        3.557371E-10
6.860000        5.926463E-05       -0.0001186117       -5.934709E-05        3.557371E-10
6.880000        5.925430E-05       -0.0001186014       -5.934710E-05        3.557370E-10
6.900000        5.924545E-05       -0.0001185926       -5.934710E-05        3.557370E-10
6.920000        5.923821E-05       -0.0001185853       -5.934711E-05        3.557370E-10
6.940000        5.923270E-05       -0.0001185798       -5.934712E-05        3.557369E-10
6.960000        5.922900E-05       -0.0001185761       -5.934712E-05        3.557369E-10
6.980000        5.922717E-05       -0.0001185743       -5.934713E-05        3.557368E-10
7.000000        5.922724E-05       -0.0001185744       -5.934713E-05        3.557368E-10
7.020000        5.922921E-05       -0.0001185763       -5.934714E-05        3.557368E-10
7.040000        5.923304E-05       -0.0001185802       -5.934715E-05        3.557367E-10
7.060000        5.923869E-05       -0.0001185858       -5.934715E-05        3.557367E-10
7.080000        5.924605E-05       -0.0001185932       -5.934716E-05        3.557367E-10
7.100000        5.925502E-05       -0.0001186022       -5.934717E-05        3.557366E-10
7.120000        5.926545E-05       -0.0001186126       -5.934717E-05        3.557366E-10
7.140000        5.927718E-05       -0.0001186244       -5.934718E-05        3.557365E-10
7.160000        5.929003E-05       -0.0001186372       -5.934719E-05        3.557365E-10
7.180000        5.930379E-05       -0.0001186510       -5.934719E-05        3.557365E-10
7.200000        5.931826E-05       -0.0001186655       -5.934720E-05        3.557364E-10
7.220000        5.933319E-05       -0.0001186804       -5.934721E-05        3.557364E-10
7.240000        5.934835E-05       -0.0001186956       -5.934721E-05        3.557363E-10
7.260000        5.936352E-05       -0.0001187107       -5.934722E-05        3.557363E-10
7.280000        5.937843E-05       -0.0001187257       -5.934723E-05        3.557363E-10
7.300000        5.939287E-05       -0.0001187401       -5.934723E-05        3.557362E-10
7.320000        5.940659E-05       -0.0001187538       -5.934724E-05        3.557362E-10
7.340000        5.941939E-05       -0.0001187666       -5.934725E-05        3.557361E-10
7.360000        5.943105E-05       -0.0001187783       -5.934725E-05        3.557361E-10
7.380000        5.944140E-05       -0.0001187887       -5.934726E-05        3.557361E-10
7.400000        5.945026E-05       -0.0001187975       -5.934727E-05        3.557360E-10
7.420000        5.945750E-05       -0.0001188048       -5.934727E-05        3.557360E-10
7.440000        5.946300E-05       -0.0001188103       -5.934728E-05        3.557359E-10
7.460000        5.946667E-05       -0.0001188140       -5.934729E-05        3.557359E-10
7.480000        5.946845E-05       -0.0001188157       -5.934729E-05        3.557359E-10
7.500000        5.946832E-05       -0.0001188156       -5.934730E-05        3.557358E-10
7.520000        5.946628E-05       -0.0001188136       -5.934731E-05        3.557358E-10
7.540000        5.946235E-05       -0.0001188097       -5.934731E-05        3.557357E-10
7.560000        5.945661E-05       -0.0001188039       -5.934732E-05        3.557357E-10
7.580000        5.944914E-05       -0.0001187965       -5.934733E-05        3.557357E-10
7.600000        5.944007E-05       -0.0001187874       -5.934733E-05        3.557356E-10
7.620000        5.942953E-05       -0.0001187769       -5.934734E-05        3.557356E-10
7.640000        5.941770E-05       -0.0001187650       -5.934735E-05        3.557355E-10
7.660000        5.940477E-05       -0.0001187521       -5.934735E-05        3.557355E-10
7.680000        5.939094E-05       -0.0001187383       -5.934736E-05        3.557355E-10
7.700000        5.937644E-05       -0.0001187238       -5.934737E-05        3.557354E-10
7.720000        5.936148E-05       -0.0001187089       -5.934737E-05        3.557354E-10
7.740000        5.934632E-05       -0.0001186937       -5.934738E-05        3.557353E-10
7.760000        5.933119E-05       -0.0001186786       -5.934738E-05        3.557353E-10
7.780000        5.931632E-05       -0.0001186637       -5.934739E-05        3.557353E-10
7.800000        5.930196E-05       -0.0001186494       -5.934740E-05        3.557352E-10
7.820000        5.928833E-05       -0.0001186357       -5.934740E-05        3.557352E-10
7.840000        5.927564E-05       -0.0001186231       -5.934741E-05        3.557352E-10
7.860000        5.926410E-05       -0.0001186115       -5.934742E-05        3.557351E-10
7.880000        5.925388E-05       -0.0001186013       -5.934742E-05        3.557351E-10
7.900000        5.924515E-05       -0.0001185926       -5.934743E-05        3.557350E-10
7.920000        5.923805E-05       -0.0001185855       -5.934744E-05        3.557350E-10
7.940000        5.923267E-05       -0.0001185801       -5.934744E-05        3.557350E-10
7.960000        5.922912E-05       -0.0001185766       -5.934745E-05        3.557349E-10
7.980000        5.922744E-05       -0.0001185749       -5.934746E-05        3.557349E-10
8.000000        5.922766E-05       -0.0001185751       -5.934746E-05        3.557348E-10
8.020000        5.922977E-05       -0.0001185772       -5.934747E-05        3.557348E-10
8.040000        5.923375E-05       -0.0001185812       -5.934748E-05        3.557348E-10
8.060000        5.923953E-05       -0.0001185870       -5.934748E-05        3.557347E-10
8.080000        5.924703E-05       -0.0001185945       -5.934749E-05        3.557347E-10
8.100000        5.925612E-05       -0.0001186036       -5.934750E-05        3.557346E-10
8.120000        5.926666E-05       -0.0001186142       -5.934750E-05        3.557346E-10
8.140000        5.927848E-05       -0.0001186260       -5.934751E-05        3.557346E-10
8.160000        5.929141E-05       -0.0001186389       -5.934752E-05        3.557345E-10
8.180000        5.930524E-05       -0.0001186528       -5.934752E-05        3.557345E-10
8.200000        5.931974E-05       -0.0001186673       -5.934753E-05        3.557344E-10
8.220000        5.933470E-05       -0.0001186822       -5.934753E-05        3.557344E-10
8.240000        5.934988E-05       -0.0001186974       -5.934754E-05        3.557344E-10
8.260000        5.936503E-05       -0.0001187126       -5.934755E-05        3.557343E-10
8.280000        5.937992E-05       -0.0001187275       -5.934755E-05        3.557343E-10
8.300000        5.939430E-05       -0.0001187419       -5.934756E-05        3.557342E-10
8.320000        5.940796E-05       -0.0001187555       -5.934757E-05        3.557342E-10
8.340000        5.942068E-05       -0.0001187683       -5.934757E-05        3.557342E-10
8.360000        5.943225E-05       -0.0001187798       -5.934758E-05        3.557341E-10
8.380000        5.944248E-05       -0.0001187901       -5.934759E-05        3.557341E-10
8.400000        5.945122E-05       -0.0001187988       -5.934759E-05        3.557341E-10
8.420000        5.945833E-05       -0.0001188059       -5.934760E-05        3.557340E-10
8.440000        5.946368E-05       -0.0001188113       -5.934761E-05        3.557340E-10
8.460000        5.946720E-05       -0.0001188148       -5.934761E-05        3.557339E-10
8.480000        5.946884E-05       -0.0001188165       -5.934762E-05        3.557339E-10
8.500000        5.946855E-05       -0.0001188162       -5.934763E-05        3.557339E-10
8.520000        5.946636E-05       -0.0001188140       -5.934763E-05        3.557338E-10
8.540000        5.946229E-05       -0.0001188099       -5.934764E-05        3.557338E-10
8.560000        5.945641E-05       -0.0001188041       -5.934765E-05        3.557337E-10
8.580000        5.944881E-05       -0.0001187965       -5.934765E-05        3.557337E-10
8.600000        5.943961E-05       -0.0001187873       -5.934766E-05        3.557337E-10
8.620000        5.942897E-05       -0.0001187766       -5.934767E-05        3.557336E-10
8.640000        5.941705E-05       -0.0001187647       -5.934767E-05        3.557336E-10
8.660000        5.940404E-05       -0.0001187517       -5.934768E-05        3.557335E-10
8.680000        5.939015E-05       -0.0001187378       -5.934769E-05        3.557335E-10
8.700000        5.937560E-05       -0.0001187233       -5.934769E-05        3.557335E-10
8.720000        5.936062E-05       -0.0001187083       -5.934770E-05        3.557334E-10
8.740000        5.934545E-05       -0.0001186932       -5.934771E-05        3.557334E-10
8.760000        5.933033E-05       -0.0001186780       -5.934771E-05        3.557333E-10
8.780000        5.931549E-05       -0.0001186632       -5.934772E-05        3.557333E-10
8.800000        5.930118E-05       -0.0001186489       -5.934773E-05        3.557333E-10
8.820000        5.928762E-05       -0.0001186354       -5.934773E-05        3.557332E-10
8.840000        5.927502E-05       -0.0001186228       -5.934774E-05        3.557332E-10
8.860000        5.926357E-05       -0.0001186113       -5.934775E-05        3.557331E-10
8.880000        5.925347E-05       -0.0001186012       -5.934775E-05        3.557331E-10
8.900000        5.924486E-05       -0.0001185926       -5.934776E-05        3.557331E-10
8.920000        5.923789E-05       -0.0001185857       -5.934777E-05        3.557330E-10
8.940000        5.923266E-05       -0.0001185804       -5.934777E-05        3.557330E-10
8.960000        5.922925E-05       -0.0001185770       -5.934778E-05        3.557329E-10
8.980000        5.922772E-05       -0.0001185755       -5.934779E-05        3.557329E-10
9.000000        5.922809E-05       -0.0001185759       -5.934779E-05        3.557329E-10
9.020000        5.923035E-05       -0.0001185781       -5.934780E-05        3.557328E-10
9.040000        5.923448E-05       -0.0001185823       -5.934781E-05        3.557328E-10
9.060000        5.924040E-05       -0.0001185882       -5.934781E-05        3.557327E-10
9.080000        5.924802E-05       -0.0001185958       -5.934782E-05        3.557327E-10
9.100000        5.925723E-05       -0.0001186051       -5.934782E-05        3.557327E-10
9.120000        5.926788E-05       -0.0001186157       -5.934783E-05        3.557326E-10
9.140000        5.927980E-05       -0.0001186276       -5.934784E-05        3.557326E-10
9.160000        5.929280E-05       -0.0001186406       -5.934784E-05        3.557326E-10
9.180000        5.930669E-05       -0.0001186545       -5.934785E-05        3.557325E-10
9.200000        5.932124E-05       -0.0001186691       -5.934786E-05        3.557325E-10
9.220000        5.933623E-05       -0.0001186841       -5.934786E-05        3.557324E-10
9.240000        5.935141E-05       -0.0001186993       -5.934787E-05        3.557324E-10
9.260000        5.936655E-05       -0.0001187144       -5.934788E-05        3.557324E-10
9.280000        5.938140E-05       -0.0001187293       -5.934788E-05        3.557323E-10
9.300000        5.939574E-05       -0.0001187436       -5.934789E-05        3.557323E-10
9.320000        5.940933E-05       -0.0001187572       -5.934790E-05        3.557322E-10
9.340000        5.942196E-05       -0.0001187699       -5.934790E-05        3.557322E-10
9.360000        5.943343E-05       -0.0001187813       -5.934791E-05        3.557322E-10
9.380000        5.944355E-05       -0.0001187915       -5.934792E-05        3.557321E-10
9.400000        5.945217E-05       -0.0001188001       -5.934792E-05        3.557321E-10
9.420000        5.945914E-05       -0.0001188071       -5.934793E-05        3.557320E-10
9.440000        5.946435E-05       -0.0001188123       -5.934794E-05        3.557320E-10
9.460000        5.946773E-05       -0.0001188157       -5.934794E-05        3.557320E-10
9.480000        5.946921E-05       -0.0001188172       -5.934795E-05        3.557319E-10
9.500000        5.946877E-05       -0.0001188167       -5.934796E-05        3.557319E-10
9.520000        5.946643E-05       -0.0001188144       -5.934796E-05        3.557318E-10
9.540000        5.946221E-05       -0.0001188102       -5.934797E-05        3.557318E-10
9.560000        5.945619E-05       -0.0001188042       -5.934798E-05        3.557318E-10
9.580000        5.944846E-05       -0.0001187964       -5.934798E-05        3.557317E-10
9.600000        5.943915E-05       -0.0001187871       -5.934799E-05        3.557317E-10
9.620000        5.942840E-05       -0.0001187764       -5.934800E-05        3.557316E-10
9.640000        5.941638E-05       -0.0001187644       -5.934800E-05        3.557316E-10
9.660000        5.940329E-05       -0.0001187513       -5.934801E-05        3.557316E-10
9.680000        5.938934E-05       -0.0001187374       -5.934802E-05        3.557315E-10
9.700000        5.937475E-05       -0.0001187228       -5.934802E-05        3.557315E-10
9.720000        5.935975E-05       -0.0001187078       -5.934803E-05        3.557314E-10
9.740000        5.934457E-05       -0.0001186926       -5.934804E-05        3.557314E-10
9.760000        5.932947E-05       -0.0001186775       -5.934804E-05        3.557314E-10
9.780000        5.931467E-05       -0.0001186627       -5.934805E-05        3.557313E-10
9.800000        5.930041E-05       -0.0001186485       -5.934806E-05        3.557313E-10
9.820000        5.928691E-05       -0.0001186350       -5.934806E-05        3.557312E-10
9.840000        5.927439E-05       -0.0001186225       -5.934807E-05        3.557312E-10
9.860000        5.926305E-05       -0.0001186111       -5.934808E-05        3.557312E-10
9.880000        5.925306E-05       -0.0001186011       -5.934808E-05        3.557311E-10
9.900000        5.924458E-05       -0.0001185927       -5.934809E-05        3.557311E-10
9.920000        5.923774E-05       -0.0001185858       -5.934810E-05        3.557311E-10
9.940000        5.923265E-05       -0.0001185808       -5.934810E-05        3.557310E-10
9.960000        5.922939E-05       -0.0001185775       -5.934811E-05        3.557310E-10
9.980000        5.922801E-05       -0.0001185761       -5.934811E-05        3.557309E-10
10.00000        5.922853E-05       -0.0001185766       -5.934812E-05        3.557309E-10
