#Time(Yr)                X_Ea                Y_Ea                Z_Ea             R_earth
0.00000             1.00000             0.00000             0.00000             1.00000
0.0200000            0.992104            0.125600             0.00000             1.00002
0.0400000            0.968543            0.249217             0.00000             1.00009
0.0600000            0.929691            0.368899             0.00000             1.00021
0.0800000            0.876168            0.482760             0.00000             1.00036
0.100000            0.808823            0.589005             0.00000             1.00056
0.120000            0.728728            0.685965             0.00000             1.00080
0.140000            0.637152            0.772118             0.00000             1.00106
0.160000            0.535547            0.846118             0.00000             1.00136
0.180000            0.425519            0.906810             0.00000             1.00168
0.200000            0.308806            0.953255             0.00000             1.00203
0.220000            0.187246            0.984738             0.00000             1.00238
0.240000           0.0627496             1.00078             0.00000             1.00275
0.260000          -0.0627293             1.00115             0.00000             1.00311
0.280000           -0.187227            0.985855             0.00000             1.00348
0.300000           -0.308798            0.955154             0.00000             1.00383
0.320000           -0.425549            0.909542             0.00000             1.00417
0.340000           -0.535664            0.849746             0.00000             1.00449
0.360000           -0.637432            0.776710             0.00000             1.00479
0.380000           -0.729277            0.691583             0.00000             1.00505
0.400000           -0.809780            0.595698             0.00000             1.00529
0.420000           -0.877695            0.490555             0.00000             1.00548
0.440000           -0.931976            0.377791             0.00000             1.00564
0.460000           -0.971785            0.259161             0.00000             1.00575
0.480000           -0.996511            0.136508             0.00000             1.00582
0.500000            -1.00577           0.0117371             0.00000             1.00584
0.520000           -0.999424           -0.113216             0.00000             1.00582
0.540000           -0.977568           -0.236413             0.00000             1.00575
0.560000           -0.940537           -0.355939             0.00000             1.00564
0.580000           -0.888902           -0.469939             0.00000             1.00548
0.600000           -0.823458           -0.576639             0.00000             1.00528
0.620000           -0.745215           -0.674375             0.00000             1.00505
0.640000           -0.655380           -0.761622             0.00000             1.00478
0.660000           -0.555343           -0.837013             0.00000             1.00449
0.680000           -0.446654           -0.899363             0.00000             1.00417
0.700000           -0.330999           -0.947687             0.00000             1.00383
0.720000           -0.210176           -0.981215             0.00000             1.00347
0.740000          -0.0860689           -0.999410             0.00000             1.00311
0.760000           0.0393849            -1.00197             0.00000             1.00274
0.780000            0.164222           -0.988834             0.00000             1.00238
0.800000            0.286484           -0.960196             0.00000             1.00202
0.820000            0.404249           -0.916487             0.00000             1.00168
0.840000            0.515663           -0.858377             0.00000             1.00136
0.860000            0.618967           -0.786768             0.00000             1.00106
0.880000            0.712528           -0.702774             0.00000             1.00079
0.900000            0.794863           -0.607709             0.00000             1.00056
0.920000            0.864668           -0.503063             0.00000             1.00036
0.940000            0.920833           -0.390482             0.00000             1.00021
0.960000            0.962466           -0.271738             0.00000             1.00009
0.980000            0.988905           -0.148705             0.00000             1.00002
1.00000            0.999728          -0.0233230             0.00000             1.00000
1.02000            0.994764            0.102427             0.00000             1.00002
1.04000            0.974093            0.226560             0.00000             1.00009
1.06000            0.938044            0.347116             0.00000             1.00021
1.08000            0.887191            0.462194             0.00000             1.00036
1.10000            0.822343            0.569981             0.00000             1.00056
1.12000            0.744531            0.668782             0.00000             1.00080
1.14000            0.654990            0.757048             0.00000             1.00107
1.16000            0.555140            0.833398             0.00000             1.00136
1.18000            0.446558            0.896640             0.00000             1.00169
1.20000            0.330960            0.945795             0.00000             1.00203
1.22000            0.210168            0.980105             0.00000             1.00239
1.24000           0.0860803            0.999048             0.00000             1.00275
1.26000          -0.0393554             1.00234             0.00000             1.00312
1.28000           -0.164175            0.989958             0.00000             1.00348
1.30000           -0.286430            0.962102             0.00000             1.00383
1.32000           -0.404213            0.919227             0.00000             1.00417
1.34000           -0.515692            0.862016             0.00000             1.00449
1.36000           -0.619136            0.791374             0.00000             1.00479
1.38000           -0.712943            0.708413             0.00000             1.00506
1.40000           -0.795660            0.614434             0.00000             1.00529
1.42000           -0.866010            0.510904             0.00000             1.00548
1.44000           -0.922907            0.399437             0.00000             1.00564
1.46000           -0.965474            0.281768             0.00000             1.00575
1.48000           -0.993054            0.159726             0.00000             1.00582
1.50000            -1.00522           0.0352050             0.00000             1.00584
1.52000            -1.00179          -0.0898625             0.00000             1.00582
1.54000           -0.982818           -0.213535             0.00000             1.00575
1.56000           -0.948586           -0.333894             0.00000             1.00563
1.58000           -0.899625           -0.449068             0.00000             1.00548
1.60000           -0.836688           -0.557265             0.00000             1.00528
1.62000           -0.760747           -0.656801             0.00000             1.00505
1.64000           -0.672972           -0.746120             0.00000             1.00478
1.66000           -0.574721           -0.823825             0.00000             1.00449
1.68000           -0.467515           -0.888694             0.00000             1.00416
1.70000           -0.353019           -0.939703             0.00000             1.00382
1.72000           -0.233011           -0.976042             0.00000             1.00347
1.74000           -0.109361           -0.997127             0.00000             1.00311
1.76000           0.0159989            -1.00261             0.00000             1.00274
1.78000            0.141109           -0.992393             0.00000             1.00238
1.80000            0.264006           -0.966615             0.00000             1.00202
1.82000            0.382759           -0.925664             0.00000             1.00168
1.84000            0.495499           -0.870170             0.00000             1.00136
1.86000            0.600446           -0.800989             0.00000             1.00106
1.88000            0.695940           -0.719201             0.00000             1.00079
1.90000            0.780471           -0.626082             0.00000             1.00056
1.92000            0.852698           -0.523093             0.00000             1.00036
1.94000            0.911474           -0.411852             0.00000             1.00020
1.96000            0.955866           -0.294112             0.00000             1.00009
1.98000            0.985167           -0.171728             0.00000             1.00002
2.00000            0.998912          -0.0466332             0.00000             1.00000
2.02000            0.996883           0.0791983             0.00000             1.00002
2.04000            0.979113            0.203779             0.00000             1.00009
2.06000            0.945886            0.325143             0.00000             1.00021
2.08000            0.897731            0.441376             0.00000             1.00037
2.10000            0.835415            0.550646             0.00000             1.00056
2.12000            0.759930            0.651236             0.00000             1.00080
2.14000            0.672472            0.741566             0.00000             1.00107
2.16000            0.574430            0.820224             0.00000             1.00137
2.18000            0.467354            0.885982             0.00000             1.00169
2.20000            0.352934            0.937820             0.00000             1.00203
2.22000            0.232976            0.974938             0.00000             1.00239
2.24000            0.109364            0.996771             0.00000             1.00275
2.26000          -0.0159600             1.00299             0.00000             1.00312
2.28000           -0.141035            0.993522             0.00000             1.00348
2.30000           -0.263905            0.968526             0.00000             1.00384
2.32000           -0.382656            0.928411             0.00000             1.00418
2.34000           -0.495439            0.873816             0.00000             1.00450
2.36000           -0.600503            0.805607             0.00000             1.00479
2.38000           -0.696220            0.724858             0.00000             1.00506
2.40000           -0.781107            0.632834             0.00000             1.00529
2.42000           -0.853853            0.530974             0.00000             1.00548
2.44000           -0.913335            0.420866             0.00000             1.00564
2.46000           -0.958636            0.304222             0.00000             1.00575
2.48000           -0.989057            0.182857             0.00000             1.00582
2.50000            -1.00413           0.0586536             0.00000             1.00584
2.52000            -1.00362          -0.0664598             0.00000             1.00582
2.54000           -0.987532           -0.190542             0.00000             1.00575
2.56000           -0.956118           -0.311666             0.00000             1.00563
2.58000           -0.909857           -0.427951             0.00000             1.00548
2.60000           -0.849463           -0.537588             0.00000             1.00528
2.62000           -0.775864           -0.638869             0.00000             1.00505
2.64000           -0.690197           -0.730212             0.00000             1.00478
2.66000           -0.593785           -0.810188             0.00000             1.00448
2.68000           -0.488122           -0.877541             0.00000             1.00416
2.70000           -0.374846           -0.931207             0.00000             1.00382
2.72000           -0.255719           -0.970336             0.00000             1.00347
2.74000           -0.132594           -0.994300             0.00000             1.00310
2.76000         -0.00739563            -1.00271             0.00000             1.00274
2.78000            0.117919           -0.995412             0.00000             1.00237
2.80000            0.241385           -0.972507             0.00000             1.00202
2.82000            0.361061           -0.934338             0.00000             1.00168
2.84000            0.475065           -0.881488             0.00000             1.00135
2.86000            0.581597           -0.814775             0.00000             1.00106
2.88000            0.678974           -0.735236             0.00000             1.00079
2.90000            0.765655           -0.644114             0.00000             1.00055
2.92000            0.840264           -0.542838             0.00000             1.00036
2.94000            0.901619           -0.432998             0.00000             1.00020
2.96000            0.948745           -0.316325             0.00000             1.00009
2.98000            0.980893           -0.194659             0.00000             1.00002
3.00000            0.997553          -0.0699181             0.00000             1.00000
3.02000            0.998459           0.0559264             0.00000             1.00002
3.04000            0.983600            0.180888             0.00000             1.00009
3.06000            0.953213            0.302994             0.00000             1.00021
3.08000            0.907783            0.420318             0.00000             1.00037
3.10000            0.848033            0.531012             0.00000             1.00057
3.12000            0.774915            0.633335             0.00000             1.00080
3.14000            0.689589            0.725681             0.00000             1.00107
3.16000            0.593408            0.806604             0.00000             1.00137
3.18000            0.487895            0.874842             0.00000             1.00169
3.20000            0.374717            0.929335             0.00000             1.00204
3.22000            0.255657            0.969241             0.00000             1.00239
3.24000            0.132589            0.993951             0.00000             1.00276
3.26000          0.00744438             1.00310             0.00000             1.00312
3.28000           -0.117817            0.996546             0.00000             1.00349
3.30000           -0.241237            0.974423             0.00000             1.00384
3.32000           -0.360891            0.937089             0.00000             1.00418
3.34000           -0.474917            0.885141             0.00000             1.00450
3.36000           -0.581543            0.819402             0.00000             1.00479
3.38000           -0.679117            0.740909             0.00000             1.00506
3.40000           -0.766128            0.650891             0.00000             1.00529
3.42000           -0.841231            0.550756             0.00000             1.00549
3.44000           -0.903266            0.442065             0.00000             1.00564
3.46000           -0.951276            0.326511             0.00000             1.00575
3.48000           -0.984520            0.205888             0.00000             1.00582
3.50000            -1.00249           0.0820704             0.00000             1.00584
3.52000            -1.00489          -0.0430210             0.00000             1.00582
3.54000           -0.991709           -0.167445             0.00000             1.00575
3.56000           -0.963129           -0.289269             0.00000             1.00563
3.58000           -0.919595           -0.406602             0.00000             1.00547
3.60000           -0.861774           -0.517619             0.00000             1.00528
3.62000           -0.790558           -0.620589             0.00000             1.00504
3.64000           -0.707046           -0.713907             0.00000             1.00478
3.66000           -0.612526           -0.796110             0.00000             1.00448
3.68000           -0.508463           -0.865910             0.00000             1.00416
3.70000           -0.396470           -0.922205             0.00000             1.00382
3.72000           -0.278287           -0.964103             0.00000             1.00346
3.74000           -0.155755           -0.990933             0.00000             1.00310
3.76000          -0.0307860            -1.00226             0.00000             1.00273
3.78000           0.0946651           -0.997888             0.00000             1.00237
3.80000            0.218632           -0.977870             0.00000             1.00201
3.82000            0.339167           -0.942503             0.00000             1.00167
3.84000            0.454373           -0.892327             0.00000             1.00135
3.86000            0.562433           -0.828117             0.00000             1.00105
3.88000            0.661639           -0.750871             0.00000             1.00079
3.90000            0.750421           -0.661796             0.00000             1.00055
3.92000            0.827373           -0.562287             0.00000             1.00036
3.94000            0.891274           -0.453909             0.00000             1.00020
3.96000            0.941109           -0.338367             0.00000             1.00009
3.98000            0.976086           -0.217483             0.00000             1.00002
4.00000            0.995651          -0.0931650             0.00000             1.00000
4.02000            0.999493           0.0326242             0.00000             1.00002
4.04000            0.987552            0.157898             0.00000             1.00010
4.06000            0.960022            0.280679             0.00000             1.00021
4.08000            0.917341            0.399031             0.00000             1.00037
4.10000            0.860190            0.511089             0.00000             1.00057
4.12000            0.789478            0.615089             0.00000             1.00080
4.14000            0.706330            0.709400             0.00000             1.00107
4.16000            0.612063            0.792545             0.00000             1.00137
4.18000            0.508171            0.863225             0.00000             1.00170
4.20000            0.396295            0.920343             0.00000             1.00204
4.22000            0.278199            0.963016             0.00000             1.00239
4.24000            0.155742            0.990591             0.00000             1.00276
4.26000           0.0308448             1.00265             0.00000             1.00313
4.28000          -0.0945345            0.999027             0.00000             1.00349
4.30000           -0.218437            0.979789             0.00000             1.00384
4.32000           -0.338929            0.945257             0.00000             1.00418
4.34000           -0.454135            0.895984             0.00000             1.00450
4.36000           -0.562266            0.832751             0.00000             1.00480
4.38000           -0.661645            0.756555             0.00000             1.00506
4.40000           -0.750733            0.668592             0.00000             1.00529
4.42000           -0.828151            0.570237             0.00000             1.00549
4.44000           -0.892706            0.463024             0.00000             1.00564
4.46000           -0.943399            0.348621             0.00000             1.00575
4.48000           -0.979448            0.228807             0.00000             1.00582
4.50000            -1.00030            0.105442             0.00000             1.00584
4.52000            -1.00562          -0.0195587             0.00000             1.00581
4.54000           -0.995345           -0.144256             0.00000             1.00574
4.56000           -0.969616           -0.266715             0.00000             1.00563
4.58000           -0.928831           -0.385032             0.00000             1.00547
4.60000           -0.873617           -0.497367             0.00000             1.00528
4.62000           -0.804823           -0.601971             0.00000             1.00504
4.64000           -0.723510           -0.697212             0.00000             1.00477
4.66000           -0.630934           -0.781599             0.00000             1.00448
4.68000           -0.528527           -0.853808             0.00000             1.00416
4.70000           -0.417877           -0.912701             0.00000             1.00381
4.72000           -0.300704           -0.957345             0.00000             1.00346
4.74000           -0.178830           -0.987026             0.00000             1.00310
4.76000          -0.0541594            -1.00127             0.00000             1.00273
4.78000           0.0713600           -0.999822             0.00000             1.00237
4.80000            0.195760           -0.982701             0.00000             1.00201
4.82000            0.317088           -0.950156             0.00000             1.00167
4.84000            0.433433           -0.902681             0.00000             1.00135
4.86000            0.542962           -0.841009             0.00000             1.00105
4.88000            0.643943           -0.766098             0.00000             1.00078
4.90000            0.734780           -0.679118             0.00000             1.00055
4.92000            0.814032           -0.581431             0.00000             1.00036
4.94000            0.880444           -0.474572             0.00000             1.00020
4.96000            0.932960           -0.360224             0.00000             1.00009
4.98000            0.970748           -0.240189             0.00000             1.00002
5.00000            0.993207           -0.116361             0.00000             1.00000
5.02000            0.999982          0.00930410             0.00000             1.00003
5.04000            0.990967            0.134822             0.00000             1.00010
5.06000            0.966308            0.258212             0.00000             1.00021
5.08000            0.926400            0.377527             0.00000             1.00037
5.10000            0.871878            0.490887             0.00000             1.00057
5.12000            0.803612            0.596509             0.00000             1.00081
5.14000            0.722686            0.692734             0.00000             1.00108
5.16000            0.630386            0.778054             0.00000             1.00138
5.18000            0.528171            0.851139             0.00000             1.00170
5.20000            0.417658            0.910851             0.00000             1.00204
5.22000            0.300590            0.956268             0.00000             1.00240
5.24000            0.178810            0.986691             0.00000             1.00276
5.26000           0.0542286             1.00166             0.00000             1.00313
5.28000          -0.0712007             1.00096             0.00000             1.00349
5.30000           -0.195517            0.984622             0.00000             1.00385
5.32000           -0.316782            0.952911             0.00000             1.00419
5.34000           -0.433107            0.906339             0.00000             1.00451
5.36000           -0.542683            0.845646             0.00000             1.00480
5.38000           -0.643813            0.771790             0.00000             1.00506
5.40000           -0.734928            0.685930             0.00000             1.00530
5.42000           -0.814620            0.589408             0.00000             1.00549
5.44000           -0.881658            0.483731             0.00000             1.00564
5.46000           -0.935007            0.370542             0.00000             1.00575
5.48000           -0.973842            0.251602             0.00000             1.00582
5.50000           -0.997565            0.128757             0.00000             1.00584
5.52000            -1.00581          0.00391420             0.00000             1.00581
5.54000           -0.998440           -0.120989             0.00000             1.00574
5.56000           -0.975575           -0.244015             0.00000             1.00563
5.58000           -0.937561           -0.363251             0.00000             1.00547
5.60000           -0.884983           -0.476845             0.00000             1.00527
5.62000           -0.818648           -0.583026             0.00000             1.00504
5.64000           -0.739579           -0.680138             0.00000             1.00477
5.66000           -0.648997           -0.766663             0.00000             1.00447
5.68000           -0.548303           -0.841241             0.00000             1.00415
5.70000           -0.439057           -0.902700             0.00000             1.00381
5.72000           -0.322956           -0.950065             0.00000             1.00346
5.74000           -0.201809           -0.982582             0.00000             1.00309
5.76000          -0.0775032           -0.999726             0.00000             1.00273
5.78000           0.0480161            -1.00121             0.00000             1.00236
5.80000            0.172783           -0.986997             0.00000             1.00201
5.82000            0.294837           -0.957291             0.00000             1.00167
5.84000            0.412258           -0.912543             0.00000             1.00134
5.86000            0.523196           -0.853443             0.00000             1.00105
5.88000            0.625898           -0.780907             0.00000             1.00078
5.90000            0.718739           -0.696070             0.00000             1.00055
5.92000            0.800248           -0.600258             0.00000             1.00035
5.94000            0.869135           -0.494978             0.00000             1.00020
5.96000            0.924304           -0.381885             0.00000             1.00009
5.98000            0.964881           -0.262764             0.00000             1.00002
6.00000            0.990223           -0.139494             0.00000             1.00000
6.02000            0.999927          -0.0140210             0.00000             1.00003
6.04000            0.993843            0.111673             0.00000             1.00010
6.06000            0.972069            0.235605             0.00000             1.00021
6.08000            0.934954            0.355818             0.00000             1.00037
6.10000            0.883092            0.470419             0.00000             1.00057
6.12000            0.817309            0.577604             0.00000             1.00081
6.14000            0.738650            0.675690             0.00000             1.00108
6.16000            0.648365            0.763140             0.00000             1.00138
6.18000            0.547883            0.838589             0.00000             1.00170
6.20000            0.438794            0.900863             0.00000             1.00205
6.22000            0.322818            0.948998             0.00000             1.00240
6.24000            0.201781            0.982255             0.00000             1.00277
6.26000           0.0775831             1.00013             0.00000             1.00313
6.28000          -0.0478280             1.00236             0.00000             1.00350
6.30000           -0.172492            0.988919             0.00000             1.00385
6.32000           -0.294463            0.960046             0.00000             1.00419
6.34000           -0.411842            0.916201             0.00000             1.00451
6.36000           -0.522805            0.858081             0.00000             1.00480
6.38000           -0.625629            0.786605             0.00000             1.00507
6.40000           -0.718723            0.702894             0.00000             1.00530
6.42000           -0.800646            0.608258             0.00000             1.00549
6.44000           -0.870131            0.504174             0.00000             1.00564
6.46000           -0.926106            0.392261             0.00000             1.00575
6.48000           -0.967706            0.274259             0.00000             1.00582
6.50000           -0.994288            0.152001             0.00000             1.00584
6.52000            -1.00544           0.0273849             0.00000             1.00581
6.54000            -1.00099          -0.0976566             0.00000             1.00574
6.56000           -0.981002           -0.221182             0.00000             1.00563
6.58000           -0.945781           -0.341273             0.00000             1.00547
6.60000           -0.895867           -0.456063             0.00000             1.00527
6.62000           -0.832028           -0.563763             0.00000             1.00504
6.64000           -0.755246           -0.662694             0.00000             1.00477
6.66000           -0.666707           -0.751309             0.00000             1.00447
6.68000           -0.567780           -0.828216             0.00000             1.00415
6.70000           -0.459997           -0.892207             0.00000             1.00381
6.72000           -0.345033           -0.942269             0.00000             1.00345
6.74000           -0.224677           -0.977603             0.00000             1.00309
6.76000           -0.100805           -0.997643             0.00000             1.00272
6.78000           0.0246463            -1.00206             0.00000             1.00236
6.80000            0.149711           -0.990756             0.00000             1.00200
6.82000            0.272425           -0.963905             0.00000             1.00166
6.84000            0.390859           -0.921908             0.00000             1.00134
6.86000            0.503146           -0.865412             0.00000             1.00105
6.88000            0.607512           -0.795292             0.00000             1.00078
6.90000            0.702306           -0.712643             0.00000             1.00055
6.92000            0.786029           -0.618759             0.00000             1.00035
6.94000            0.857353           -0.515113             0.00000             1.00020
6.96000            0.915145           -0.403339             0.00000             1.00009
6.98000            0.958490           -0.285197             0.00000             1.00002
7.00000            0.986700           -0.162551             0.00000             1.00000
7.02000            0.999329          -0.0373386             0.00000             1.00003
7.04000            0.996178           0.0884635             0.00000             1.00010
7.06000            0.977301            0.212869             0.00000             1.00022
7.08000            0.943001            0.333915             0.00000             1.00037
7.10000            0.893826            0.449694             0.00000             1.00057
7.12000            0.830561            0.558384             0.00000             1.00081
7.14000            0.754212            0.658278             0.00000             1.00108
7.16000            0.665992            0.747811             0.00000             1.00138
7.18000            0.567298            0.825583             0.00000             1.00171
7.20000            0.459691            0.890385             0.00000             1.00205
7.22000            0.344870            0.941212             0.00000             1.00240
7.24000            0.224642            0.977283             0.00000             1.00277
7.26000            0.100895            0.998049             0.00000             1.00314
7.28000          -0.0244291             1.00320             0.00000             1.00350
7.30000           -0.149372            0.992678             0.00000             1.00385
7.32000           -0.271983            0.966658             0.00000             1.00419
7.34000           -0.390353            0.925563             0.00000             1.00451
7.36000           -0.502641            0.870049             0.00000             1.00481
7.38000           -0.607105            0.800992             0.00000             1.00507
7.40000           -0.702127            0.719476             0.00000             1.00530
7.42000           -0.786235            0.626777             0.00000             1.00549
7.44000           -0.858130            0.524342             0.00000             1.00564
7.46000           -0.916701            0.413766             0.00000             1.00575
7.48000           -0.961043            0.296767             0.00000             1.00582
7.50000           -0.990470            0.175163             0.00000             1.00584
7.52000            -1.00453           0.0508407             0.00000             1.00581
7.54000            -1.00300          -0.0742706             0.00000             1.00574
7.56000           -0.985895           -0.198229             0.00000             1.00563
7.58000           -0.953486           -0.319110             0.00000             1.00547
7.60000           -0.906264           -0.435033             0.00000             1.00527
7.62000           -0.844955           -0.544193             0.00000             1.00503
7.64000           -0.770502           -0.644889             0.00000             1.00477
7.66000           -0.684054           -0.735545             0.00000             1.00447
7.68000           -0.586948           -0.814741             0.00000             1.00415
7.70000           -0.480687           -0.881229             0.00000             1.00381
7.72000           -0.366922           -0.933959             0.00000             1.00345
7.74000           -0.247422           -0.972092             0.00000             1.00309
7.76000           -0.124051           -0.995016             0.00000             1.00272
7.78000          0.00126325            -1.00235             0.00000             1.00236
7.80000            0.126558           -0.993976             0.00000             1.00200
7.82000            0.249866           -0.969995             0.00000             1.00166
7.84000            0.369247           -0.930772             0.00000             1.00134
7.86000            0.482821           -0.876910             0.00000             1.00104
7.88000            0.588795           -0.809244             0.00000             1.00078
7.90000            0.685492           -0.728828             0.00000             1.00055
7.92000            0.771382           -0.636922             0.00000             1.00035
7.94000            0.845104           -0.534969             0.00000             1.00020
7.96000            0.905488           -0.424573             0.00000             1.00009
7.98000            0.951577           -0.307474             0.00000             1.00002
8.00000            0.982641           -0.185520             0.00000             1.00000
8.02000            0.998187          -0.0606358             0.00000             1.00003
8.04000            0.997971           0.0652054             0.00000             1.00010
8.06000            0.982001            0.190017             0.00000             1.00022
8.08000            0.950534            0.311831             0.00000             1.00038
8.10000            0.904073            0.428725             0.00000             1.00058
8.12000            0.843361            0.538861             0.00000             1.00081
8.14000            0.769363            0.640509             0.00000             1.00108
8.16000            0.683256            0.732074             0.00000             1.00138
8.18000            0.586403            0.812128             0.00000             1.00171
8.20000            0.480338            0.879422             0.00000             1.00205
8.22000            0.366734            0.932914             0.00000             1.00241
8.24000            0.247381            0.971780             0.00000             1.00277
8.26000            0.124153            0.995427             0.00000             1.00314
8.28000         -0.00101674             1.00350             0.00000             1.00350
8.30000           -0.126171            0.995896             0.00000             1.00386
8.32000           -0.249355            0.972744             0.00000             1.00420
8.34000           -0.368651            0.934422             0.00000             1.00451
8.36000           -0.482204            0.881543             0.00000             1.00481
8.38000           -0.588250            0.814942             0.00000             1.00507
8.40000           -0.685148            0.735666             0.00000             1.00530
8.42000           -0.771396            0.644955             0.00000             1.00549
8.44000           -0.845661            0.544225             0.00000             1.00565
8.46000           -0.906796            0.435046             0.00000             1.00576
8.48000           -0.953856            0.319114             0.00000             1.00582
8.50000           -0.986113            0.198229             0.00000             1.00584
8.52000            -1.00307           0.0742688             0.00000             1.00581
8.54000            -1.00446          -0.0508443             0.00000             1.00574
8.56000           -0.990252           -0.175168             0.00000             1.00563
8.58000           -0.960671           -0.296772             0.00000             1.00547
8.60000           -0.916167           -0.413766             0.00000             1.00527
8.62000           -0.857421           -0.524327             0.00000             1.00503
8.64000           -0.785338           -0.626733             0.00000             1.00476
8.66000           -0.701029           -0.719382             0.00000             1.00447
8.68000           -0.605796           -0.800822             0.00000             1.00414
8.70000           -0.501116           -0.869771             0.00000             1.00380
8.72000           -0.388611           -0.925141             0.00000             1.00345
8.74000           -0.270033           -0.966052             0.00000             1.00308
8.76000           -0.147230           -0.991848             0.00000             1.00272
8.78000          -0.0221203            -1.00211             0.00000             1.00235
8.80000            0.103336           -0.996654             0.00000             1.00200
8.82000            0.227170           -0.975556             0.00000             1.00166
8.84000            0.347435           -0.939129             0.00000             1.00134
8.86000            0.462235           -0.887931             0.00000             1.00104
8.88000            0.569758           -0.822755             0.00000             1.00077
8.90000            0.668305           -0.744617             0.00000             1.00054
8.92000            0.756316           -0.654740             0.00000             1.00035
8.94000            0.832396           -0.554534             0.00000             1.00020
8.96000            0.895339           -0.445576             0.00000             1.00008
8.98000            0.944147           -0.329584             0.00000             1.00002
9.00000            0.978047           -0.208387             0.00000             1.00000
9.02000            0.996501          -0.0839001             0.00000             1.00003
9.04000            0.999221           0.0419119             0.00000             1.00010
9.06000            0.986167            0.167062             0.00000             1.00022
9.08000            0.957550            0.289576             0.00000             1.00038
9.10000            0.913829            0.407522             0.00000             1.00058
9.12000            0.855702            0.519044             0.00000             1.00082
9.14000            0.784096            0.622390             0.00000             1.00109
9.16000            0.700148            0.715939             0.00000             1.00139
9.18000            0.605190            0.798230             0.00000             1.00171
9.20000            0.500724            0.867980             0.00000             1.00205
9.22000            0.388399            0.924108             0.00000             1.00241
9.24000            0.269985            0.965747             0.00000             1.00278
9.26000            0.147343            0.992263             0.00000             1.00314
9.28000           0.0223963             1.00326             0.00000             1.00351
9.30000           -0.102901            0.998572             0.00000             1.00386
9.32000           -0.226591            0.978300             0.00000             1.00420
9.34000           -0.346748            0.942772             0.00000             1.00452
9.36000           -0.461504            0.892557             0.00000             1.00481
9.38000           -0.569075            0.828448             0.00000             1.00507
9.40000           -0.667795            0.751455             0.00000             1.00530
9.42000           -0.756137            0.662781             0.00000             1.00550
9.44000           -0.832732            0.563812             0.00000             1.00565
9.46000           -0.896397            0.456089             0.00000             1.00576
9.48000           -0.946149            0.341287             0.00000             1.00582
9.50000           -0.981218            0.221188             0.00000             1.00584
9.52000            -1.00106           0.0976564             0.00000             1.00581
9.54000            -1.00537          -0.0273903             0.00000             1.00574
9.56000           -0.994068           -0.152012             0.00000             1.00562
9.58000           -0.967333           -0.274273             0.00000             1.00546
9.60000           -0.925571           -0.392273             0.00000             1.00527
9.62000           -0.869421           -0.504176             0.00000             1.00503
9.64000           -0.799746           -0.608236             0.00000             1.00476
9.66000           -0.717621           -0.702827             0.00000             1.00446
9.68000           -0.624315           -0.786466             0.00000             1.00414
9.70000           -0.521271           -0.857840             0.00000             1.00380
9.72000           -0.410088           -0.915820             0.00000             1.00344
9.74000           -0.292496           -0.959486             0.00000             1.00308
9.76000           -0.170328           -0.988140             0.00000             1.00271
9.78000          -0.0454917            -1.00132             0.00000             1.00235
9.80000           0.0800579           -0.998791             0.00000             1.00199
9.82000            0.204351           -0.980587             0.00000             1.00165
9.84000            0.325433           -0.946975             0.00000             1.00133
9.86000            0.441396           -0.898469             0.00000             1.00104
9.88000            0.550411           -0.835819             0.00000             1.00077
9.90000            0.650754           -0.760001             0.00000             1.00054
9.92000            0.740838           -0.672201             0.00000             1.00035
9.94000            0.819235           -0.573796             0.00000             1.00019
9.96000            0.884702           -0.466336             0.00000             1.00008
9.98000            0.936203           -0.351514             0.00000             1.00002
10.0000            0.972920           -0.231142             0.00000             1.00000
