#Time(Yr)                X_Ea                Y_Ea                Z_Ea             R_earth
0.00000             1.00000             0.00000             0.00000             1.00000
0.0500000            0.950652            0.314000             0.00000             1.00117
0.100000            0.807806            0.597118             0.00000             1.00454
0.150000            0.586309            0.822098             0.00000             1.00975
0.200000            0.308606            0.968268             0.00000             1.01626
0.250000          0.00188377             1.02339             0.00000             1.02339
0.300000           -0.305012            0.984273             0.00000             1.03045
0.350000           -0.584395            0.856373             0.00000             1.03677
0.400000           -0.812022            0.652630             0.00000             1.04178
0.450000           -0.968767            0.391918             0.00000             1.04504
0.500000            -1.04173           0.0973139             0.00000             1.04627
0.550000            -1.02493           -0.205676             0.00000             1.04537
0.600000           -0.919584           -0.490896             0.00000             1.04241
0.650000           -0.734107           -0.733342             0.00000             1.03764
0.700000           -0.483779           -0.911006             0.00000             1.03149
0.750000           -0.189944            -1.00674             0.00000             1.02450
0.800000            0.121323            -1.01008             0.00000             1.01734
0.850000            0.421219           -0.918734             0.00000             1.01069
0.900000            0.680847           -0.739561             0.00000             1.00524
0.950000            0.874323           -0.488532             0.00000             1.00155
1.00000            0.981907           -0.189510             0.00000             1.00003
1.05000            0.992590            0.128214             0.00000             1.00084
1.10000            0.905552            0.433316             0.00000             1.00389
1.15000            0.730174            0.696145             0.00000             1.00885
1.20000            0.484611            0.892060             0.00000             1.01519
1.25000            0.193333             1.00383             0.00000             1.02227
1.30000           -0.115805             1.02285             0.00000             1.02939
1.35000           -0.414465            0.949334             0.00000             1.03586
1.40000           -0.676323            0.791516             0.00000             1.04111
1.45000           -0.879029            0.564473             0.00000             1.04466
1.50000            -1.00564            0.288562             0.00000             1.04622
1.55000            -1.04557          -0.0122176             0.00000             1.04565
1.60000           -0.995250           -0.311943             0.00000             1.04299
1.65000           -0.858352           -0.584533             0.00000             1.03848
1.70000           -0.645811           -0.805611             0.00000             1.03251
1.75000           -0.375365           -0.954456             0.00000             1.02561
1.80000          -0.0705780            -1.01598             0.00000             1.01843
1.85000            0.240803           -0.982581             0.00000             1.01166
1.90000            0.529230           -0.855517             0.00000             1.00598
1.95000            0.766349           -0.645513             0.00000             1.00199
2.00000            0.928283           -0.372178             0.00000             1.00011
2.05000            0.998629          -0.0621232             0.00000             1.00056
2.10000            0.970580            0.254053             0.00000             1.00328
2.15000            0.847674            0.545400             0.00000             1.00797
2.20000            0.643076            0.784185             0.00000             1.01415
2.25000            0.377629            0.948769             0.00000             1.02116
2.30000           0.0771799             1.02541             0.00000             1.02831
2.35000           -0.230274             1.00899             0.00000             1.03493
2.40000           -0.517226            0.902723             0.00000             1.04040
2.45000           -0.758848            0.717345             0.00000             1.04424
2.50000           -0.934696            0.469790             0.00000             1.04612
2.55000            -1.02996            0.181735             0.00000             1.04587
2.60000            -1.03638           -0.121999             0.00000             1.04353
2.65000           -0.952775           -0.415137             0.00000             1.03929
2.70000           -0.785406           -0.671776             0.00000             1.03351
2.75000           -0.547819           -0.868355             0.00000             1.02672
2.80000           -0.260277           -0.985750             0.00000             1.01953
2.85000           0.0515059            -1.01134             0.00000             1.01265
2.90000            0.358393           -0.940808             0.00000             1.00676
2.95000            0.630616           -0.779281             0.00000             1.00247
3.00000            0.841060           -0.541410             0.00000             1.00025
3.05000            0.968557           -0.250144             0.00000             1.00034
3.10000             1.00056           0.0657845             0.00000             1.00272
3.15000            0.934609            0.375273             0.00000             1.00714
3.20000            0.778365            0.648506             0.00000             1.01312
3.25000            0.548246            0.860188             0.00000             1.02005
3.30000            0.267145            0.991881             0.00000             1.02723
3.35000          -0.0382811             1.03326             0.00000             1.03397
3.40000           -0.340289            0.982382             0.00000             1.03965
3.45000           -0.612410            0.845224             0.00000             1.04377
3.50000           -0.831377            0.634705             0.00000             1.04596
3.55000           -0.978639            0.369444             0.00000             1.04605
3.60000            -1.04152           0.0723266             0.00000             1.04402
3.65000            -1.01406           -0.231063             0.00000             1.04006
3.70000           -0.897651           -0.514183             0.00000             1.03449
3.75000           -0.701211           -0.751462             0.00000             1.02781
3.80000           -0.441032           -0.920435             0.00000             1.02064
3.85000           -0.139913            -1.00396             0.00000             1.01367
3.90000            0.174464           -0.992361             0.00000             1.00758
3.95000            0.472008           -0.885009             0.00000             1.00301
4.00000            0.723385           -0.691095             0.00000             1.00045
4.05000            0.903463           -0.429064             0.00000             1.00017
4.10000            0.994419           -0.124709             0.00000             1.00221
4.15000            0.987876            0.191874             0.00000             1.00634
4.20000            0.885664            0.489876             0.00000             1.01212
4.25000            0.699143            0.741244             0.00000             1.01894
4.30000            0.447396            0.923458             0.00000             1.02613
4.35000            0.154781             1.02132             0.00000             1.03298
4.40000           -0.151694             1.02773             0.00000             1.03886
4.45000           -0.444815            0.943667             0.00000             1.04325
4.50000           -0.699271            0.777579             0.00000             1.04576
4.55000           -0.893381            0.544388             0.00000             1.04618
4.60000            -1.01049            0.264272             0.00000             1.04447
4.65000            -1.04006          -0.0387340             0.00000             1.04078
4.70000           -0.978592           -0.338349             0.00000             1.03543
4.75000           -0.830117           -0.607883             0.00000             1.02889
4.80000           -0.606423           -0.822335             0.00000             1.02176
4.85000           -0.326620           -0.960700             0.00000             1.01470
4.90000          -0.0159616            -1.00831             0.00000             1.00844
4.95000            0.296233           -0.958882             0.00000             1.00360
5.00000            0.579504           -0.815829             0.00000             1.00070
5.05000            0.805700           -0.592426             0.00000             1.00006
5.10000            0.952391           -0.310564             0.00000             1.00175
5.15000             1.00558          0.00178948             0.00000             1.00558
5.20000            0.961157            0.313969             0.00000             1.01114
5.25000            0.824975            0.596174             0.00000             1.01784
5.30000            0.611580            0.822580             0.00000             1.02502
5.35000            0.342138            0.973602             0.00000             1.03197
5.40000           0.0419695             1.03719             0.00000             1.03804
5.45000           -0.261902             1.00926             0.00000             1.04268
5.50000           -0.542971            0.893453             0.00000             1.04550
5.55000           -0.777148            0.700490             0.00000             1.04625
5.60000           -0.944353            0.447160             0.00000             1.04487
5.65000            -1.02985            0.155142             0.00000             1.04147
5.70000            -1.02538           -0.150430             0.00000             1.03635
5.75000           -0.929980           -0.442663             0.00000             1.02996
5.80000           -0.750577           -0.694910             0.00000             1.02287
5.85000           -0.501953           -0.883071             0.00000             1.01576
5.90000           -0.206059           -0.988070             0.00000             1.00933
5.95000            0.109613           -0.998230             0.00000             1.00423
6.00000            0.414604           -0.911108             0.00000             1.00101
6.05000            0.678797           -0.734334             0.00000             1.00001
6.10000            0.875998           -0.485086             0.00000             1.00134
6.15000            0.987087           -0.188153             0.00000             1.00486
6.20000             1.00216            0.127081             0.00000             1.01019
6.25000            0.921288            0.430149             0.00000             1.01676
6.30000            0.753910            0.692827             0.00000             1.02391
6.35000            0.517215            0.891806             0.00000             1.03094
6.40000            0.233933             1.01045             0.00000             1.03718
6.45000          -0.0700430             1.03972             0.00000             1.04208
6.50000           -0.367910            0.978306             0.00000             1.04520
6.55000           -0.633975            0.832328             0.00000             1.04628
6.60000           -0.845411            0.614628             0.00000             1.04522
6.65000           -0.983776            0.343805             0.00000             1.04212
6.70000            -1.03635           0.0429995             0.00000             1.03724
6.75000           -0.997266           -0.261609             0.00000             1.03101
6.80000           -0.868372           -0.542658             0.00000             1.02399
6.85000           -0.659657           -0.773825             0.00000             1.01683
6.90000           -0.389016           -0.932349             0.00000             1.01025
6.95000          -0.0811382            -1.00163             0.00000             1.00491
7.00000            0.234631           -0.973489             0.00000             1.00137
7.05000            0.527338           -0.849665             0.00000             1.00001
7.10000            0.768000           -0.641984             0.00000             1.00098
7.15000            0.933086           -0.371129             0.00000             1.00418
7.20000             1.00723          -0.0641001             0.00000             1.00927
7.25000            0.984672            0.249082             0.00000             1.01569
7.30000            0.869367            0.538803             0.00000             1.02279
7.35000            0.673868            0.778822             0.00000             1.02988
7.40000            0.417485            0.948474             0.00000             1.03629
7.45000            0.124076             1.03401             0.00000             1.04143
7.50000           -0.180174             1.02919             0.00000             1.04484
7.55000           -0.468835            0.935324             0.00000             1.04625
7.60000           -0.717092            0.760852             0.00000             1.04552
7.65000           -0.903424            0.520675             0.00000             1.04273
7.70000            -1.01111            0.235170             0.00000             1.03810
7.75000            -1.02959          -0.0710816             0.00000             1.03204
7.80000           -0.955626           -0.370952             0.00000             1.02510
7.85000           -0.794107           -0.636834             0.00000             1.01792
7.90000           -0.558279           -0.843125             0.00000             1.01120
7.95000           -0.269163           -0.968938             0.00000             1.00563
8.00000           0.0460753            -1.00072             0.00000             1.00178
8.05000            0.356790           -0.934256             0.00000             1.00007
8.10000            0.632298           -0.775604             0.00000             1.00068
8.15000            0.845528           -0.540561             0.00000             1.00356
8.20000            0.976192           -0.252730             0.00000             1.00838
8.25000             1.01289           0.0594268             0.00000             1.01463
8.30000            0.953883            0.365969             0.00000             1.02168
8.35000            0.806598            0.638642             0.00000             1.02882
8.40000            0.586208            0.853433             0.00000             1.03537
8.45000            0.313691            0.992334             0.00000             1.04074
8.50000           0.0137092             1.04435             0.00000             1.04444
8.55000           -0.287460             1.00590             0.00000             1.04617
8.60000           -0.563852            0.880746             0.00000             1.04577
8.65000           -0.791585            0.679586             0.00000             1.04329
8.70000           -0.950519            0.419361             0.00000             1.03892
8.75000            -1.02579            0.122225             0.00000             1.03305
8.80000            -1.00923           -0.185852             0.00000             1.02620
8.85000           -0.900506           -0.476956             0.00000             1.01902
8.90000           -0.707785           -0.723574             0.00000             1.01219
8.95000           -0.447701           -0.901326             0.00000             1.00639
9.00000           -0.144267           -0.991804             0.00000             1.00224
9.05000            0.173310           -0.985051             0.00000             1.00018
9.10000            0.473791           -0.881130             0.00000             1.00043
9.15000            0.727572           -0.690358             0.00000             1.00297
9.20000            0.910181           -0.432054             0.00000             1.00752
9.25000             1.00496           -0.132057             0.00000             1.01360
9.30000             1.00448            0.180457             0.00000             1.02056
9.35000            0.910745            0.476215             0.00000             1.02773
9.40000            0.734202            0.728676             0.00000             1.03442
9.45000            0.492192            0.916163             0.00000             1.04000
9.50000            0.206997             1.02327             0.00000             1.04399
9.55000          -0.0961523             1.04161             0.00000             1.04604
9.60000           -0.391011            0.970141             0.00000             1.04597
9.65000           -0.652146            0.815000             0.00000             1.04380
9.70000           -0.856685            0.589129             0.00000             1.03970
9.75000           -0.985993            0.311524             0.00000             1.03404
9.80000            -1.02728          0.00610894             0.00000             1.02730
9.85000           -0.975058           -0.299862             0.00000             1.02012
9.90000           -0.832180           -0.577955             0.00000             1.01319
9.95000           -0.610336           -0.801205             0.00000             1.00719
10.0000           -0.329536           -0.947061             0.00000             1.00276
