#Time(Yr)                X_Ea                Y_Ea                Z_Ea             R_earth
0.00000             1.00000             0.00000             0.00000             1.00000
0.0100000            0.998026           0.0628000             0.00000             1.00000
0.0200000            0.992112            0.125352             0.00000             1.00000
0.0300000            0.982281            0.187409             0.00000             1.00000
0.0400000            0.968573            0.248727             0.00000            0.999999
0.0500000            0.951041            0.309062             0.00000            0.999999
0.0600000            0.929754            0.368177             0.00000            0.999998
0.0700000            0.904796            0.425839             0.00000            0.999997
0.0800000            0.876267            0.481820             0.00000            0.999997
0.0900000            0.844278            0.535898             0.00000            0.999996
0.100000            0.808956            0.587861             0.00000            0.999995
0.110000            0.770440            0.637503             0.00000            0.999994
0.120000            0.728883            0.684628             0.00000            0.999993
0.130000            0.684448            0.729050             0.00000            0.999992
0.140000            0.637311            0.770594             0.00000            0.999990
0.150000            0.587658            0.809096             0.00000            0.999989
0.160000            0.535685            0.844404             0.00000            0.999988
0.170000            0.481596            0.876377             0.00000            0.999986
0.180000            0.425607            0.904891             0.00000            0.999985
0.190000            0.367937            0.929832             0.00000            0.999983
0.200000            0.308815            0.951103             0.00000            0.999982
0.210000            0.248473            0.968618             0.00000            0.999980
0.220000            0.187151            0.982309             0.00000            0.999978
0.230000            0.125089            0.992122             0.00000            0.999977
0.240000           0.0625342            0.998018             0.00000            0.999975
0.250000        -0.000268015            0.999973             0.00000            0.999973
0.260000          -0.0630692            0.997981             0.00000            0.999972
0.270000           -0.125621            0.992048             0.00000            0.999970
0.280000           -0.187677            0.982198             0.00000            0.999968
0.290000           -0.248993            0.968471             0.00000            0.999967
0.300000           -0.309325            0.950920             0.00000            0.999965
0.310000           -0.368436            0.929614             0.00000            0.999963
0.320000           -0.426092            0.904638             0.00000            0.999962
0.330000           -0.482065            0.876090             0.00000            0.999960
0.340000           -0.536136            0.844083             0.00000            0.999959
0.350000           -0.588089            0.808744             0.00000            0.999958
0.360000           -0.637721            0.770211             0.00000            0.999956
0.370000           -0.684835            0.728637             0.00000            0.999955
0.380000           -0.729244            0.684186             0.00000            0.999954
0.390000           -0.770775            0.637034             0.00000            0.999953
0.400000           -0.809262            0.587366             0.00000            0.999952
0.410000           -0.844553            0.535379             0.00000            0.999951
0.420000           -0.876510            0.481279             0.00000            0.999950
0.430000           -0.905007            0.425278             0.00000            0.999949
0.440000           -0.929930            0.367598             0.00000            0.999949
0.450000           -0.951181            0.308466             0.00000            0.999948
0.460000           -0.968676            0.248117             0.00000            0.999948
0.470000           -0.982347            0.186788             0.00000            0.999947
0.480000           -0.992138            0.124721             0.00000            0.999947
0.490000           -0.998013           0.0621618             0.00000            0.999947
0.500000           -0.999947        -0.000642789             0.00000            0.999947
0.510000           -0.997932          -0.0634449             0.00000            0.999947
0.520000           -0.991977           -0.125996             0.00000            0.999947
0.530000           -0.982106           -0.188050             0.00000            0.999947
0.540000           -0.968356           -0.249362             0.00000            0.999948
0.550000           -0.950783           -0.309689             0.00000            0.999948
0.560000           -0.929456           -0.368793             0.00000            0.999949
0.570000           -0.904459           -0.426441             0.00000            0.999949
0.580000           -0.875891           -0.482405             0.00000            0.999950
0.590000           -0.843865           -0.536465             0.00000            0.999951
0.600000           -0.808506           -0.588406             0.00000            0.999952
0.610000           -0.769955           -0.638024             0.00000            0.999953
0.620000           -0.728364           -0.685123             0.00000            0.999954
0.630000           -0.683898           -0.729517             0.00000            0.999955
0.640000           -0.636730           -0.771030             0.00000            0.999956
0.650000           -0.587049           -0.809499             0.00000            0.999958
0.660000           -0.535050           -0.844772             0.00000            0.999959
0.670000           -0.480939           -0.876709             0.00000            0.999961
0.680000           -0.424928           -0.905185             0.00000            0.999962
0.690000           -0.367240           -0.930087             0.00000            0.999964
0.700000           -0.308102           -0.951317             0.00000            0.999965
0.710000           -0.247748           -0.968790             0.00000            0.999967
0.720000           -0.186415           -0.982439             0.00000            0.999969
0.730000           -0.124346           -0.992209             0.00000            0.999970
0.740000          -0.0617864           -0.998061             0.00000            0.999972
0.750000          0.00101720           -0.999973             0.00000            0.999974
0.760000           0.0638168           -0.997937             0.00000            0.999975
0.770000            0.126364           -0.991961             0.00000            0.999977
0.780000            0.188413           -0.982068             0.00000            0.999979
0.790000            0.249718           -0.968298             0.00000            0.999980
0.800000            0.310037           -0.950705             0.00000            0.999982
0.810000            0.369132           -0.929359             0.00000            0.999983
0.820000            0.426770           -0.904344             0.00000            0.999985
0.830000            0.482722           -0.875758             0.00000            0.999986
0.840000            0.536769           -0.843715             0.00000            0.999988
0.850000            0.588697           -0.808340             0.00000            0.999989
0.860000            0.638301           -0.769775             0.00000            0.999990
0.870000            0.685384           -0.728170             0.00000            0.999992
0.880000            0.729762           -0.683691             0.00000            0.999993
0.890000            0.771259           -0.636512             0.00000            0.999994
0.900000            0.809711           -0.586821             0.00000            0.999995
0.910000            0.844966           -0.534813             0.00000            0.999996
0.920000            0.876885           -0.480693             0.00000            0.999997
0.930000            0.905343           -0.424676             0.00000            0.999998
0.940000            0.930226           -0.366982             0.00000            0.999998
0.950000            0.951437           -0.307840             0.00000            0.999999
0.960000            0.968892           -0.247482             0.00000            0.999999
0.970000            0.982521           -0.186147             0.00000             1.00000
0.980000            0.992272           -0.124077             0.00000             1.00000
0.990000            0.998106          -0.0615176             0.00000             1.00000
1.00000            0.999999          0.00128485             0.00000             1.00000
1.01000            0.997945           0.0640823             0.00000             1.00000
1.02000            0.991950            0.126627             0.00000             1.00000
1.03000            0.982040            0.188671             0.00000            0.999999
1.04000            0.968252            0.249971             0.00000            0.999999
1.05000            0.950643            0.310284             0.00000            0.999999
1.06000            0.929280            0.369372             0.00000            0.999998
1.07000            0.904248            0.427001             0.00000            0.999997
1.08000            0.875647            0.482945             0.00000            0.999997
1.09000            0.843588            0.536982             0.00000            0.999996
1.10000            0.808200            0.588900             0.00000            0.999995
1.11000            0.769620            0.638492             0.00000            0.999994
1.12000            0.728002            0.685564             0.00000            0.999993
1.13000            0.683510            0.729929             0.00000            0.999991
1.14000            0.636320            0.771412             0.00000            0.999990
1.15000            0.586617            0.809850             0.00000            0.999989
1.16000            0.534599            0.845091             0.00000            0.999987
1.17000            0.480470            0.876995             0.00000            0.999986
1.18000            0.424444            0.905437             0.00000            0.999984
1.19000            0.366742            0.930304             0.00000            0.999983
1.20000            0.307592            0.951499             0.00000            0.999981
1.21000            0.247228            0.968936             0.00000            0.999980
1.22000            0.185888            0.982549             0.00000            0.999978
1.23000            0.123814            0.992282             0.00000            0.999976
1.24000           0.0612514            0.998097             0.00000            0.999975
1.25000         -0.00155323            0.999972             0.00000            0.999973
1.26000          -0.0643518            0.997899             0.00000            0.999971
1.27000           -0.126896            0.991886             0.00000            0.999970
1.28000           -0.188940            0.981956             0.00000            0.999968
1.29000           -0.250237            0.968150             0.00000            0.999966
1.30000           -0.310547            0.950521             0.00000            0.999965
1.31000           -0.369630            0.929140             0.00000            0.999963
1.32000           -0.427254            0.904089             0.00000            0.999962
1.33000           -0.483191            0.875470             0.00000            0.999960
1.34000           -0.537220            0.843393             0.00000            0.999959
1.35000           -0.589128            0.807987             0.00000            0.999957
1.36000           -0.638710            0.769390             0.00000            0.999956
1.37000           -0.685771            0.727756             0.00000            0.999955
1.38000           -0.730123            0.683248             0.00000            0.999954
1.39000           -0.771593            0.636042             0.00000            0.999953
1.40000           -0.810016            0.586325             0.00000            0.999952
1.41000           -0.845241            0.534293             0.00000            0.999951
1.42000           -0.877128            0.480152             0.00000            0.999950
1.43000           -0.905553            0.424114             0.00000            0.999949
1.44000           -0.930401            0.366402             0.00000            0.999948
1.45000           -0.951576            0.307243             0.00000            0.999948
1.46000           -0.968994            0.246871             0.00000            0.999947
1.47000           -0.982586            0.185525             0.00000            0.999947
1.48000           -0.992298            0.123445             0.00000            0.999947
1.49000           -0.998092           0.0608787             0.00000            0.999947
1.50000           -0.999945         -0.00192837             0.00000            0.999947
1.51000           -0.997850          -0.0647278             0.00000            0.999947
1.52000           -0.991814           -0.127272             0.00000            0.999947
1.53000           -0.981863           -0.189313             0.00000            0.999947
1.54000           -0.968035           -0.250607             0.00000            0.999948
1.55000           -0.950384           -0.310911             0.00000            0.999948
1.56000           -0.928981           -0.369988             0.00000            0.999949
1.57000           -0.903910           -0.427604             0.00000            0.999949
1.58000           -0.875270           -0.483531             0.00000            0.999950
1.59000           -0.843174           -0.537549             0.00000            0.999951
1.60000           -0.807749           -0.589445             0.00000            0.999952
1.61000           -0.769134           -0.639014             0.00000            0.999953
1.62000           -0.727483           -0.686059             0.00000            0.999954
1.63000           -0.682959           -0.730395             0.00000            0.999955
1.64000           -0.635739           -0.771848             0.00000            0.999957
1.65000           -0.586008           -0.810253             0.00000            0.999958
1.66000           -0.533964           -0.845459             0.00000            0.999959
1.67000           -0.479812           -0.877327             0.00000            0.999961
1.68000           -0.423765           -0.905731             0.00000            0.999962
1.69000           -0.366045           -0.930558             0.00000            0.999964
1.70000           -0.306879           -0.951712             0.00000            0.999965
1.71000           -0.246502           -0.969108             0.00000            0.999967
1.72000           -0.185152           -0.982678             0.00000            0.999969
1.73000           -0.123071           -0.992368             0.00000            0.999970
1.74000          -0.0605036           -0.998140             0.00000            0.999972
1.75000          0.00230241           -0.999971             0.00000            0.999974
1.76000           0.0650994           -0.997854             0.00000            0.999975
1.77000            0.127639           -0.991798             0.00000            0.999977
1.78000            0.189675           -0.981825             0.00000            0.999979
1.79000            0.250962           -0.967977             0.00000            0.999980
1.80000            0.311259           -0.950306             0.00000            0.999982
1.81000            0.370326           -0.928884             0.00000            0.999983
1.82000            0.427932           -0.903795             0.00000            0.999985
1.83000            0.483847           -0.875137             0.00000            0.999987
1.84000            0.537853           -0.843024             0.00000            0.999988
1.85000            0.589735           -0.807583             0.00000            0.999989
1.86000            0.639289           -0.768954             0.00000            0.999991
1.87000            0.686319           -0.727289             0.00000            0.999992
1.88000            0.730640           -0.682753             0.00000            0.999993
1.89000            0.772076           -0.635521             0.00000            0.999994
1.90000            0.810464           -0.585780             0.00000            0.999995
1.91000            0.845652           -0.533727             0.00000            0.999996
1.92000            0.877502           -0.479566             0.00000            0.999997
1.93000            0.905888           -0.423513             0.00000            0.999998
1.94000            0.930697           -0.365787             0.00000            0.999998
1.95000            0.951832           -0.306617             0.00000            0.999999
1.96000            0.969209           -0.246237             0.00000            0.999999
1.97000            0.982760           -0.184884             0.00000             1.00000
1.98000            0.992431           -0.122802             0.00000             1.00000
1.99000            0.998184          -0.0602352             0.00000             1.00000
2.00000            0.999997          0.00256970             0.00000             1.00000
2.01000            0.997861           0.0653644             0.00000             1.00000
2.02000            0.991787            0.127901             0.00000             1.00000
2.03000            0.981797            0.189933             0.00000            0.999999
2.04000            0.967930            0.251215             0.00000            0.999999
2.05000            0.950243            0.311505             0.00000            0.999999
2.06000            0.928804            0.370565             0.00000            0.999998
2.07000            0.903699            0.428163             0.00000            0.999997
2.08000            0.875025            0.484070             0.00000            0.999997
2.09000            0.842898            0.538066             0.00000            0.999996
2.10000            0.807442            0.589938             0.00000            0.999995
2.11000            0.768799            0.639480             0.00000            0.999994
2.12000            0.727121            0.686499             0.00000            0.999992
2.13000            0.682572            0.730807             0.00000            0.999991
2.14000            0.635328            0.772229             0.00000            0.999990
2.15000            0.585576            0.810603             0.00000            0.999989
2.16000            0.533512            0.845777             0.00000            0.999987
2.17000            0.479342            0.877612             0.00000            0.999986
2.18000            0.423280            0.905982             0.00000            0.999984
2.19000            0.365546            0.930775             0.00000            0.999983
2.20000            0.306369            0.951893             0.00000            0.999981
2.21000            0.245983            0.969253             0.00000            0.999980
2.22000            0.184625            0.982786             0.00000            0.999978
2.23000            0.122539            0.992440             0.00000            0.999976
2.24000           0.0599686            0.998175             0.00000            0.999975
2.25000         -0.00283845            0.999969             0.00000            0.999973
2.26000          -0.0656343            0.997815             0.00000            0.999971
2.27000           -0.128171            0.991721             0.00000            0.999970
2.28000           -0.190202            0.981712             0.00000            0.999968
2.29000           -0.251481            0.967827             0.00000            0.999966
2.30000           -0.311768            0.950121             0.00000            0.999965
2.31000           -0.370824            0.928663             0.00000            0.999963
2.32000           -0.428416            0.903539             0.00000            0.999962
2.33000           -0.484316            0.874848             0.00000            0.999960
2.34000           -0.538304            0.842702             0.00000            0.999959
2.35000           -0.590167            0.807229             0.00000            0.999957
2.36000           -0.639699            0.768568             0.00000            0.999956
2.37000           -0.686706            0.726873             0.00000            0.999955
2.38000           -0.731001            0.682309             0.00000            0.999954
2.39000           -0.772410            0.635050             0.00000            0.999953
2.40000           -0.810769            0.585283             0.00000            0.999952
2.41000           -0.845927            0.533206             0.00000            0.999951
2.42000           -0.877745            0.479024             0.00000            0.999950
2.43000           -0.906097            0.422950             0.00000            0.999949
2.44000           -0.930871            0.365206             0.00000            0.999948
2.45000           -0.951970            0.306020             0.00000            0.999948
2.46000           -0.969311            0.245625             0.00000            0.999947
2.47000           -0.982823            0.184261             0.00000            0.999947
2.48000           -0.992456            0.122169             0.00000            0.999947
2.49000           -0.998169           0.0595954             0.00000            0.999947
2.50000           -0.999942         -0.00321394             0.00000            0.999947
2.51000           -0.997766          -0.0660106             0.00000            0.999947
2.52000           -0.991650           -0.128547             0.00000            0.999947
2.53000           -0.981619           -0.190575             0.00000            0.999947
2.54000           -0.967712           -0.251851             0.00000            0.999948
2.55000           -0.949984           -0.312133             0.00000            0.999948
2.56000           -0.928505           -0.371182             0.00000            0.999949
2.57000           -0.903360           -0.428765             0.00000            0.999949
2.58000           -0.874648           -0.484656             0.00000            0.999950
2.59000           -0.842483           -0.538633             0.00000            0.999951
2.60000           -0.806991           -0.590483             0.00000            0.999952
2.61000           -0.768312           -0.640002             0.00000            0.999953
2.62000           -0.726601           -0.686994             0.00000            0.999954
2.63000           -0.682020           -0.731273             0.00000            0.999956
2.64000           -0.634746           -0.772665             0.00000            0.999957
2.65000           -0.584966           -0.811006             0.00000            0.999958
2.66000           -0.532877           -0.846145             0.00000            0.999960
2.67000           -0.478684           -0.877943             0.00000            0.999961
2.68000           -0.422600           -0.906275             0.00000            0.999962
2.69000           -0.364848           -0.931028             0.00000            0.999964
2.70000           -0.305656           -0.952106             0.00000            0.999966
2.71000           -0.245256           -0.969424             0.00000            0.999967
2.72000           -0.183889           -0.982915             0.00000            0.999969
2.73000           -0.121795           -0.992526             0.00000            0.999971
2.74000          -0.0592207           -0.998217             0.00000            0.999972
2.75000          0.00358761           -0.999967             0.00000            0.999974
2.76000           0.0663818           -0.997770             0.00000            0.999976
2.77000            0.128914           -0.991633             0.00000            0.999977
2.78000            0.190937           -0.981581             0.00000            0.999979
2.79000            0.252206           -0.967653             0.00000            0.999981
2.80000            0.312480           -0.949906             0.00000            0.999982
2.81000            0.371520           -0.928408             0.00000            0.999984
2.82000            0.429093           -0.903244             0.00000            0.999985
2.83000            0.484972           -0.874515             0.00000            0.999987
2.84000            0.538936           -0.842333             0.00000            0.999988
2.85000            0.590773           -0.806825             0.00000            0.999989
2.86000            0.640277           -0.768132             0.00000            0.999991
2.87000            0.687254           -0.726407             0.00000            0.999992
2.88000            0.731517           -0.681813             0.00000            0.999993
2.89000            0.772892           -0.634528             0.00000            0.999994
2.90000            0.811216           -0.584738             0.00000            0.999995
2.91000            0.846337           -0.532640             0.00000            0.999996
2.92000            0.878118           -0.478438             0.00000            0.999997
2.93000            0.906431           -0.422348             0.00000            0.999998
2.94000            0.931166           -0.364591             0.00000            0.999998
2.95000            0.952225           -0.305394             0.00000            0.999999
2.96000            0.969525           -0.244991             0.00000            0.999999
2.97000            0.982997           -0.183622             0.00000             1.00000
2.98000            0.992588           -0.121527             0.00000             1.00000
2.99000            0.998261          -0.0589526             0.00000             1.00000
3.00000            0.999993          0.00385454             0.00000             1.00000
3.01000            0.997777           0.0666465             0.00000             1.00000
3.02000            0.991621            0.129175             0.00000             1.00000
3.03000            0.981552            0.191194             0.00000            0.999999
3.04000            0.967607            0.252458             0.00000            0.999999
3.05000            0.949842            0.312726             0.00000            0.999999
3.06000            0.928327            0.371758             0.00000            0.999998
3.07000            0.903148            0.429323             0.00000            0.999997
3.08000            0.874403            0.485194             0.00000            0.999996
3.09000            0.842205            0.539148             0.00000            0.999996
3.10000            0.806683            0.590975             0.00000            0.999995
3.11000            0.767977            0.640468             0.00000            0.999993
3.12000            0.726238            0.687432             0.00000            0.999992
3.13000            0.681632            0.731683             0.00000            0.999991
3.14000            0.634335            0.773045             0.00000            0.999990
3.15000            0.584534            0.811355             0.00000            0.999989
3.16000            0.532425            0.846462             0.00000            0.999987
3.17000            0.478214            0.878227             0.00000            0.999986
3.18000            0.422115            0.906525             0.00000            0.999984
3.19000            0.364350            0.931244             0.00000            0.999983
3.20000            0.305146            0.952286             0.00000            0.999981
3.21000            0.244737            0.969568             0.00000            0.999979
3.22000            0.183362            0.983023             0.00000            0.999978
3.23000            0.121263            0.992596             0.00000            0.999976
3.24000           0.0586857            0.998251             0.00000            0.999974
3.25000         -0.00412366            0.999964             0.00000            0.999973
3.26000          -0.0669167            0.997730             0.00000            0.999971
3.27000           -0.129446            0.991556             0.00000            0.999969
3.28000           -0.191463            0.981467             0.00000            0.999968
3.29000           -0.252725            0.967503             0.00000            0.999966
3.30000           -0.312989            0.949719             0.00000            0.999964
3.31000           -0.372017            0.928186             0.00000            0.999963
3.32000           -0.429577            0.902988             0.00000            0.999961
3.33000           -0.485440            0.874224             0.00000            0.999960
3.34000           -0.539387            0.842009             0.00000            0.999959
3.35000           -0.591204            0.806469             0.00000            0.999957
3.36000           -0.640686            0.767745             0.00000            0.999956
3.37000           -0.687639            0.725990             0.00000            0.999955
3.38000           -0.731877            0.681368             0.00000            0.999953
3.39000           -0.773225            0.634056             0.00000            0.999952
3.40000           -0.811521            0.584241             0.00000            0.999951
3.41000           -0.846612            0.532118             0.00000            0.999951
3.42000           -0.878360            0.477895             0.00000            0.999950
3.43000           -0.906640            0.421784             0.00000            0.999949
3.44000           -0.931340            0.364008             0.00000            0.999948
3.45000           -0.952363            0.304795             0.00000            0.999948
3.46000           -0.969626            0.244379             0.00000            0.999947
3.47000           -0.983060            0.182997             0.00000            0.999947
3.48000           -0.992612            0.120893             0.00000            0.999947
3.49000           -0.998245           0.0583121             0.00000            0.999947
3.50000           -0.999937         -0.00449951             0.00000            0.999947
3.51000           -0.997680          -0.0672933             0.00000            0.999947
3.52000           -0.991484           -0.129821             0.00000            0.999947
3.53000           -0.981373           -0.191837             0.00000            0.999947
3.54000           -0.967387           -0.253095             0.00000            0.999948
3.55000           -0.949582           -0.313354             0.00000            0.999948
3.56000           -0.928027           -0.372375             0.00000            0.999949
3.57000           -0.902808           -0.429926             0.00000            0.999950
3.58000           -0.874024           -0.485780             0.00000            0.999950
3.59000           -0.841790           -0.539716             0.00000            0.999951
3.60000           -0.806231           -0.591520             0.00000            0.999952
3.61000           -0.767489           -0.640989             0.00000            0.999953
3.62000           -0.725717           -0.687927             0.00000            0.999954
3.63000           -0.681079           -0.732149             0.00000            0.999956
3.64000           -0.633753           -0.773480             0.00000            0.999957
3.65000           -0.583924           -0.811757             0.00000            0.999958
3.66000           -0.531789           -0.846829             0.00000            0.999960
3.67000           -0.477555           -0.878558             0.00000            0.999961
3.68000           -0.421435           -0.906817             0.00000            0.999963
3.69000           -0.363651           -0.931497             0.00000            0.999964
3.70000           -0.304432           -0.952498             0.00000            0.999966
3.71000           -0.244010           -0.969739             0.00000            0.999967
3.72000           -0.182625           -0.983151             0.00000            0.999969
3.73000           -0.120519           -0.992682             0.00000            0.999971
3.74000          -0.0579377           -0.998293             0.00000            0.999972
3.75000          0.00487280           -0.999962             0.00000            0.999974
3.76000           0.0676641           -0.997684             0.00000            0.999976
3.77000            0.130188           -0.991467             0.00000            0.999977
3.78000            0.192198           -0.981335             0.00000            0.999979
3.79000            0.253450           -0.967329             0.00000            0.999981
3.80000            0.313700           -0.949503             0.00000            0.999982
3.81000            0.372712           -0.927929             0.00000            0.999984
3.82000            0.430253           -0.902692             0.00000            0.999985
3.83000            0.486095           -0.873891             0.00000            0.999987
3.84000            0.540018           -0.841639             0.00000            0.999988
3.85000            0.591809           -0.806065             0.00000            0.999990
3.86000            0.641264           -0.767309             0.00000            0.999991
3.87000            0.688186           -0.725523             0.00000            0.999992
3.88000            0.732392           -0.680873             0.00000            0.999993
3.89000            0.773707           -0.633535             0.00000            0.999994
3.90000            0.811967           -0.583696             0.00000            0.999995
3.91000            0.847021           -0.531552             0.00000            0.999996
3.92000            0.878732           -0.477310             0.00000            0.999997
3.93000            0.906973           -0.421183             0.00000            0.999998
3.94000            0.931634           -0.363394             0.00000            0.999998
3.95000            0.952617           -0.304170             0.00000            0.999999
3.96000            0.969839           -0.243745             0.00000            0.999999
3.97000            0.983232           -0.182358             0.00000             1.00000
3.98000            0.992743           -0.120252             0.00000             1.00000
3.99000            0.998336          -0.0576699             0.00000             1.00000
4.00000            0.999987          0.00513937             0.00000             1.00000
4.01000            0.997690           0.0679284             0.00000             1.00000
4.02000            0.991455            0.130449             0.00000             1.00000
4.03000            0.981305            0.192455             0.00000            0.999999
4.04000            0.967282            0.253701             0.00000            0.999999
4.05000            0.949439            0.313946             0.00000            0.999998
4.06000            0.927849            0.372951             0.00000            0.999998
4.07000            0.902595            0.430484             0.00000            0.999997
4.08000            0.873778            0.486317             0.00000            0.999996
4.09000            0.841512            0.540230             0.00000            0.999995
4.10000            0.805923            0.592011             0.00000            0.999994
4.11000            0.767153            0.641454             0.00000            0.999993
4.12000            0.725354            0.688365             0.00000            0.999992
4.13000            0.680691            0.732558             0.00000            0.999991
4.14000            0.633341            0.773859             0.00000            0.999990
4.15000            0.583491            0.812105             0.00000            0.999988
4.16000            0.531337            0.847145             0.00000            0.999987
4.17000            0.477085            0.878841             0.00000            0.999985
4.18000            0.420950            0.907066             0.00000            0.999984
4.19000            0.363153            0.931711             0.00000            0.999982
4.20000            0.303922            0.952677             0.00000            0.999981
4.21000            0.243491            0.969882             0.00000            0.999979
4.22000            0.182099            0.983257             0.00000            0.999978
4.23000            0.119987            0.992751             0.00000            0.999976
4.24000           0.0574026            0.998325             0.00000            0.999974
4.25000         -0.00540887            0.999958             0.00000            0.999973
4.26000          -0.0681990            0.997643             0.00000            0.999971
4.27000           -0.130720            0.991388             0.00000            0.999969
4.28000           -0.192725            0.981220             0.00000            0.999968
4.29000           -0.253968            0.967177             0.00000            0.999966
4.30000           -0.314210            0.949316             0.00000            0.999964
4.31000           -0.373210            0.927707             0.00000            0.999963
4.32000           -0.430737            0.902435             0.00000            0.999961
4.33000           -0.486563            0.873599             0.00000            0.999960
4.34000           -0.540469            0.841315             0.00000            0.999958
4.35000           -0.592240            0.805708             0.00000            0.999957
4.36000           -0.641673            0.766921             0.00000            0.999956
4.37000           -0.688572            0.725105             0.00000            0.999954
4.38000           -0.732753            0.680427             0.00000            0.999953
4.39000           -0.774040            0.633061             0.00000            0.999952
4.40000           -0.812271            0.583197             0.00000            0.999951
4.41000           -0.847295            0.531029             0.00000            0.999950
4.42000           -0.878973            0.476765             0.00000            0.999950
4.43000           -0.907181            0.420618             0.00000            0.999949
4.44000           -0.931807            0.362811             0.00000            0.999948
4.45000           -0.952754            0.303571             0.00000            0.999948
4.46000           -0.969939            0.243132             0.00000            0.999947
4.47000           -0.983294            0.181733             0.00000            0.999947
4.48000           -0.992767            0.119617             0.00000            0.999947
4.49000           -0.998319           0.0570286             0.00000            0.999947
4.50000           -0.999930         -0.00578507             0.00000            0.999947
4.51000           -0.997593          -0.0685759             0.00000            0.999947
4.52000           -0.991316           -0.131096             0.00000            0.999947
4.53000           -0.981126           -0.193099             0.00000            0.999947
4.54000           -0.967061           -0.254339             0.00000            0.999948
4.55000           -0.949178           -0.314574             0.00000            0.999948
4.56000           -0.927548           -0.373568             0.00000            0.999949
4.57000           -0.902255           -0.431087             0.00000            0.999950
4.58000           -0.873399           -0.486903             0.00000            0.999950
4.59000           -0.841095           -0.540797             0.00000            0.999951
4.60000           -0.805470           -0.592556             0.00000            0.999952
4.61000           -0.766665           -0.641975             0.00000            0.999953
4.62000           -0.724832           -0.688860             0.00000            0.999955
4.63000           -0.680138           -0.733024             0.00000            0.999956
4.64000           -0.632758           -0.774294             0.00000            0.999957
4.65000           -0.582880           -0.812507             0.00000            0.999958
4.66000           -0.530700           -0.847512             0.00000            0.999960
4.67000           -0.476425           -0.879171             0.00000            0.999961
4.68000           -0.420269           -0.907359             0.00000            0.999963
4.69000           -0.362454           -0.931964             0.00000            0.999964
4.70000           -0.303207           -0.952889             0.00000            0.999966
4.71000           -0.242764           -0.970052             0.00000            0.999968
4.72000           -0.181362           -0.983385             0.00000            0.999969
4.73000           -0.119244           -0.992836             0.00000            0.999971
4.74000          -0.0566546           -0.998366             0.00000            0.999973
4.75000          0.00615799           -0.999955             0.00000            0.999974
4.76000           0.0689463           -0.997596             0.00000            0.999976
4.77000            0.131462           -0.991299             0.00000            0.999978
4.78000            0.193459           -0.981087             0.00000            0.999979
4.79000            0.254693           -0.967002             0.00000            0.999981
4.80000            0.314920           -0.949100             0.00000            0.999982
4.81000            0.373905           -0.927450             0.00000            0.999984
4.82000            0.431413           -0.902139             0.00000            0.999986
4.83000            0.487218           -0.873266             0.00000            0.999987
4.84000            0.541099           -0.840945             0.00000            0.999988
4.85000            0.592844           -0.805304             0.00000            0.999990
4.86000            0.642249           -0.766484             0.00000            0.999991
4.87000            0.689118           -0.724638             0.00000            0.999992
4.88000            0.733267           -0.679931             0.00000            0.999993
4.89000            0.774520           -0.632540             0.00000            0.999994
4.90000            0.812716           -0.582652             0.00000            0.999995
4.91000            0.847704           -0.530463             0.00000            0.999996
4.92000            0.879344           -0.476180             0.00000            0.999997
4.93000            0.907514           -0.420018             0.00000            0.999998
4.94000            0.932100           -0.362197             0.00000            0.999998
4.95000            0.953007           -0.302946             0.00000            0.999999
4.96000            0.970151           -0.242499             0.00000            0.999999
4.97000            0.983465           -0.181095             0.00000             1.00000
4.98000            0.992897           -0.118976             0.00000             1.00000
4.99000            0.998409          -0.0563872             0.00000             1.00000
5.00000            0.999979          0.00642420             0.00000             1.00000
5.01000            0.997602           0.0692102             0.00000             1.00000
5.02000            0.991286            0.131723             0.00000             1.00000
5.03000            0.981057            0.193716             0.00000            0.999999
5.04000            0.966955            0.254944             0.00000            0.999999
5.05000            0.949035            0.315165             0.00000            0.999998
5.06000            0.927369            0.374143             0.00000            0.999998
5.07000            0.902041            0.431643             0.00000            0.999997
5.08000            0.873153            0.487439             0.00000            0.999996
5.09000            0.840817            0.541311             0.00000            0.999995
5.10000            0.805162            0.593046             0.00000            0.999994
5.11000            0.766328            0.642439             0.00000            0.999993
5.12000            0.724469            0.689296             0.00000            0.999992
5.13000            0.679749            0.733432             0.00000            0.999991
5.14000            0.632346            0.774672             0.00000            0.999990
5.15000            0.582447            0.812854             0.00000            0.999988
5.16000            0.530248            0.847827             0.00000            0.999987
5.17000            0.475955            0.879453             0.00000            0.999985
5.18000            0.419784            0.907606             0.00000            0.999984
5.19000            0.361955            0.932177             0.00000            0.999982
5.20000            0.302697            0.953066             0.00000            0.999981
5.21000            0.242244            0.970194             0.00000            0.999979
5.22000            0.180835            0.983490             0.00000            0.999977
5.23000            0.118711            0.992904             0.00000            0.999976
5.24000           0.0561195            0.998398             0.00000            0.999974
5.25000         -0.00669407            0.999950             0.00000            0.999972
5.26000          -0.0694812            0.997554             0.00000            0.999971
5.27000           -0.131994            0.991219             0.00000            0.999969
5.28000           -0.193986            0.980971             0.00000            0.999967
5.29000           -0.255211            0.966850             0.00000            0.999966
5.30000           -0.315429            0.948911             0.00000            0.999964
5.31000           -0.374402            0.927226             0.00000            0.999963
5.32000           -0.431897            0.901880             0.00000            0.999961
5.33000           -0.487686            0.872973             0.00000            0.999960
5.34000           -0.541549            0.840619             0.00000            0.999958
5.35000           -0.593275            0.804946             0.00000            0.999957
5.36000           -0.642658            0.766095             0.00000            0.999956
5.37000           -0.689503            0.724219             0.00000            0.999954
5.38000           -0.733627            0.679484             0.00000            0.999953
5.39000           -0.774853            0.632066             0.00000            0.999952
5.40000           -0.813020            0.582152             0.00000            0.999951
5.41000           -0.847977            0.529939             0.00000            0.999950
5.42000           -0.879586            0.475635             0.00000            0.999950
5.43000           -0.907721            0.419452             0.00000            0.999949
5.44000           -0.932273            0.361613             0.00000            0.999948
5.45000           -0.953144            0.302346             0.00000            0.999948
5.46000           -0.970251            0.241885             0.00000            0.999947
5.47000           -0.983527            0.180469             0.00000            0.999947
5.48000           -0.992919            0.118341             0.00000            0.999947
5.49000           -0.998392           0.0557451             0.00000            0.999947
5.50000           -0.999922         -0.00707062             0.00000            0.999947
5.51000           -0.997504          -0.0698584             0.00000            0.999947
5.52000           -0.991147           -0.132370             0.00000            0.999947
5.53000           -0.980877           -0.194360             0.00000            0.999947
5.54000           -0.966734           -0.255582             0.00000            0.999948
5.55000           -0.948773           -0.315794             0.00000            0.999948
5.56000           -0.927067           -0.374760             0.00000            0.999949
5.57000           -0.901700           -0.432246             0.00000            0.999950
5.58000           -0.872773           -0.488026             0.00000            0.999951
5.59000           -0.840399           -0.541878             0.00000            0.999951
5.60000           -0.804708           -0.593591             0.00000            0.999952
5.61000           -0.765839           -0.642960             0.00000            0.999954
5.62000           -0.723946           -0.689791             0.00000            0.999955
5.63000           -0.679195           -0.733898             0.00000            0.999956
5.64000           -0.631762           -0.775107             0.00000            0.999957
5.65000           -0.581835           -0.813256             0.00000            0.999959
5.66000           -0.529610           -0.848194             0.00000            0.999960
5.67000           -0.475295           -0.879783             0.00000            0.999962
5.68000           -0.419102           -0.907898             0.00000            0.999963
5.69000           -0.361256           -0.932429             0.00000            0.999965
5.70000           -0.301982           -0.953278             0.00000            0.999966
5.71000           -0.241517           -0.970364             0.00000            0.999968
5.72000           -0.180098           -0.983618             0.00000            0.999969
5.73000           -0.117967           -0.992988             0.00000            0.999971
5.74000          -0.0553714           -0.998439             0.00000            0.999973
5.75000          0.00744316           -0.999947             0.00000            0.999975
5.76000           0.0702283           -0.997507             0.00000            0.999976
5.77000            0.132736           -0.991129             0.00000            0.999978
5.78000            0.194720           -0.980838             0.00000            0.999979
5.79000            0.255935           -0.966674             0.00000            0.999981
5.80000            0.316140           -0.948694             0.00000            0.999983
5.81000            0.375096           -0.926969             0.00000            0.999984
5.82000            0.432572           -0.901584             0.00000            0.999986
5.83000            0.488340           -0.872639             0.00000            0.999987
5.84000            0.542180           -0.840249             0.00000            0.999989
5.85000            0.593879           -0.804542             0.00000            0.999990
5.86000            0.643234           -0.765658             0.00000            0.999991
5.87000            0.690049           -0.723752             0.00000            0.999992
5.88000            0.734140           -0.678989             0.00000            0.999994
5.89000            0.775333           -0.631545             0.00000            0.999995
5.90000            0.813464           -0.581607             0.00000            0.999996
5.91000            0.848385           -0.529374             0.00000            0.999996
5.92000            0.879956           -0.475050             0.00000            0.999997
5.93000            0.908053           -0.418851             0.00000            0.999998
5.94000            0.932565           -0.360999             0.00000            0.999999
5.95000            0.953395           -0.301721             0.00000            0.999999
5.96000            0.970462           -0.241252             0.00000            0.999999
5.97000            0.983697           -0.179831             0.00000             1.00000
5.98000            0.993049           -0.117700             0.00000             1.00000
5.99000            0.998481          -0.0551043             0.00000             1.00000
6.00000            0.999970          0.00770902             0.00000             1.00000
6.01000            0.997512           0.0704919             0.00000             1.00000
6.02000            0.991116            0.132997             0.00000             1.00000
6.03000            0.980807            0.194976             0.00000            0.999999
6.04000            0.966626            0.256186             0.00000            0.999999
6.05000            0.948629            0.316384             0.00000            0.999998
6.06000            0.926887            0.375334             0.00000            0.999998
6.07000            0.901486            0.432801             0.00000            0.999997
6.08000            0.872526            0.488560             0.00000            0.999996
6.09000            0.840121            0.542391             0.00000            0.999995
6.10000            0.804399            0.594080             0.00000            0.999994
6.11000            0.765502            0.643423             0.00000            0.999993
6.12000            0.723582            0.690227             0.00000            0.999992
6.13000            0.678806            0.734305             0.00000            0.999991
6.14000            0.631350            0.775484             0.00000            0.999989
6.15000            0.581402            0.813602             0.00000            0.999988
6.16000            0.529158            0.848508             0.00000            0.999987
6.17000            0.474825            0.880064             0.00000            0.999985
6.18000            0.418617            0.908145             0.00000            0.999984
6.19000            0.360756            0.932641             0.00000            0.999982
6.20000            0.301472            0.953455             0.00000            0.999980
6.21000            0.240997            0.970504             0.00000            0.999979
6.22000            0.179571            0.983722             0.00000            0.999977
6.23000            0.117435            0.993056             0.00000            0.999975
6.24000           0.0548362            0.998469             0.00000            0.999974
6.25000         -0.00797926            0.999940             0.00000            0.999972
6.26000          -0.0707632            0.997464             0.00000            0.999970
6.27000           -0.133268            0.991049             0.00000            0.999969
6.28000           -0.195246            0.980721             0.00000            0.999967
6.29000           -0.256454            0.966521             0.00000            0.999966
6.30000           -0.316649            0.948505             0.00000            0.999964
6.31000           -0.375594            0.926744             0.00000            0.999962
6.32000           -0.433055            0.901324             0.00000            0.999961
6.33000           -0.488807            0.872345             0.00000            0.999959
6.34000           -0.542630            0.839922             0.00000            0.999958
6.35000           -0.594309            0.804183             0.00000            0.999957
6.36000           -0.643642            0.765268             0.00000            0.999955
6.37000           -0.690434            0.723332             0.00000            0.999954
6.38000           -0.734499            0.678540             0.00000            0.999953
6.39000           -0.775665            0.631069             0.00000            0.999952
6.40000           -0.813768            0.581106             0.00000            0.999951
6.41000           -0.848657            0.528849             0.00000            0.999950
6.42000           -0.880196            0.474503             0.00000            0.999949
6.43000           -0.908260            0.418284             0.00000            0.999949
6.44000           -0.932737            0.360414             0.00000            0.999948
6.45000           -0.953531            0.301120             0.00000            0.999948
6.46000           -0.970561            0.240637             0.00000            0.999947
6.47000           -0.983758            0.179204             0.00000            0.999947
6.48000           -0.993071            0.117064             0.00000            0.999947
6.49000           -0.998463           0.0544615             0.00000            0.999947
6.50000           -0.999912         -0.00835616             0.00000            0.999947
6.51000           -0.997413          -0.0711408             0.00000            0.999947
6.52000           -0.990976           -0.133645             0.00000            0.999947
6.53000           -0.980626           -0.195621             0.00000            0.999947
6.54000           -0.966404           -0.256824             0.00000            0.999948
6.55000           -0.948367           -0.317014             0.00000            0.999948
6.56000           -0.926584           -0.375952             0.00000            0.999949
6.57000           -0.901143           -0.433405             0.00000            0.999950
6.58000           -0.872145           -0.489147             0.00000            0.999951
6.59000           -0.839702           -0.542958             0.00000            0.999952
6.60000           -0.803944           -0.594625             0.00000            0.999953
6.61000           -0.765012           -0.643944             0.00000            0.999954
6.62000           -0.723059           -0.690721             0.00000            0.999955
6.63000           -0.678251           -0.734771             0.00000            0.999956
6.64000           -0.630765           -0.775919             0.00000            0.999957
6.65000           -0.580789           -0.814003             0.00000            0.999959
6.66000           -0.528520           -0.848874             0.00000            0.999960
6.67000           -0.474163           -0.880393             0.00000            0.999962
6.68000           -0.417935           -0.908436             0.00000            0.999963
6.69000           -0.360057           -0.932893             0.00000            0.999965
6.70000           -0.300757           -0.953666             0.00000            0.999966
6.71000           -0.240269           -0.970673             0.00000            0.999968
6.72000           -0.178833           -0.983849             0.00000            0.999970
6.73000           -0.116691           -0.993139             0.00000            0.999971
6.74000          -0.0540881           -0.998509             0.00000            0.999973
6.75000          0.00872831           -0.999937             0.00000            0.999975
6.76000           0.0715103           -0.997416             0.00000            0.999976
6.77000            0.134010           -0.990958             0.00000            0.999978
6.78000            0.195981           -0.980587             0.00000            0.999980
6.79000            0.257177           -0.966345             0.00000            0.999981
6.80000            0.317359           -0.948287             0.00000            0.999983
6.81000            0.376287           -0.926486             0.00000            0.999984
6.82000            0.433730           -0.901027             0.00000            0.999986
6.83000            0.489461           -0.872011             0.00000            0.999987
6.84000            0.543259           -0.839552             0.00000            0.999989
6.85000            0.594912           -0.803778             0.00000            0.999990
6.86000            0.644217           -0.764831             0.00000            0.999991
6.87000            0.690978           -0.722865             0.00000            0.999993
6.88000            0.735012           -0.678045             0.00000            0.999994
6.89000            0.776144           -0.630548             0.00000            0.999995
6.90000            0.814211           -0.580562             0.00000            0.999996
6.91000            0.849064           -0.528283             0.00000            0.999997
6.92000            0.880565           -0.473919             0.00000            0.999997
6.93000            0.908590           -0.417684             0.00000            0.999998
6.94000            0.933028           -0.359800             0.00000            0.999999
6.95000            0.953782           -0.300496             0.00000            0.999999
6.96000            0.970771           -0.240005             0.00000            0.999999
6.97000            0.983927           -0.178567             0.00000             1.00000
6.98000            0.993200           -0.116424             0.00000             1.00000
6.99000            0.998551          -0.0538214             0.00000             1.00000
7.00000            0.999960          0.00899382             0.00000             1.00000
7.01000            0.997421           0.0717735             0.00000             1.00000
7.02000            0.990944            0.134270             0.00000             1.00000
7.03000            0.980556            0.196236             0.00000            0.999999
7.04000            0.966296            0.257428             0.00000            0.999999
7.05000            0.948222            0.317603             0.00000            0.999998
7.06000            0.926404            0.376524             0.00000            0.999998
7.07000            0.900929            0.433959             0.00000            0.999997
7.08000            0.871897            0.489681             0.00000            0.999996
7.09000            0.839423            0.543470             0.00000            0.999995
7.10000            0.803635            0.595113             0.00000            0.999994
7.11000            0.764674            0.644406             0.00000            0.999993
7.12000            0.722695            0.691156             0.00000            0.999992
7.13000            0.677862            0.735176             0.00000            0.999991
7.14000            0.630353            0.776295             0.00000            0.999989
7.15000            0.580355            0.814348             0.00000            0.999988
7.16000            0.528067            0.849187             0.00000            0.999986
7.17000            0.473693            0.880673             0.00000            0.999985
7.18000            0.417449            0.908682             0.00000            0.999983
7.19000            0.359558            0.933103             0.00000            0.999982
7.20000            0.300246            0.953841             0.00000            0.999980
7.21000            0.239749            0.970813             0.00000            0.999979
7.22000            0.178306            0.983952             0.00000            0.999977
7.23000            0.116159            0.993206             0.00000            0.999975
7.24000           0.0535529            0.998539             0.00000            0.999974
7.25000         -0.00926445            0.999929             0.00000            0.999972
7.26000          -0.0720452            0.997372             0.00000            0.999970
7.27000           -0.134542            0.990876             0.00000            0.999969
7.28000           -0.196507            0.980469             0.00000            0.999967
7.29000           -0.257696            0.966190             0.00000            0.999965
7.30000           -0.317868            0.948097             0.00000            0.999964
7.31000           -0.376785            0.926260             0.00000            0.999962
7.32000           -0.434214            0.900766             0.00000            0.999961
7.33000           -0.489928            0.871716             0.00000            0.999959
7.34000           -0.543709            0.839224             0.00000            0.999958
7.35000           -0.595342            0.803418             0.00000            0.999957
7.36000           -0.644625            0.764440             0.00000            0.999955
7.37000           -0.691363            0.722444             0.00000            0.999954
7.38000           -0.735371            0.677595             0.00000            0.999953
7.39000           -0.776475            0.630071             0.00000            0.999952
7.40000           -0.814514            0.580059             0.00000            0.999951
7.41000           -0.849336            0.527757             0.00000            0.999950
7.42000           -0.880805            0.473371             0.00000            0.999949
7.43000           -0.908797            0.417116             0.00000            0.999949
7.44000           -0.933200            0.359214             0.00000            0.999948
7.45000           -0.953918            0.299894             0.00000            0.999948
7.46000           -0.970869            0.239389             0.00000            0.999947
7.47000           -0.983988            0.177940             0.00000            0.999947
7.48000           -0.993220            0.115787             0.00000            0.999947
7.49000           -0.998532           0.0531778             0.00000            0.999947
7.50000           -0.999900         -0.00964169             0.00000            0.999947
7.51000           -0.997321          -0.0724231             0.00000            0.999947
7.52000           -0.990803           -0.134919             0.00000            0.999947
7.53000           -0.980374           -0.196881             0.00000            0.999948
7.54000           -0.966073           -0.258067             0.00000            0.999948
7.55000           -0.947958           -0.318233             0.00000            0.999949
7.56000           -0.926100           -0.377143             0.00000            0.999949
7.57000           -0.900586           -0.434563             0.00000            0.999950
7.58000           -0.871515           -0.490268             0.00000            0.999951
7.59000           -0.839003           -0.544037             0.00000            0.999952
7.60000           -0.803179           -0.595658             0.00000            0.999953
7.61000           -0.764183           -0.644927             0.00000            0.999954
7.62000           -0.722170           -0.691650             0.00000            0.999955
7.63000           -0.677306           -0.735642             0.00000            0.999956
7.64000           -0.629767           -0.776729             0.00000            0.999958
7.65000           -0.579742           -0.814750             0.00000            0.999959
7.66000           -0.527428           -0.849553             0.00000            0.999960
7.67000           -0.473031           -0.881002             0.00000            0.999962
7.68000           -0.416767           -0.908973             0.00000            0.999963
7.69000           -0.358857           -0.933355             0.00000            0.999965
7.70000           -0.299531           -0.954052             0.00000            0.999967
7.71000           -0.239022           -0.970982             0.00000            0.999968
7.72000           -0.177569           -0.984078             0.00000            0.999970
7.73000           -0.115414           -0.993289             0.00000            0.999972
7.74000          -0.0528048           -0.998578             0.00000            0.999973
7.75000           0.0100135           -0.999925             0.00000            0.999975
7.76000           0.0727921           -0.997324             0.00000            0.999977
7.77000            0.135283           -0.990785             0.00000            0.999978
7.78000            0.197241           -0.980335             0.00000            0.999980
7.79000            0.258419           -0.966014             0.00000            0.999981
7.80000            0.318577           -0.947879             0.00000            0.999983
7.81000            0.377478           -0.926002             0.00000            0.999985
7.82000            0.434888           -0.900469             0.00000            0.999986
7.83000            0.490581           -0.871381             0.00000            0.999988
7.84000            0.544337           -0.838853             0.00000            0.999989
7.85000            0.595945           -0.803013             0.00000            0.999990
7.86000            0.645199           -0.764003             0.00000            0.999992
7.87000            0.691907           -0.721977             0.00000            0.999993
7.88000            0.735883           -0.677100             0.00000            0.999994
7.89000            0.776953           -0.629550             0.00000            0.999995
7.90000            0.814956           -0.579515             0.00000            0.999996
7.91000            0.849742           -0.527192             0.00000            0.999997
7.92000            0.881174           -0.472787             0.00000            0.999997
7.93000            0.909126           -0.416517             0.00000            0.999998
7.94000            0.933489           -0.358601             0.00000            0.999999
7.95000            0.954167           -0.299270             0.00000            0.999999
7.96000            0.971079           -0.238758             0.00000             1.00000
7.97000            0.984156           -0.177303             0.00000             1.00000
7.98000            0.993348           -0.115148             0.00000             1.00000
7.99000            0.998619          -0.0525384             0.00000             1.00000
8.00000            0.999947           0.0102786             0.00000             1.00000
8.01000            0.997328           0.0730550             0.00000             1.00000
8.02000            0.990771            0.135543             0.00000             1.00000
8.03000            0.980303            0.197496             0.00000            0.999999
8.04000            0.965965            0.258669             0.00000            0.999999
8.05000            0.947813            0.318821             0.00000            0.999998
8.06000            0.925919            0.377714             0.00000            0.999997
8.07000            0.900370            0.435117             0.00000            0.999997
8.08000            0.871267            0.490801             0.00000            0.999996
8.09000            0.838724            0.544548             0.00000            0.999995
8.10000            0.802869            0.596145             0.00000            0.999994
8.11000            0.763845            0.645388             0.00000            0.999993
8.12000            0.721806            0.692084             0.00000            0.999992
8.13000            0.676916            0.736047             0.00000            0.999990
8.14000            0.629355            0.777104             0.00000            0.999989
8.15000            0.579308            0.815093             0.00000            0.999988
8.16000            0.526975            0.849865             0.00000            0.999986
8.17000            0.472561            0.881281             0.00000            0.999985
8.18000            0.416281            0.909217             0.00000            0.999983
8.19000            0.358358            0.933565             0.00000            0.999982
8.20000            0.299020            0.954226             0.00000            0.999980
8.21000            0.238502            0.971120             0.00000            0.999978
8.22000            0.177041            0.984180             0.00000            0.999977
8.23000            0.114882            0.993354             0.00000            0.999975
8.24000           0.0522695            0.998606             0.00000            0.999973
8.25000          -0.0105496            0.999916             0.00000            0.999972
8.26000          -0.0733271            0.997278             0.00000            0.999970
8.27000           -0.135815            0.990702             0.00000            0.999968
8.28000           -0.197767            0.980215             0.00000            0.999967
8.29000           -0.258938            0.965858             0.00000            0.999965
8.30000           -0.319086            0.947687             0.00000            0.999964
8.31000           -0.377975            0.925775             0.00000            0.999962
8.32000           -0.435371            0.900207             0.00000            0.999961
8.33000           -0.491048            0.871085             0.00000            0.999959
8.34000           -0.544787            0.838524             0.00000            0.999958
8.35000           -0.596374            0.802652             0.00000            0.999956
8.36000           -0.645607            0.763611             0.00000            0.999955
8.37000           -0.692291            0.721555             0.00000            0.999954
8.38000           -0.736241            0.676649             0.00000            0.999953
8.39000           -0.777285            0.629072             0.00000            0.999952
8.40000           -0.815259            0.579012             0.00000            0.999951
8.41000           -0.850014            0.526665             0.00000            0.999950
8.42000           -0.881413            0.472238             0.00000            0.999949
8.43000           -0.909332            0.415947             0.00000            0.999949
8.44000           -0.933661            0.358014             0.00000            0.999948
8.45000           -0.954302            0.298667             0.00000            0.999948
8.46000           -0.971176            0.238141             0.00000            0.999947
8.47000           -0.984215            0.176674             0.00000            0.999947
8.48000           -0.993368            0.114510             0.00000            0.999947
8.49000           -0.998599           0.0518940             0.00000            0.999947
8.50000           -0.999887          -0.0109272             0.00000            0.999947
8.51000           -0.997227          -0.0737052             0.00000            0.999947
8.52000           -0.990629           -0.136192             0.00000            0.999947
8.53000           -0.980120           -0.198141             0.00000            0.999948
8.54000           -0.965741           -0.259308             0.00000            0.999948
8.55000           -0.947548           -0.319451             0.00000            0.999949
8.56000           -0.925615           -0.378333             0.00000            0.999949
8.57000           -0.900026           -0.435721             0.00000            0.999950
8.58000           -0.870884           -0.491388             0.00000            0.999951
8.59000           -0.838303           -0.545116             0.00000            0.999952
8.60000           -0.802413           -0.596691             0.00000            0.999953
8.61000           -0.763354           -0.645909             0.00000            0.999954
8.62000           -0.721281           -0.692578             0.00000            0.999955
8.63000           -0.676360           -0.736512             0.00000            0.999956
8.64000           -0.628769           -0.777538             0.00000            0.999958
8.65000           -0.578695           -0.815494             0.00000            0.999959
8.66000           -0.526336           -0.850230             0.00000            0.999961
8.67000           -0.471899           -0.881610             0.00000            0.999962
8.68000           -0.415599           -0.909508             0.00000            0.999964
8.69000           -0.357657           -0.933816             0.00000            0.999965
8.70000           -0.298304           -0.954436             0.00000            0.999967
8.71000           -0.237773           -0.971288             0.00000            0.999968
8.72000           -0.176304           -0.984305             0.00000            0.999970
8.73000           -0.114138           -0.993436             0.00000            0.999972
8.74000          -0.0515213           -0.998645             0.00000            0.999973
8.75000           0.0112986           -0.999911             0.00000            0.999975
8.76000           0.0740738           -0.997229             0.00000            0.999977
8.77000            0.136557           -0.990610             0.00000            0.999978
8.78000            0.198500           -0.980080             0.00000            0.999980
8.79000            0.259660           -0.965681             0.00000            0.999982
8.80000            0.319795           -0.947469             0.00000            0.999983
8.81000            0.378667           -0.925516             0.00000            0.999985
8.82000            0.436045           -0.899910             0.00000            0.999986
8.83000            0.491700           -0.870750             0.00000            0.999988
8.84000            0.545415           -0.838153             0.00000            0.999989
8.85000            0.596976           -0.802247             0.00000            0.999990
8.86000            0.646181           -0.763174             0.00000            0.999992
8.87000            0.692834           -0.721087             0.00000            0.999993
8.88000            0.736752           -0.676154             0.00000            0.999994
8.89000            0.777762           -0.628551             0.00000            0.999995
8.90000            0.815701           -0.578467             0.00000            0.999996
8.91000            0.850419           -0.526100             0.00000            0.999997
8.92000            0.881780           -0.471655             0.00000            0.999998
8.93000            0.909661           -0.415348             0.00000            0.999998
8.94000            0.933949           -0.357402             0.00000            0.999999
8.95000            0.954551           -0.298044             0.00000            0.999999
8.96000            0.971385           -0.237510             0.00000             1.00000
8.97000            0.984383           -0.176038             0.00000             1.00000
8.98000            0.993495           -0.113872             0.00000             1.00000
8.99000            0.998686          -0.0512552             0.00000             1.00000
9.00000            0.999933           0.0115634             0.00000             1.00000
9.01000            0.997233           0.0743364             0.00000             1.00000
9.02000            0.990596            0.136816             0.00000             1.00000
9.03000            0.980048            0.198755             0.00000            0.999999
9.04000            0.965631            0.259910             0.00000            0.999999
9.05000            0.947402            0.320039             0.00000            0.999998
9.06000            0.925433            0.378904             0.00000            0.999997
9.07000            0.899811            0.436273             0.00000            0.999997
9.08000            0.870636            0.491920             0.00000            0.999996
9.09000            0.838023            0.545625             0.00000            0.999995
9.10000            0.802103            0.597176             0.00000            0.999994
9.11000            0.763015            0.646369             0.00000            0.999993
9.12000            0.720916            0.693010             0.00000            0.999991
9.13000            0.675970            0.736916             0.00000            0.999990
9.14000            0.628356            0.777912             0.00000            0.999989
9.15000            0.578260            0.815837             0.00000            0.999988
9.16000            0.525882            0.850541             0.00000            0.999986
9.17000            0.471428            0.881887             0.00000            0.999985
9.18000            0.415112            0.909751             0.00000            0.999983
9.19000            0.357158            0.934024             0.00000            0.999981
9.20000            0.297793            0.954609             0.00000            0.999980
9.21000            0.237253            0.971425             0.00000            0.999978
9.22000            0.175776            0.984406             0.00000            0.999977
9.23000            0.113605            0.993501             0.00000            0.999975
9.24000           0.0509860            0.998673             0.00000            0.999973
9.25000          -0.0118348            0.999901             0.00000            0.999972
9.26000          -0.0746088            0.997183             0.00000            0.999970
9.27000           -0.137088            0.990527             0.00000            0.999968
9.28000           -0.199026            0.979960             0.00000            0.999967
9.29000           -0.260179            0.965524             0.00000            0.999965
9.30000           -0.320304            0.947276             0.00000            0.999963
9.31000           -0.379164            0.925288             0.00000            0.999962
9.32000           -0.436528            0.899647             0.00000            0.999960
9.33000           -0.492168            0.870453             0.00000            0.999959
9.34000           -0.545864            0.837823             0.00000            0.999958
9.35000           -0.597406            0.801885             0.00000            0.999956
9.36000           -0.646588            0.762780             0.00000            0.999955
9.37000           -0.693218            0.720664             0.00000            0.999954
9.38000           -0.737110            0.675702             0.00000            0.999953
9.39000           -0.778093            0.628073             0.00000            0.999952
9.40000           -0.816003            0.577963             0.00000            0.999951
9.41000           -0.850690            0.525572             0.00000            0.999950
9.42000           -0.882020            0.471105             0.00000            0.999949
9.43000           -0.909866            0.414778             0.00000            0.999949
9.44000           -0.934120            0.356813             0.00000            0.999948
9.45000           -0.954686            0.297440             0.00000            0.999947
9.46000           -0.971482            0.236892             0.00000            0.999947
9.47000           -0.984442            0.175409             0.00000            0.999947
9.48000           -0.993515            0.113233             0.00000            0.999947
9.49000           -0.998665           0.0506101             0.00000            0.999947
9.50000           -0.999872          -0.0122127             0.00000            0.999947
9.51000           -0.997131          -0.0749872             0.00000            0.999947
9.52000           -0.990453           -0.137466             0.00000            0.999947
9.53000           -0.979864           -0.199401             0.00000            0.999948
9.54000           -0.965407           -0.260550             0.00000            0.999948
9.55000           -0.947137           -0.320669             0.00000            0.999949
9.56000           -0.925128           -0.379523             0.00000            0.999949
9.57000           -0.899465           -0.436878             0.00000            0.999950
9.58000           -0.870252           -0.492508             0.00000            0.999951
9.59000           -0.837602           -0.546193             0.00000            0.999952
9.60000           -0.801645           -0.597722             0.00000            0.999953
9.61000           -0.762523           -0.646890             0.00000            0.999954
9.62000           -0.720390           -0.693505             0.00000            0.999955
9.63000           -0.675413           -0.737381             0.00000            0.999957
9.64000           -0.627769           -0.778346             0.00000            0.999958
9.65000           -0.577646           -0.816238             0.00000            0.999959
9.66000           -0.525242           -0.850906             0.00000            0.999961
9.67000           -0.470765           -0.882216             0.00000            0.999962
9.68000           -0.414429           -0.910042             0.00000            0.999964
9.69000           -0.356457           -0.934275             0.00000            0.999965
9.70000           -0.297077           -0.954819             0.00000            0.999967
9.71000           -0.236525           -0.971593             0.00000            0.999969
9.72000           -0.175038           -0.984531             0.00000            0.999970
9.73000           -0.112861           -0.993583             0.00000            0.999972
9.74000          -0.0502378           -0.998711             0.00000            0.999974
9.75000           0.0125837           -0.999896             0.00000            0.999975
9.76000           0.0753554           -0.997134             0.00000            0.999977
9.77000            0.137830           -0.990434             0.00000            0.999979
9.78000            0.199760           -0.979825             0.00000            0.999980
9.79000            0.260901           -0.965347             0.00000            0.999982
9.80000            0.321013           -0.947057             0.00000            0.999983
9.81000            0.379857           -0.925029             0.00000            0.999985
9.82000            0.437201           -0.899349             0.00000            0.999986
9.83000            0.492819           -0.870118             0.00000            0.999988
9.84000            0.546492           -0.837452             0.00000            0.999989
9.85000            0.598007           -0.801479             0.00000            0.999991
9.86000            0.647161           -0.762343             0.00000            0.999992
9.87000            0.693760           -0.720196             0.00000            0.999993
9.88000            0.737620           -0.675207             0.00000            0.999994
9.89000            0.778569           -0.627552             0.00000            0.999995
9.90000            0.816443           -0.577419             0.00000            0.999996
9.91000            0.851094           -0.525007             0.00000            0.999997
9.92000            0.882386           -0.470522             0.00000            0.999998
9.93000            0.910194           -0.414179             0.00000            0.999998
9.94000            0.934408           -0.356201             0.00000            0.999999
9.95000            0.954933           -0.296817             0.00000            0.999999
9.96000            0.971689           -0.236262             0.00000             1.00000
9.97000            0.984609           -0.174773             0.00000             1.00000
9.98000            0.993641           -0.112595             0.00000             1.00000
9.99000            0.998751          -0.0499720             0.00000             1.00000
10.0000            0.999917           0.0128481             0.00000             1.00000
