#Time(Yr)                K_Ea                U_Ea             Etot_Ea                L_Ea
0.00000         5.92246E-05        -0.000118569        -5.93448E-05        3.557506E-10
0.01000000        5.922465E-05       -0.0001185695       -5.934483E-05        3.557506E-10
0.02000000        5.922467E-05       -0.0001185695       -5.934483E-05        3.557506E-10
0.03000000        5.922470E-05       -0.0001185695       -5.934483E-05        3.557506E-10
0.04000000        5.922474E-05       -0.0001185696       -5.934483E-05        3.557506E-10
0.05000000        5.922480E-05       -0.0001185696       -5.934483E-05        3.557506E-10
0.06000000        5.922487E-05       -0.0001185697       -5.934483E-05        3.557506E-10
0.07000000        5.922495E-05       -0.0001185698       -5.934483E-05        3.557506E-10
0.08000000        5.922504E-05       -0.0001185699       -5.934483E-05        3.557506E-10
0.09000000        5.922514E-05       -0.0001185700       -5.934483E-05        3.557506E-10
0.1000000        5.922525E-05       -0.0001185701       -5.934483E-05        3.557506E-10
0.1100000        5.922537E-05       -0.0001185702       -5.934483E-05        3.557506E-10
0.1200000        5.922550E-05       -0.0001185703       -5.934483E-05        3.557506E-10
0.1300000        5.922564E-05       -0.0001185705       -5.934484E-05        3.557506E-10
0.1400000        5.922579E-05       -0.0001185706       -5.934484E-05        3.557506E-10
0.1500000        5.922595E-05       -0.0001185708       -5.934484E-05        3.557506E-10
0.1600000        5.922611E-05       -0.0001185709       -5.934484E-05        3.557506E-10
0.1700000        5.922628E-05       -0.0001185711       -5.934484E-05        3.557506E-10
0.1800000        5.922646E-05       -0.0001185713       -5.934484E-05        3.557506E-10
0.1900000        5.922664E-05       -0.0001185715       -5.934484E-05        3.557506E-10
0.2000000        5.922683E-05       -0.0001185717       -5.934484E-05        3.557506E-10
0.2100000        5.922702E-05       -0.0001185719       -5.934484E-05        3.557506E-10
0.2200000        5.922722E-05       -0.0001185721       -5.934484E-05        3.557506E-10
0.2300000        5.922741E-05       -0.0001185722       -5.934484E-05        3.557506E-10
0.2400000        5.922761E-05       -0.0001185724       -5.934484E-05        3.557506E-10
0.2500000        5.922781E-05       -0.0001185726       -5.934484E-05        3.557506E-10
0.2600000        5.922801E-05       -0.0001185728       -5.934484E-05        3.557506E-10
0.2700000        5.922820E-05       -0.0001185730       -5.934484E-05        3.557506E-10
0.2800000        5.922840E-05       -0.0001185732       -5.934484E-05        3.557506E-10
0.2900000        5.922859E-05       -0.0001185734       -5.934484E-05        3.557506E-10
0.3000000        5.922878E-05       -0.0001185736       -5.934484E-05        3.557506E-10
0.3100000        5.922897E-05       -0.0001185738       -5.934484E-05        3.557506E-10
0.3200000        5.922915E-05       -0.0001185740       -5.934484E-05        3.557506E-10
0.3300000        5.922933E-05       -0.0001185742       -5.934484E-05        3.557506E-10
0.3400000        5.922950E-05       -0.0001185743       -5.934484E-05        3.557506E-10
0.3500000        5.922966E-05       -0.0001185745       -5.934484E-05        3.557506E-10
0.3600000        5.922982E-05       -0.0001185747       -5.934484E-05        3.557506E-10
0.3700000        5.922997E-05       -0.0001185748       -5.934484E-05        3.557506E-10
0.3800000        5.923011E-05       -0.0001185749       -5.934484E-05        3.557506E-10
0.3900000        5.923024E-05       -0.0001185751       -5.934484E-05        3.557506E-10
0.4000000        5.923036E-05       -0.0001185752       -5.934484E-05        3.557506E-10
0.4100000        5.923047E-05       -0.0001185753       -5.934484E-05        3.557506E-10
0.4200000        5.923057E-05       -0.0001185754       -5.934484E-05        3.557506E-10
0.4300000        5.923066E-05       -0.0001185755       -5.934484E-05        3.557506E-10
0.4400000        5.923074E-05       -0.0001185756       -5.934484E-05        3.557506E-10
0.4500000        5.923081E-05       -0.0001185756       -5.934484E-05        3.557506E-10
0.4600000        5.923086E-05       -0.0001185757       -5.934484E-05        3.557506E-10
0.4700000        5.923090E-05       -0.0001185757       -5.934484E-05        3.557506E-10
0.4800000        5.923093E-05       -0.0001185758       -5.934484E-05        3.557506E-10
0.4900000        5.923095E-05       -0.0001185758       -5.934484E-05        3.557506E-10
0.5000000        5.923096E-05       -0.0001185758       -5.934484E-05        3.557506E-10
0.5100000        5.923095E-05       -0.0001185758       -5.934484E-05        3.557506E-10
0.5200000        5.923093E-05       -0.0001185758       -5.934484E-05        3.557506E-10
0.5300000        5.923090E-05       -0.0001185757       -5.934484E-05        3.557506E-10
0.5400000        5.923086E-05       -0.0001185757       -5.934484E-05        3.557506E-10
0.5500000        5.923080E-05       -0.0001185756       -5.934484E-05        3.557506E-10
0.5600000        5.923073E-05       -0.0001185756       -5.934484E-05        3.557506E-10
0.5700000        5.923065E-05       -0.0001185755       -5.934484E-05        3.557506E-10
0.5800000        5.923056E-05       -0.0001185754       -5.934484E-05        3.557506E-10
0.5900000        5.923046E-05       -0.0001185753       -5.934484E-05        3.557506E-10
0.6000000        5.923035E-05       -0.0001185752       -5.934484E-05        3.557506E-10
0.6100000        5.923022E-05       -0.0001185751       -5.934484E-05        3.557506E-10
0.6200000        5.923009E-05       -0.0001185749       -5.934484E-05        3.557506E-10
0.6300000        5.922995E-05       -0.0001185748       -5.934484E-05        3.557506E-10
0.6400000        5.922980E-05       -0.0001185746       -5.934484E-05        3.557506E-10
0.6500000        5.922964E-05       -0.0001185745       -5.934484E-05        3.557506E-10
0.6600000        5.922948E-05       -0.0001185743       -5.934484E-05        3.557506E-10
0.6700000        5.922931E-05       -0.0001185741       -5.934484E-05        3.557506E-10
0.6800000        5.922913E-05       -0.0001185740       -5.934484E-05        3.557506E-10
0.6900000        5.922895E-05       -0.0001185738       -5.934484E-05        3.557506E-10
0.7000000        5.922876E-05       -0.0001185736       -5.934484E-05        3.557506E-10
0.7100000        5.922857E-05       -0.0001185734       -5.934484E-05        3.557506E-10
0.7200000        5.922838E-05       -0.0001185732       -5.934484E-05        3.557506E-10
0.7300000        5.922818E-05       -0.0001185730       -5.934484E-05        3.557506E-10
0.7400000        5.922798E-05       -0.0001185728       -5.934484E-05        3.557506E-10
0.7500000        5.922778E-05       -0.0001185726       -5.934484E-05        3.557506E-10
0.7600000        5.922759E-05       -0.0001185724       -5.934484E-05        3.557506E-10
0.7700000        5.922739E-05       -0.0001185722       -5.934484E-05        3.557506E-10
0.7800000        5.922719E-05       -0.0001185720       -5.934484E-05        3.557506E-10
0.7900000        5.922700E-05       -0.0001185718       -5.934484E-05        3.557506E-10
0.8000000        5.922681E-05       -0.0001185716       -5.934484E-05        3.557506E-10
0.8100000        5.922662E-05       -0.0001185715       -5.934484E-05        3.557506E-10
0.8200000        5.922644E-05       -0.0001185713       -5.934484E-05        3.557506E-10
0.8300000        5.922626E-05       -0.0001185711       -5.934484E-05        3.557506E-10
0.8400000        5.922609E-05       -0.0001185709       -5.934484E-05        3.557506E-10
0.8500000        5.922593E-05       -0.0001185708       -5.934484E-05        3.557506E-10
0.8600000        5.922577E-05       -0.0001185706       -5.934484E-05        3.557506E-10
0.8700000        5.922563E-05       -0.0001185705       -5.934484E-05        3.557506E-10
0.8800000        5.922549E-05       -0.0001185703       -5.934483E-05        3.557506E-10
0.8900000        5.922536E-05       -0.0001185702       -5.934483E-05        3.557506E-10
0.9000000        5.922524E-05       -0.0001185701       -5.934483E-05        3.557506E-10
0.9100000        5.922513E-05       -0.0001185700       -5.934483E-05        3.557506E-10
0.9200000        5.922503E-05       -0.0001185699       -5.934483E-05        3.557506E-10
0.9300000        5.922494E-05       -0.0001185698       -5.934483E-05        3.557506E-10
0.9400000        5.922486E-05       -0.0001185697       -5.934483E-05        3.557506E-10
0.9500000        5.922479E-05       -0.0001185696       -5.934483E-05        3.557506E-10
0.9600000        5.922474E-05       -0.0001185696       -5.934483E-05        3.557506E-10
0.9700000        5.922470E-05       -0.0001185695       -5.934483E-05        3.557506E-10
0.9800000        5.922467E-05       -0.0001185695       -5.934483E-05        3.557506E-10
0.9900000        5.922465E-05       -0.0001185695       -5.934483E-05        3.557506E-10
1.000000        5.922465E-05       -0.0001185695       -5.934483E-05        3.557506E-10
1.010000        5.922465E-05       -0.0001185695       -5.934483E-05        3.557506E-10
1.020000        5.922467E-05       -0.0001185695       -5.934483E-05        3.557506E-10
1.030000        5.922471E-05       -0.0001185695       -5.934483E-05        3.557506E-10
1.040000        5.922475E-05       -0.0001185696       -5.934483E-05        3.557506E-10
1.050000        5.922481E-05       -0.0001185696       -5.934483E-05        3.557506E-10
1.060000        5.922488E-05       -0.0001185697       -5.934483E-05        3.557506E-10
1.070000        5.922496E-05       -0.0001185698       -5.934483E-05        3.557506E-10
1.080000        5.922505E-05       -0.0001185699       -5.934483E-05        3.557506E-10
1.090000        5.922515E-05       -0.0001185700       -5.934483E-05        3.557506E-10
1.100000        5.922526E-05       -0.0001185701       -5.934483E-05        3.557506E-10
1.110000        5.922539E-05       -0.0001185702       -5.934483E-05        3.557506E-10
1.120000        5.922552E-05       -0.0001185704       -5.934484E-05        3.557506E-10
1.130000        5.922566E-05       -0.0001185705       -5.934484E-05        3.557506E-10
1.140000        5.922581E-05       -0.0001185706       -5.934484E-05        3.557506E-10
1.150000        5.922597E-05       -0.0001185708       -5.934484E-05        3.557506E-10
1.160000        5.922613E-05       -0.0001185710       -5.934484E-05        3.557506E-10
1.170000        5.922631E-05       -0.0001185711       -5.934484E-05        3.557506E-10
1.180000        5.922648E-05       -0.0001185713       -5.934484E-05        3.557506E-10
1.190000        5.922667E-05       -0.0001185715       -5.934484E-05        3.557506E-10
1.200000        5.922685E-05       -0.0001185717       -5.934484E-05        3.557506E-10
1.210000        5.922704E-05       -0.0001185719       -5.934484E-05        3.557506E-10
1.220000        5.922724E-05       -0.0001185721       -5.934484E-05        3.557506E-10
1.230000        5.922743E-05       -0.0001185723       -5.934484E-05        3.557506E-10
1.240000        5.922763E-05       -0.0001185725       -5.934484E-05        3.557506E-10
1.250000        5.922783E-05       -0.0001185727       -5.934484E-05        3.557506E-10
1.260000        5.922803E-05       -0.0001185729       -5.934484E-05        3.557506E-10
1.270000        5.922823E-05       -0.0001185731       -5.934484E-05        3.557506E-10
1.280000        5.922842E-05       -0.0001185733       -5.934484E-05        3.557506E-10
1.290000        5.922862E-05       -0.0001185735       -5.934484E-05        3.557506E-10
1.300000        5.922881E-05       -0.0001185736       -5.934484E-05        3.557506E-10
1.310000        5.922899E-05       -0.0001185738       -5.934484E-05        3.557506E-10
1.320000        5.922917E-05       -0.0001185740       -5.934484E-05        3.557506E-10
1.330000        5.922935E-05       -0.0001185742       -5.934484E-05        3.557506E-10
1.340000        5.922952E-05       -0.0001185744       -5.934484E-05        3.557506E-10
1.350000        5.922968E-05       -0.0001185745       -5.934484E-05        3.557506E-10
1.360000        5.922984E-05       -0.0001185747       -5.934484E-05        3.557506E-10
1.370000        5.922999E-05       -0.0001185748       -5.934484E-05        3.557506E-10
1.380000        5.923012E-05       -0.0001185750       -5.934484E-05        3.557506E-10
1.390000        5.923025E-05       -0.0001185751       -5.934484E-05        3.557506E-10
1.400000        5.923037E-05       -0.0001185752       -5.934484E-05        3.557506E-10
1.410000        5.923048E-05       -0.0001185753       -5.934484E-05        3.557506E-10
1.420000        5.923058E-05       -0.0001185754       -5.934484E-05        3.557506E-10
1.430000        5.923067E-05       -0.0001185755       -5.934484E-05        3.557506E-10
1.440000        5.923075E-05       -0.0001185756       -5.934484E-05        3.557506E-10
1.450000        5.923081E-05       -0.0001185757       -5.934484E-05        3.557506E-10
1.460000        5.923087E-05       -0.0001185757       -5.934484E-05        3.557506E-10
1.470000        5.923091E-05       -0.0001185757       -5.934484E-05        3.557506E-10
1.480000        5.923094E-05       -0.0001185758       -5.934484E-05        3.557506E-10
1.490000        5.923095E-05       -0.0001185758       -5.934484E-05        3.557506E-10
1.500000        5.923096E-05       -0.0001185758       -5.934484E-05        3.557506E-10
1.510000        5.923095E-05       -0.0001185758       -5.934484E-05        3.557506E-10
1.520000        5.923093E-05       -0.0001185758       -5.934484E-05        3.557506E-10
1.530000        5.923089E-05       -0.0001185757       -5.934484E-05        3.557506E-10
1.540000        5.923085E-05       -0.0001185757       -5.934484E-05        3.557506E-10
1.550000        5.923079E-05       -0.0001185756       -5.934484E-05        3.557506E-10
1.560000        5.923072E-05       -0.0001185756       -5.934484E-05        3.557506E-10
1.570000        5.923064E-05       -0.0001185755       -5.934484E-05        3.557506E-10
1.580000        5.923055E-05       -0.0001185754       -5.934484E-05        3.557506E-10
1.590000        5.923045E-05       -0.0001185753       -5.934484E-05        3.557506E-10
1.600000        5.923033E-05       -0.0001185752       -5.934484E-05        3.557506E-10
1.610000        5.923021E-05       -0.0001185750       -5.934484E-05        3.557506E-10
1.620000        5.923008E-05       -0.0001185749       -5.934484E-05        3.557506E-10
1.630000        5.922993E-05       -0.0001185748       -5.934484E-05        3.557506E-10
1.640000        5.922978E-05       -0.0001185746       -5.934484E-05        3.557506E-10
1.650000        5.922962E-05       -0.0001185745       -5.934484E-05        3.557506E-10
1.660000        5.922946E-05       -0.0001185743       -5.934484E-05        3.557506E-10
1.670000        5.922929E-05       -0.0001185741       -5.934484E-05        3.557506E-10
1.680000        5.922911E-05       -0.0001185739       -5.934484E-05        3.557506E-10
1.690000        5.922893E-05       -0.0001185738       -5.934484E-05        3.557506E-10
1.700000        5.922874E-05       -0.0001185736       -5.934484E-05        3.557506E-10
1.710000        5.922855E-05       -0.0001185734       -5.934484E-05        3.557506E-10
1.720000        5.922835E-05       -0.0001185732       -5.934484E-05        3.557506E-10
1.730000        5.922816E-05       -0.0001185730       -5.934484E-05        3.557506E-10
1.740000        5.922796E-05       -0.0001185728       -5.934484E-05        3.557506E-10
1.750000        5.922776E-05       -0.0001185726       -5.934484E-05        3.557506E-10
1.760000        5.922756E-05       -0.0001185724       -5.934484E-05        3.557506E-10
1.770000        5.922736E-05       -0.0001185722       -5.934484E-05        3.557506E-10
1.780000        5.922717E-05       -0.0001185720       -5.934484E-05        3.557506E-10
1.790000        5.922698E-05       -0.0001185718       -5.934484E-05        3.557506E-10
1.800000        5.922679E-05       -0.0001185716       -5.934484E-05        3.557506E-10
1.810000        5.922660E-05       -0.0001185714       -5.934484E-05        3.557506E-10
1.820000        5.922642E-05       -0.0001185713       -5.934484E-05        3.557506E-10
1.830000        5.922624E-05       -0.0001185711       -5.934484E-05        3.557506E-10
1.840000        5.922607E-05       -0.0001185709       -5.934484E-05        3.557506E-10
1.850000        5.922591E-05       -0.0001185707       -5.934484E-05        3.557506E-10
1.860000        5.922576E-05       -0.0001185706       -5.934484E-05        3.557506E-10
1.870000        5.922561E-05       -0.0001185704       -5.934484E-05        3.557506E-10
1.880000        5.922547E-05       -0.0001185703       -5.934483E-05        3.557506E-10
1.890000        5.922534E-05       -0.0001185702       -5.934483E-05        3.557506E-10
1.900000        5.922522E-05       -0.0001185701       -5.934483E-05        3.557506E-10
1.910000        5.922511E-05       -0.0001185699       -5.934483E-05        3.557506E-10
1.920000        5.922501E-05       -0.0001185698       -5.934483E-05        3.557506E-10
1.930000        5.922493E-05       -0.0001185698       -5.934483E-05        3.557506E-10
1.940000        5.922485E-05       -0.0001185697       -5.934483E-05        3.557506E-10
1.950000        5.922479E-05       -0.0001185696       -5.934483E-05        3.557506E-10
1.960000        5.922473E-05       -0.0001185696       -5.934483E-05        3.557506E-10
1.970000        5.922469E-05       -0.0001185695       -5.934483E-05        3.557506E-10
1.980000        5.922466E-05       -0.0001185695       -5.934483E-05        3.557506E-10
1.990000        5.922465E-05       -0.0001185695       -5.934483E-05        3.557506E-10
2.000000        5.922465E-05       -0.0001185695       -5.934483E-05        3.557506E-10
2.010000        5.922465E-05       -0.0001185695       -5.934483E-05        3.557506E-10
2.020000        5.922468E-05       -0.0001185695       -5.934483E-05        3.557506E-10
2.030000        5.922471E-05       -0.0001185695       -5.934483E-05        3.557506E-10
2.040000        5.922476E-05       -0.0001185696       -5.934483E-05        3.557506E-10
2.050000        5.922482E-05       -0.0001185696       -5.934483E-05        3.557506E-10
2.060000        5.922489E-05       -0.0001185697       -5.934483E-05        3.557506E-10
2.070000        5.922497E-05       -0.0001185698       -5.934483E-05        3.557506E-10
2.080000        5.922506E-05       -0.0001185699       -5.934483E-05        3.557506E-10
2.090000        5.922516E-05       -0.0001185700       -5.934483E-05        3.557506E-10
2.100000        5.922528E-05       -0.0001185701       -5.934483E-05        3.557506E-10
2.110000        5.922540E-05       -0.0001185702       -5.934483E-05        3.557506E-10
2.120000        5.922554E-05       -0.0001185704       -5.934484E-05        3.557506E-10
2.130000        5.922568E-05       -0.0001185705       -5.934484E-05        3.557506E-10
2.140000        5.922583E-05       -0.0001185707       -5.934484E-05        3.557506E-10
2.150000        5.922599E-05       -0.0001185708       -5.934484E-05        3.557506E-10
2.160000        5.922615E-05       -0.0001185710       -5.934484E-05        3.557506E-10
2.170000        5.922633E-05       -0.0001185712       -5.934484E-05        3.557506E-10
2.180000        5.922650E-05       -0.0001185713       -5.934484E-05        3.557506E-10
2.190000        5.922669E-05       -0.0001185715       -5.934484E-05        3.557506E-10
2.200000        5.922688E-05       -0.0001185717       -5.934484E-05        3.557506E-10
2.210000        5.922707E-05       -0.0001185719       -5.934484E-05        3.557506E-10
2.220000        5.922726E-05       -0.0001185721       -5.934484E-05        3.557506E-10
2.230000        5.922746E-05       -0.0001185723       -5.934484E-05        3.557506E-10
2.240000        5.922766E-05       -0.0001185725       -5.934484E-05        3.557506E-10
2.250000        5.922785E-05       -0.0001185727       -5.934484E-05        3.557506E-10
2.260000        5.922805E-05       -0.0001185729       -5.934484E-05        3.557506E-10
2.270000        5.922825E-05       -0.0001185731       -5.934484E-05        3.557506E-10
2.280000        5.922845E-05       -0.0001185733       -5.934484E-05        3.557506E-10
2.290000        5.922864E-05       -0.0001185735       -5.934484E-05        3.557506E-10
2.300000        5.922883E-05       -0.0001185737       -5.934484E-05        3.557506E-10
2.310000        5.922901E-05       -0.0001185739       -5.934484E-05        3.557506E-10
2.320000        5.922919E-05       -0.0001185740       -5.934484E-05        3.557506E-10
2.330000        5.922937E-05       -0.0001185742       -5.934484E-05        3.557506E-10
2.340000        5.922954E-05       -0.0001185744       -5.934484E-05        3.557506E-10
2.350000        5.922970E-05       -0.0001185745       -5.934484E-05        3.557506E-10
2.360000        5.922986E-05       -0.0001185747       -5.934484E-05        3.557506E-10
2.370000        5.923000E-05       -0.0001185748       -5.934484E-05        3.557506E-10
2.380000        5.923014E-05       -0.0001185750       -5.934484E-05        3.557506E-10
2.390000        5.923027E-05       -0.0001185751       -5.934484E-05        3.557506E-10
2.400000        5.923039E-05       -0.0001185752       -5.934484E-05        3.557506E-10
2.410000        5.923050E-05       -0.0001185753       -5.934484E-05        3.557506E-10
2.420000        5.923059E-05       -0.0001185754       -5.934484E-05        3.557506E-10
2.430000        5.923068E-05       -0.0001185755       -5.934484E-05        3.557506E-10
2.440000        5.923076E-05       -0.0001185756       -5.934484E-05        3.557506E-10
2.450000        5.923082E-05       -0.0001185757       -5.934484E-05        3.557506E-10
2.460000        5.923087E-05       -0.0001185757       -5.934484E-05        3.557506E-10
2.470000        5.923091E-05       -0.0001185758       -5.934484E-05        3.557506E-10
2.480000        5.923094E-05       -0.0001185758       -5.934484E-05        3.557506E-10
2.490000        5.923095E-05       -0.0001185758       -5.934484E-05        3.557506E-10
2.500000        5.923096E-05       -0.0001185758       -5.934484E-05        3.557506E-10
2.510000        5.923095E-05       -0.0001185758       -5.934484E-05        3.557506E-10
2.520000        5.923092E-05       -0.0001185758       -5.934484E-05        3.557506E-10
2.530000        5.923089E-05       -0.0001185757       -5.934484E-05        3.557506E-10
2.540000        5.923084E-05       -0.0001185757       -5.934484E-05        3.557506E-10
2.550000        5.923078E-05       -0.0001185756       -5.934484E-05        3.557506E-10
2.560000        5.923071E-05       -0.0001185756       -5.934484E-05        3.557506E-10
2.570000        5.923063E-05       -0.0001185755       -5.934484E-05        3.557506E-10
2.580000        5.923054E-05       -0.0001185754       -5.934484E-05        3.557506E-10
2.590000        5.923043E-05       -0.0001185753       -5.934484E-05        3.557506E-10
2.600000        5.923032E-05       -0.0001185752       -5.934484E-05        3.557506E-10
2.610000        5.923019E-05       -0.0001185750       -5.934484E-05        3.557506E-10
2.620000        5.923006E-05       -0.0001185749       -5.934484E-05        3.557506E-10
2.630000        5.922992E-05       -0.0001185748       -5.934484E-05        3.557506E-10
2.640000        5.922976E-05       -0.0001185746       -5.934484E-05        3.557506E-10
2.650000        5.922961E-05       -0.0001185744       -5.934484E-05        3.557506E-10
2.660000        5.922944E-05       -0.0001185743       -5.934484E-05        3.557506E-10
2.670000        5.922927E-05       -0.0001185741       -5.934484E-05        3.557506E-10
2.680000        5.922909E-05       -0.0001185739       -5.934484E-05        3.557506E-10
2.690000        5.922890E-05       -0.0001185737       -5.934484E-05        3.557506E-10
2.700000        5.922872E-05       -0.0001185736       -5.934484E-05        3.557506E-10
2.710000        5.922852E-05       -0.0001185734       -5.934484E-05        3.557506E-10
2.720000        5.922833E-05       -0.0001185732       -5.934484E-05        3.557506E-10
2.730000        5.922813E-05       -0.0001185730       -5.934484E-05        3.557506E-10
2.740000        5.922793E-05       -0.0001185728       -5.934484E-05        3.557506E-10
2.750000        5.922774E-05       -0.0001185726       -5.934484E-05        3.557506E-10
2.760000        5.922754E-05       -0.0001185724       -5.934484E-05        3.557506E-10
2.770000        5.922734E-05       -0.0001185722       -5.934484E-05        3.557506E-10
2.780000        5.922715E-05       -0.0001185720       -5.934484E-05        3.557506E-10
2.790000        5.922695E-05       -0.0001185718       -5.934484E-05        3.557506E-10
2.800000        5.922676E-05       -0.0001185716       -5.934484E-05        3.557506E-10
2.810000        5.922658E-05       -0.0001185714       -5.934484E-05        3.557506E-10
2.820000        5.922640E-05       -0.0001185712       -5.934484E-05        3.557506E-10
2.830000        5.922622E-05       -0.0001185711       -5.934484E-05        3.557506E-10
2.840000        5.922605E-05       -0.0001185709       -5.934484E-05        3.557506E-10
2.850000        5.922589E-05       -0.0001185707       -5.934484E-05        3.557506E-10
2.860000        5.922574E-05       -0.0001185706       -5.934484E-05        3.557506E-10
2.870000        5.922559E-05       -0.0001185704       -5.934484E-05        3.557506E-10
2.880000        5.922545E-05       -0.0001185703       -5.934483E-05        3.557506E-10
2.890000        5.922533E-05       -0.0001185702       -5.934483E-05        3.557506E-10
2.900000        5.922521E-05       -0.0001185700       -5.934483E-05        3.557506E-10
2.910000        5.922510E-05       -0.0001185699       -5.934483E-05        3.557506E-10
2.920000        5.922500E-05       -0.0001185698       -5.934483E-05        3.557506E-10
2.930000        5.922492E-05       -0.0001185698       -5.934483E-05        3.557506E-10
2.940000        5.922484E-05       -0.0001185697       -5.934483E-05        3.557506E-10
2.950000        5.922478E-05       -0.0001185696       -5.934483E-05        3.557506E-10
2.960000        5.922473E-05       -0.0001185696       -5.934483E-05        3.557506E-10
2.970000        5.922469E-05       -0.0001185695       -5.934483E-05        3.557506E-10
2.980000        5.922466E-05       -0.0001185695       -5.934483E-05        3.557506E-10
2.990000        5.922465E-05       -0.0001185695       -5.934483E-05        3.557506E-10
3.000000        5.922465E-05       -0.0001185695       -5.934483E-05        3.557506E-10
3.010000        5.922466E-05       -0.0001185695       -5.934483E-05        3.557506E-10
3.020000        5.922468E-05       -0.0001185695       -5.934483E-05        3.557506E-10
3.030000        5.922472E-05       -0.0001185695       -5.934483E-05        3.557506E-10
3.040000        5.922476E-05       -0.0001185696       -5.934483E-05        3.557506E-10
3.050000        5.922482E-05       -0.0001185697       -5.934483E-05        3.557506E-10
3.060000        5.922489E-05       -0.0001185697       -5.934483E-05        3.557506E-10
3.070000        5.922498E-05       -0.0001185698       -5.934483E-05        3.557506E-10
3.080000        5.922507E-05       -0.0001185699       -5.934483E-05        3.557506E-10
3.090000        5.922518E-05       -0.0001185700       -5.934483E-05        3.557506E-10
3.100000        5.922529E-05       -0.0001185701       -5.934483E-05        3.557506E-10
3.110000        5.922542E-05       -0.0001185703       -5.934483E-05        3.557506E-10
3.120000        5.922555E-05       -0.0001185704       -5.934484E-05        3.557506E-10
3.130000        5.922570E-05       -0.0001185705       -5.934484E-05        3.557506E-10
3.140000        5.922585E-05       -0.0001185707       -5.934484E-05        3.557506E-10
3.150000        5.922601E-05       -0.0001185708       -5.934484E-05        3.557506E-10
3.160000        5.922617E-05       -0.0001185710       -5.934484E-05        3.557506E-10
3.170000        5.922635E-05       -0.0001185712       -5.934484E-05        3.557506E-10
3.180000        5.922653E-05       -0.0001185714       -5.934484E-05        3.557506E-10
3.190000        5.922671E-05       -0.0001185715       -5.934484E-05        3.557506E-10
3.200000        5.922690E-05       -0.0001185717       -5.934484E-05        3.557506E-10
3.210000        5.922709E-05       -0.0001185719       -5.934484E-05        3.557506E-10
3.220000        5.922728E-05       -0.0001185721       -5.934484E-05        3.557506E-10
3.230000        5.922748E-05       -0.0001185723       -5.934484E-05        3.557506E-10
3.240000        5.922768E-05       -0.0001185725       -5.934484E-05        3.557506E-10
3.250000        5.922788E-05       -0.0001185727       -5.934484E-05        3.557506E-10
3.260000        5.922808E-05       -0.0001185729       -5.934484E-05        3.557506E-10
3.270000        5.922827E-05       -0.0001185731       -5.934484E-05        3.557506E-10
3.280000        5.922847E-05       -0.0001185733       -5.934484E-05        3.557506E-10
3.290000        5.922866E-05       -0.0001185735       -5.934484E-05        3.557506E-10
3.300000        5.922885E-05       -0.0001185737       -5.934484E-05        3.557506E-10
3.310000        5.922904E-05       -0.0001185739       -5.934484E-05        3.557506E-10
3.320000        5.922922E-05       -0.0001185741       -5.934484E-05        3.557506E-10
3.330000        5.922939E-05       -0.0001185742       -5.934484E-05        3.557506E-10
3.340000        5.922956E-05       -0.0001185744       -5.934484E-05        3.557506E-10
3.350000        5.922972E-05       -0.0001185746       -5.934484E-05        3.557506E-10
3.360000        5.922987E-05       -0.0001185747       -5.934484E-05        3.557506E-10
3.370000        5.923002E-05       -0.0001185749       -5.934484E-05        3.557506E-10
3.380000        5.923016E-05       -0.0001185750       -5.934484E-05        3.557506E-10
3.390000        5.923028E-05       -0.0001185751       -5.934484E-05        3.557506E-10
3.400000        5.923040E-05       -0.0001185752       -5.934484E-05        3.557506E-10
3.410000        5.923051E-05       -0.0001185753       -5.934484E-05        3.557506E-10
3.420000        5.923061E-05       -0.0001185754       -5.934484E-05        3.557506E-10
3.430000        5.923069E-05       -0.0001185755       -5.934484E-05        3.557506E-10
3.440000        5.923077E-05       -0.0001185756       -5.934484E-05        3.557506E-10
3.450000        5.923083E-05       -0.0001185757       -5.934484E-05        3.557506E-10
3.460000        5.923088E-05       -0.0001185757       -5.934484E-05        3.557506E-10
3.470000        5.923092E-05       -0.0001185758       -5.934484E-05        3.557506E-10
3.480000        5.923094E-05       -0.0001185758       -5.934484E-05        3.557506E-10
3.490000        5.923096E-05       -0.0001185758       -5.934484E-05        3.557506E-10
3.500000        5.923096E-05       -0.0001185758       -5.934484E-05        3.557506E-10
3.510000        5.923095E-05       -0.0001185758       -5.934484E-05        3.557506E-10
3.520000        5.923092E-05       -0.0001185758       -5.934484E-05        3.557506E-10
3.530000        5.923089E-05       -0.0001185757       -5.934484E-05        3.557506E-10
3.540000        5.923084E-05       -0.0001185757       -5.934484E-05        3.557506E-10
3.550000        5.923078E-05       -0.0001185756       -5.934484E-05        3.557506E-10
3.560000        5.923070E-05       -0.0001185755       -5.934484E-05        3.557506E-10
3.570000        5.923062E-05       -0.0001185755       -5.934484E-05        3.557506E-10
3.580000        5.923053E-05       -0.0001185754       -5.934484E-05        3.557506E-10
3.590000        5.923042E-05       -0.0001185753       -5.934484E-05        3.557506E-10
3.600000        5.923030E-05       -0.0001185751       -5.934484E-05        3.557506E-10
3.610000        5.923018E-05       -0.0001185750       -5.934484E-05        3.557506E-10
3.620000        5.923004E-05       -0.0001185749       -5.934484E-05        3.557506E-10
3.630000        5.922990E-05       -0.0001185747       -5.934484E-05        3.557506E-10
3.640000        5.922975E-05       -0.0001185746       -5.934484E-05        3.557506E-10
3.650000        5.922959E-05       -0.0001185744       -5.934484E-05        3.557506E-10
3.660000        5.922942E-05       -0.0001185743       -5.934484E-05        3.557506E-10
3.670000        5.922925E-05       -0.0001185741       -5.934484E-05        3.557506E-10
3.680000        5.922907E-05       -0.0001185739       -5.934484E-05        3.557506E-10
3.690000        5.922888E-05       -0.0001185737       -5.934484E-05        3.557506E-10
3.700000        5.922869E-05       -0.0001185735       -5.934484E-05        3.557506E-10
3.710000        5.922850E-05       -0.0001185733       -5.934484E-05        3.557506E-10
3.720000        5.922831E-05       -0.0001185731       -5.934484E-05        3.557506E-10
3.730000        5.922811E-05       -0.0001185729       -5.934484E-05        3.557506E-10
3.740000        5.922791E-05       -0.0001185727       -5.934484E-05        3.557506E-10
3.750000        5.922771E-05       -0.0001185725       -5.934484E-05        3.557506E-10
3.760000        5.922751E-05       -0.0001185724       -5.934484E-05        3.557506E-10
3.770000        5.922732E-05       -0.0001185722       -5.934484E-05        3.557506E-10
3.780000        5.922712E-05       -0.0001185720       -5.934484E-05        3.557506E-10
3.790000        5.922693E-05       -0.0001185718       -5.934484E-05        3.557506E-10
3.800000        5.922674E-05       -0.0001185716       -5.934484E-05        3.557506E-10
3.810000        5.922656E-05       -0.0001185714       -5.934484E-05        3.557506E-10
3.820000        5.922638E-05       -0.0001185712       -5.934484E-05        3.557506E-10
3.830000        5.922620E-05       -0.0001185710       -5.934484E-05        3.557506E-10
3.840000        5.922603E-05       -0.0001185709       -5.934484E-05        3.557506E-10
3.850000        5.922587E-05       -0.0001185707       -5.934484E-05        3.557506E-10
3.860000        5.922572E-05       -0.0001185706       -5.934484E-05        3.557506E-10
3.870000        5.922558E-05       -0.0001185704       -5.934484E-05        3.557506E-10
3.880000        5.922544E-05       -0.0001185703       -5.934483E-05        3.557506E-10
3.890000        5.922531E-05       -0.0001185701       -5.934483E-05        3.557506E-10
3.900000        5.922519E-05       -0.0001185700       -5.934483E-05        3.557506E-10
3.910000        5.922509E-05       -0.0001185699       -5.934483E-05        3.557506E-10
3.920000        5.922499E-05       -0.0001185698       -5.934483E-05        3.557506E-10
3.930000        5.922491E-05       -0.0001185697       -5.934483E-05        3.557506E-10
3.940000        5.922483E-05       -0.0001185697       -5.934483E-05        3.557506E-10
3.950000        5.922477E-05       -0.0001185696       -5.934483E-05        3.557506E-10
3.960000        5.922472E-05       -0.0001185696       -5.934483E-05        3.557506E-10
3.970000        5.922468E-05       -0.0001185695       -5.934483E-05        3.557506E-10
3.980000        5.922466E-05       -0.0001185695       -5.934483E-05        3.557506E-10
3.990000        5.922465E-05       -0.0001185695       -5.934483E-05        3.557506E-10
4.000000        5.922465E-05       -0.0001185695       -5.934483E-05        3.557506E-10
4.010000        5.922466E-05       -0.0001185695       -5.934483E-05        3.557506E-10
4.020000        5.922468E-05       -0.0001185695       -5.934483E-05        3.557506E-10
4.030000        5.922472E-05       -0.0001185696       -5.934483E-05        3.557506E-10
4.040000        5.922477E-05       -0.0001185696       -5.934483E-05        3.557506E-10
4.050000        5.922483E-05       -0.0001185697       -5.934483E-05        3.557506E-10
4.060000        5.922490E-05       -0.0001185697       -5.934483E-05        3.557506E-10
4.070000        5.922499E-05       -0.0001185698       -5.934483E-05        3.557506E-10
4.080000        5.922508E-05       -0.0001185699       -5.934483E-05        3.557506E-10
4.090000        5.922519E-05       -0.0001185700       -5.934483E-05        3.557506E-10
4.100000        5.922531E-05       -0.0001185701       -5.934483E-05        3.557506E-10
4.110000        5.922543E-05       -0.0001185703       -5.934483E-05        3.557506E-10
4.120000        5.922557E-05       -0.0001185704       -5.934484E-05        3.557506E-10
4.130000        5.922571E-05       -0.0001185705       -5.934484E-05        3.557506E-10
4.140000        5.922587E-05       -0.0001185707       -5.934484E-05        3.557506E-10
4.150000        5.922603E-05       -0.0001185709       -5.934484E-05        3.557506E-10
4.160000        5.922619E-05       -0.0001185710       -5.934484E-05        3.557506E-10
4.170000        5.922637E-05       -0.0001185712       -5.934484E-05        3.557506E-10
4.180000        5.922655E-05       -0.0001185714       -5.934484E-05        3.557506E-10
4.190000        5.922673E-05       -0.0001185716       -5.934484E-05        3.557506E-10
4.200000        5.922692E-05       -0.0001185718       -5.934484E-05        3.557506E-10
4.210000        5.922711E-05       -0.0001185719       -5.934484E-05        3.557506E-10
4.220000        5.922731E-05       -0.0001185721       -5.934484E-05        3.557506E-10
4.230000        5.922751E-05       -0.0001185723       -5.934484E-05        3.557506E-10
4.240000        5.922770E-05       -0.0001185725       -5.934484E-05        3.557506E-10
4.250000        5.922790E-05       -0.0001185727       -5.934484E-05        3.557506E-10
4.260000        5.922810E-05       -0.0001185729       -5.934484E-05        3.557506E-10
4.270000        5.922830E-05       -0.0001185731       -5.934484E-05        3.557506E-10
4.280000        5.922849E-05       -0.0001185733       -5.934484E-05        3.557506E-10
4.290000        5.922868E-05       -0.0001185735       -5.934484E-05        3.557506E-10
4.300000        5.922887E-05       -0.0001185737       -5.934484E-05        3.557506E-10
4.310000        5.922906E-05       -0.0001185739       -5.934484E-05        3.557506E-10
4.320000        5.922924E-05       -0.0001185741       -5.934484E-05        3.557506E-10
4.330000        5.922941E-05       -0.0001185742       -5.934484E-05        3.557506E-10
4.340000        5.922958E-05       -0.0001185744       -5.934484E-05        3.557506E-10
4.350000        5.922974E-05       -0.0001185746       -5.934484E-05        3.557506E-10
4.360000        5.922989E-05       -0.0001185747       -5.934484E-05        3.557506E-10
4.370000        5.923004E-05       -0.0001185749       -5.934484E-05        3.557506E-10
4.380000        5.923017E-05       -0.0001185750       -5.934484E-05        3.557506E-10
4.390000        5.923030E-05       -0.0001185751       -5.934484E-05        3.557506E-10
4.400000        5.923041E-05       -0.0001185753       -5.934484E-05        3.557506E-10
4.410000        5.923052E-05       -0.0001185754       -5.934484E-05        3.557506E-10
4.420000        5.923062E-05       -0.0001185755       -5.934484E-05        3.557506E-10
4.430000        5.923070E-05       -0.0001185755       -5.934484E-05        3.557506E-10
4.440000        5.923077E-05       -0.0001185756       -5.934484E-05        3.557506E-10
4.450000        5.923083E-05       -0.0001185757       -5.934484E-05        3.557506E-10
4.460000        5.923088E-05       -0.0001185757       -5.934484E-05        3.557506E-10
4.470000        5.923092E-05       -0.0001185758       -5.934484E-05        3.557506E-10
4.480000        5.923094E-05       -0.0001185758       -5.934484E-05        3.557506E-10
4.490000        5.923096E-05       -0.0001185758       -5.934484E-05        3.557506E-10
4.500000        5.923096E-05       -0.0001185758       -5.934484E-05        3.557506E-10
4.510000        5.923094E-05       -0.0001185758       -5.934484E-05        3.557506E-10
4.520000        5.923092E-05       -0.0001185758       -5.934484E-05        3.557506E-10
4.530000        5.923088E-05       -0.0001185757       -5.934484E-05        3.557506E-10
4.540000        5.923083E-05       -0.0001185757       -5.934484E-05        3.557506E-10
4.550000        5.923077E-05       -0.0001185756       -5.934484E-05        3.557506E-10
4.560000        5.923069E-05       -0.0001185755       -5.934484E-05        3.557506E-10
4.570000        5.923061E-05       -0.0001185754       -5.934484E-05        3.557506E-10
4.580000        5.923051E-05       -0.0001185754       -5.934484E-05        3.557506E-10
4.590000        5.923041E-05       -0.0001185752       -5.934484E-05        3.557506E-10
4.600000        5.923029E-05       -0.0001185751       -5.934484E-05        3.557506E-10
4.610000        5.923016E-05       -0.0001185750       -5.934484E-05        3.557506E-10
4.620000        5.923003E-05       -0.0001185749       -5.934484E-05        3.557506E-10
4.630000        5.922988E-05       -0.0001185747       -5.934484E-05        3.557506E-10
4.640000        5.922973E-05       -0.0001185746       -5.934484E-05        3.557506E-10
4.650000        5.922957E-05       -0.0001185744       -5.934484E-05        3.557506E-10
4.660000        5.922940E-05       -0.0001185742       -5.934484E-05        3.557506E-10
4.670000        5.922922E-05       -0.0001185741       -5.934484E-05        3.557506E-10
4.680000        5.922904E-05       -0.0001185739       -5.934484E-05        3.557506E-10
4.690000        5.922886E-05       -0.0001185737       -5.934484E-05        3.557506E-10
4.700000        5.922867E-05       -0.0001185735       -5.934484E-05        3.557506E-10
4.710000        5.922848E-05       -0.0001185733       -5.934484E-05        3.557506E-10
4.720000        5.922828E-05       -0.0001185731       -5.934484E-05        3.557506E-10
4.730000        5.922809E-05       -0.0001185729       -5.934484E-05        3.557506E-10
4.740000        5.922789E-05       -0.0001185727       -5.934484E-05        3.557506E-10
4.750000        5.922769E-05       -0.0001185725       -5.934484E-05        3.557506E-10
4.760000        5.922749E-05       -0.0001185723       -5.934484E-05        3.557506E-10
4.770000        5.922729E-05       -0.0001185721       -5.934484E-05        3.557506E-10
4.780000        5.922710E-05       -0.0001185719       -5.934484E-05        3.557506E-10
4.790000        5.922691E-05       -0.0001185717       -5.934484E-05        3.557506E-10
4.800000        5.922672E-05       -0.0001185716       -5.934484E-05        3.557506E-10
4.810000        5.922653E-05       -0.0001185714       -5.934484E-05        3.557506E-10
4.820000        5.922636E-05       -0.0001185712       -5.934484E-05        3.557506E-10
4.830000        5.922618E-05       -0.0001185710       -5.934484E-05        3.557506E-10
4.840000        5.922601E-05       -0.0001185709       -5.934484E-05        3.557506E-10
4.850000        5.922585E-05       -0.0001185707       -5.934484E-05        3.557506E-10
4.860000        5.922570E-05       -0.0001185705       -5.934484E-05        3.557506E-10
4.870000        5.922556E-05       -0.0001185704       -5.934484E-05        3.557506E-10
4.880000        5.922542E-05       -0.0001185703       -5.934483E-05        3.557506E-10
4.890000        5.922530E-05       -0.0001185701       -5.934483E-05        3.557506E-10
4.900000        5.922518E-05       -0.0001185700       -5.934483E-05        3.557506E-10
4.910000        5.922508E-05       -0.0001185699       -5.934483E-05        3.557506E-10
4.920000        5.922498E-05       -0.0001185698       -5.934483E-05        3.557506E-10
4.930000        5.922490E-05       -0.0001185697       -5.934483E-05        3.557506E-10
4.940000        5.922483E-05       -0.0001185697       -5.934483E-05        3.557506E-10
4.950000        5.922477E-05       -0.0001185696       -5.934483E-05        3.557506E-10
4.960000        5.922472E-05       -0.0001185696       -5.934483E-05        3.557506E-10
4.970000        5.922468E-05       -0.0001185695       -5.934483E-05        3.557506E-10
4.980000        5.922466E-05       -0.0001185695       -5.934483E-05        3.557506E-10
4.990000        5.922465E-05       -0.0001185695       -5.934483E-05        3.557506E-10
5.000000        5.922465E-05       -0.0001185695       -5.934483E-05        3.557506E-10
5.010000        5.922466E-05       -0.0001185695       -5.934483E-05        3.557506E-10
5.020000        5.922469E-05       -0.0001185695       -5.934483E-05        3.557506E-10
5.030000        5.922473E-05       -0.0001185696       -5.934483E-05        3.557506E-10
5.040000        5.922478E-05       -0.0001185696       -5.934483E-05        3.557506E-10
5.050000        5.922484E-05       -0.0001185697       -5.934483E-05        3.557506E-10
5.060000        5.922491E-05       -0.0001185697       -5.934483E-05        3.557506E-10
5.070000        5.922500E-05       -0.0001185698       -5.934483E-05        3.557506E-10
5.080000        5.922510E-05       -0.0001185699       -5.934483E-05        3.557506E-10
5.090000        5.922520E-05       -0.0001185700       -5.934483E-05        3.557506E-10
5.100000        5.922532E-05       -0.0001185702       -5.934483E-05        3.557506E-10
5.110000        5.922545E-05       -0.0001185703       -5.934483E-05        3.557506E-10
5.120000        5.922559E-05       -0.0001185704       -5.934484E-05        3.557506E-10
5.130000        5.922573E-05       -0.0001185706       -5.934484E-05        3.557506E-10
5.140000        5.922588E-05       -0.0001185707       -5.934484E-05        3.557506E-10
5.150000        5.922605E-05       -0.0001185709       -5.934484E-05        3.557506E-10
5.160000        5.922621E-05       -0.0001185711       -5.934484E-05        3.557506E-10
5.170000        5.922639E-05       -0.0001185712       -5.934484E-05        3.557506E-10
5.180000        5.922657E-05       -0.0001185714       -5.934484E-05        3.557506E-10
5.190000        5.922675E-05       -0.0001185716       -5.934484E-05        3.557506E-10
5.200000        5.922694E-05       -0.0001185718       -5.934484E-05        3.557506E-10
5.210000        5.922714E-05       -0.0001185720       -5.934484E-05        3.557506E-10
5.220000        5.922733E-05       -0.0001185722       -5.934484E-05        3.557506E-10
5.230000        5.922753E-05       -0.0001185724       -5.934484E-05        3.557506E-10
5.240000        5.922773E-05       -0.0001185726       -5.934484E-05        3.557506E-10
5.250000        5.922793E-05       -0.0001185728       -5.934484E-05        3.557506E-10
5.260000        5.922812E-05       -0.0001185730       -5.934484E-05        3.557506E-10
5.270000        5.922832E-05       -0.0001185732       -5.934484E-05        3.557506E-10
5.280000        5.922851E-05       -0.0001185734       -5.934484E-05        3.557506E-10
5.290000        5.922871E-05       -0.0001185735       -5.934484E-05        3.557506E-10
5.300000        5.922889E-05       -0.0001185737       -5.934484E-05        3.557506E-10
5.310000        5.922908E-05       -0.0001185739       -5.934484E-05        3.557506E-10
5.320000        5.922926E-05       -0.0001185741       -5.934484E-05        3.557506E-10
5.330000        5.922943E-05       -0.0001185743       -5.934484E-05        3.557506E-10
5.340000        5.922960E-05       -0.0001185744       -5.934484E-05        3.557506E-10
5.350000        5.922976E-05       -0.0001185746       -5.934484E-05        3.557506E-10
5.360000        5.922991E-05       -0.0001185747       -5.934484E-05        3.557506E-10
5.370000        5.923005E-05       -0.0001185749       -5.934484E-05        3.557506E-10
5.380000        5.923019E-05       -0.0001185750       -5.934484E-05        3.557506E-10
5.390000        5.923031E-05       -0.0001185752       -5.934484E-05        3.557506E-10
5.400000        5.923043E-05       -0.0001185753       -5.934484E-05        3.557506E-10
5.410000        5.923053E-05       -0.0001185754       -5.934484E-05        3.557506E-10
5.420000        5.923063E-05       -0.0001185755       -5.934484E-05        3.557506E-10
5.430000        5.923071E-05       -0.0001185755       -5.934484E-05        3.557506E-10
5.440000        5.923078E-05       -0.0001185756       -5.934484E-05        3.557506E-10
5.450000        5.923084E-05       -0.0001185757       -5.934484E-05        3.557506E-10
5.460000        5.923089E-05       -0.0001185757       -5.934484E-05        3.557506E-10
5.470000        5.923092E-05       -0.0001185758       -5.934484E-05        3.557506E-10
5.480000        5.923095E-05       -0.0001185758       -5.934484E-05        3.557506E-10
5.490000        5.923096E-05       -0.0001185758       -5.934484E-05        3.557506E-10
5.500000        5.923096E-05       -0.0001185758       -5.934484E-05        3.557506E-10
5.510000        5.923094E-05       -0.0001185758       -5.934484E-05        3.557506E-10
5.520000        5.923091E-05       -0.0001185758       -5.934484E-05        3.557506E-10
5.530000        5.923087E-05       -0.0001185757       -5.934484E-05        3.557506E-10
5.540000        5.923082E-05       -0.0001185757       -5.934484E-05        3.557506E-10
5.550000        5.923076E-05       -0.0001185756       -5.934484E-05        3.557506E-10
5.560000        5.923069E-05       -0.0001185755       -5.934484E-05        3.557506E-10
5.570000        5.923060E-05       -0.0001185754       -5.934484E-05        3.557506E-10
5.580000        5.923050E-05       -0.0001185753       -5.934484E-05        3.557506E-10
5.590000        5.923039E-05       -0.0001185752       -5.934484E-05        3.557506E-10
5.600000        5.923027E-05       -0.0001185751       -5.934484E-05        3.557506E-10
5.610000        5.923015E-05       -0.0001185750       -5.934484E-05        3.557506E-10
5.620000        5.923001E-05       -0.0001185748       -5.934484E-05        3.557506E-10
5.630000        5.922986E-05       -0.0001185747       -5.934484E-05        3.557506E-10
5.640000        5.922971E-05       -0.0001185745       -5.934484E-05        3.557506E-10
5.650000        5.922955E-05       -0.0001185744       -5.934484E-05        3.557506E-10
5.660000        5.922938E-05       -0.0001185742       -5.934484E-05        3.557506E-10
5.670000        5.922920E-05       -0.0001185740       -5.934484E-05        3.557506E-10
5.680000        5.922902E-05       -0.0001185739       -5.934484E-05        3.557506E-10
5.690000        5.922884E-05       -0.0001185737       -5.934484E-05        3.557506E-10
5.700000        5.922865E-05       -0.0001185735       -5.934484E-05        3.557506E-10
5.710000        5.922845E-05       -0.0001185733       -5.934484E-05        3.557506E-10
5.720000        5.922826E-05       -0.0001185731       -5.934484E-05        3.557506E-10
5.730000        5.922806E-05       -0.0001185729       -5.934484E-05        3.557506E-10
5.740000        5.922786E-05       -0.0001185727       -5.934484E-05        3.557506E-10
5.750000        5.922767E-05       -0.0001185725       -5.934484E-05        3.557506E-10
5.760000        5.922747E-05       -0.0001185723       -5.934484E-05        3.557506E-10
5.770000        5.922727E-05       -0.0001185721       -5.934484E-05        3.557506E-10
5.780000        5.922708E-05       -0.0001185719       -5.934484E-05        3.557506E-10
5.790000        5.922688E-05       -0.0001185717       -5.934484E-05        3.557506E-10
5.800000        5.922670E-05       -0.0001185715       -5.934484E-05        3.557506E-10
5.810000        5.922651E-05       -0.0001185713       -5.934484E-05        3.557506E-10
5.820000        5.922633E-05       -0.0001185712       -5.934484E-05        3.557506E-10
5.830000        5.922616E-05       -0.0001185710       -5.934484E-05        3.557506E-10
5.840000        5.922600E-05       -0.0001185708       -5.934484E-05        3.557506E-10
5.850000        5.922584E-05       -0.0001185707       -5.934484E-05        3.557506E-10
5.860000        5.922568E-05       -0.0001185705       -5.934484E-05        3.557506E-10
5.870000        5.922554E-05       -0.0001185704       -5.934484E-05        3.557506E-10
5.880000        5.922541E-05       -0.0001185702       -5.934483E-05        3.557506E-10
5.890000        5.922528E-05       -0.0001185701       -5.934483E-05        3.557506E-10
5.900000        5.922517E-05       -0.0001185700       -5.934483E-05        3.557506E-10
5.910000        5.922506E-05       -0.0001185699       -5.934483E-05        3.557506E-10
5.920000        5.922497E-05       -0.0001185698       -5.934483E-05        3.557506E-10
5.930000        5.922489E-05       -0.0001185697       -5.934483E-05        3.557506E-10
5.940000        5.922482E-05       -0.0001185697       -5.934483E-05        3.557506E-10
5.950000        5.922476E-05       -0.0001185696       -5.934483E-05        3.557506E-10
5.960000        5.922471E-05       -0.0001185695       -5.934483E-05        3.557506E-10
5.970000        5.922468E-05       -0.0001185695       -5.934483E-05        3.557506E-10
5.980000        5.922466E-05       -0.0001185695       -5.934483E-05        3.557506E-10
5.990000        5.922465E-05       -0.0001185695       -5.934483E-05        3.557506E-10
6.000000        5.922465E-05       -0.0001185695       -5.934483E-05        3.557506E-10
6.010000        5.922466E-05       -0.0001185695       -5.934483E-05        3.557506E-10
6.020000        5.922469E-05       -0.0001185695       -5.934483E-05        3.557506E-10
6.030000        5.922473E-05       -0.0001185696       -5.934483E-05        3.557506E-10
6.040000        5.922478E-05       -0.0001185696       -5.934483E-05        3.557506E-10
6.050000        5.922485E-05       -0.0001185697       -5.934483E-05        3.557506E-10
6.060000        5.922492E-05       -0.0001185698       -5.934483E-05        3.557506E-10
6.070000        5.922501E-05       -0.0001185698       -5.934483E-05        3.557506E-10
6.080000        5.922511E-05       -0.0001185699       -5.934483E-05        3.557506E-10
6.090000        5.922522E-05       -0.0001185701       -5.934483E-05        3.557506E-10
6.100000        5.922534E-05       -0.0001185702       -5.934483E-05        3.557506E-10
6.110000        5.922546E-05       -0.0001185703       -5.934483E-05        3.557506E-10
6.120000        5.922560E-05       -0.0001185704       -5.934484E-05        3.557506E-10
6.130000        5.922575E-05       -0.0001185706       -5.934484E-05        3.557506E-10
6.140000        5.922590E-05       -0.0001185707       -5.934484E-05        3.557506E-10
6.150000        5.922607E-05       -0.0001185709       -5.934484E-05        3.557506E-10
6.160000        5.922623E-05       -0.0001185711       -5.934484E-05        3.557506E-10
6.170000        5.922641E-05       -0.0001185712       -5.934484E-05        3.557506E-10
6.180000        5.922659E-05       -0.0001185714       -5.934484E-05        3.557506E-10
6.190000        5.922678E-05       -0.0001185716       -5.934484E-05        3.557506E-10
6.200000        5.922697E-05       -0.0001185718       -5.934484E-05        3.557506E-10
6.210000        5.922716E-05       -0.0001185720       -5.934484E-05        3.557506E-10
6.220000        5.922735E-05       -0.0001185722       -5.934484E-05        3.557506E-10
6.230000        5.922755E-05       -0.0001185724       -5.934484E-05        3.557506E-10
6.240000        5.922775E-05       -0.0001185726       -5.934484E-05        3.557506E-10
6.250000        5.922795E-05       -0.0001185728       -5.934484E-05        3.557506E-10
6.260000        5.922815E-05       -0.0001185730       -5.934484E-05        3.557506E-10
6.270000        5.922834E-05       -0.0001185732       -5.934484E-05        3.557506E-10
6.280000        5.922854E-05       -0.0001185734       -5.934484E-05        3.557506E-10
6.290000        5.922873E-05       -0.0001185736       -5.934484E-05        3.557506E-10
6.300000        5.922892E-05       -0.0001185738       -5.934484E-05        3.557506E-10
6.310000        5.922910E-05       -0.0001185739       -5.934484E-05        3.557506E-10
6.320000        5.922928E-05       -0.0001185741       -5.934484E-05        3.557506E-10
6.330000        5.922945E-05       -0.0001185743       -5.934484E-05        3.557506E-10
6.340000        5.922962E-05       -0.0001185745       -5.934484E-05        3.557506E-10
6.350000        5.922978E-05       -0.0001185746       -5.934484E-05        3.557506E-10
6.360000        5.922993E-05       -0.0001185748       -5.934484E-05        3.557506E-10
6.370000        5.923007E-05       -0.0001185749       -5.934484E-05        3.557506E-10
6.380000        5.923020E-05       -0.0001185750       -5.934484E-05        3.557506E-10
6.390000        5.923033E-05       -0.0001185752       -5.934484E-05        3.557506E-10
6.400000        5.923044E-05       -0.0001185753       -5.934484E-05        3.557506E-10
6.410000        5.923054E-05       -0.0001185754       -5.934484E-05        3.557506E-10
6.420000        5.923064E-05       -0.0001185755       -5.934484E-05        3.557506E-10
6.430000        5.923072E-05       -0.0001185756       -5.934484E-05        3.557506E-10
6.440000        5.923079E-05       -0.0001185756       -5.934484E-05        3.557506E-10
6.450000        5.923085E-05       -0.0001185757       -5.934484E-05        3.557506E-10
6.460000        5.923089E-05       -0.0001185757       -5.934484E-05        3.557506E-10
6.470000        5.923093E-05       -0.0001185758       -5.934484E-05        3.557506E-10
6.480000        5.923095E-05       -0.0001185758       -5.934484E-05        3.557506E-10
6.490000        5.923096E-05       -0.0001185758       -5.934484E-05        3.557506E-10
6.500000        5.923095E-05       -0.0001185758       -5.934484E-05        3.557506E-10
6.510000        5.923094E-05       -0.0001185758       -5.934484E-05        3.557506E-10
6.520000        5.923091E-05       -0.0001185758       -5.934484E-05        3.557506E-10
6.530000        5.923087E-05       -0.0001185757       -5.934484E-05        3.557506E-10
6.540000        5.923082E-05       -0.0001185757       -5.934484E-05        3.557506E-10
6.550000        5.923075E-05       -0.0001185756       -5.934484E-05        3.557506E-10
6.560000        5.923068E-05       -0.0001185755       -5.934484E-05        3.557506E-10
6.570000        5.923059E-05       -0.0001185754       -5.934484E-05        3.557506E-10
6.580000        5.923049E-05       -0.0001185753       -5.934484E-05        3.557506E-10
6.590000        5.923038E-05       -0.0001185752       -5.934484E-05        3.557506E-10
6.600000        5.923026E-05       -0.0001185751       -5.934484E-05        3.557506E-10
6.610000        5.923013E-05       -0.0001185750       -5.934484E-05        3.557506E-10
6.620000        5.922999E-05       -0.0001185748       -5.934484E-05        3.557506E-10
6.630000        5.922985E-05       -0.0001185747       -5.934484E-05        3.557506E-10
6.640000        5.922969E-05       -0.0001185745       -5.934484E-05        3.557506E-10
6.650000        5.922953E-05       -0.0001185744       -5.934484E-05        3.557506E-10
6.660000        5.922936E-05       -0.0001185742       -5.934484E-05        3.557506E-10
6.670000        5.922918E-05       -0.0001185740       -5.934484E-05        3.557506E-10
6.680000        5.922900E-05       -0.0001185738       -5.934484E-05        3.557506E-10
6.690000        5.922881E-05       -0.0001185737       -5.934484E-05        3.557506E-10
6.700000        5.922862E-05       -0.0001185735       -5.934484E-05        3.557506E-10
6.710000        5.922843E-05       -0.0001185733       -5.934484E-05        3.557506E-10
6.720000        5.922824E-05       -0.0001185731       -5.934484E-05        3.557506E-10
6.730000        5.922804E-05       -0.0001185729       -5.934484E-05        3.557506E-10
6.740000        5.922784E-05       -0.0001185727       -5.934484E-05        3.557506E-10
6.750000        5.922764E-05       -0.0001185725       -5.934484E-05        3.557506E-10
6.760000        5.922744E-05       -0.0001185723       -5.934484E-05        3.557506E-10
6.770000        5.922725E-05       -0.0001185721       -5.934484E-05        3.557506E-10
6.780000        5.922705E-05       -0.0001185719       -5.934484E-05        3.557506E-10
6.790000        5.922686E-05       -0.0001185717       -5.934484E-05        3.557506E-10
6.800000        5.922667E-05       -0.0001185715       -5.934484E-05        3.557506E-10
6.810000        5.922649E-05       -0.0001185713       -5.934484E-05        3.557506E-10
6.820000        5.922631E-05       -0.0001185711       -5.934484E-05        3.557506E-10
6.830000        5.922614E-05       -0.0001185710       -5.934484E-05        3.557506E-10
6.840000        5.922598E-05       -0.0001185708       -5.934484E-05        3.557506E-10
6.850000        5.922582E-05       -0.0001185707       -5.934484E-05        3.557506E-10
6.860000        5.922567E-05       -0.0001185705       -5.934484E-05        3.557506E-10
6.870000        5.922553E-05       -0.0001185704       -5.934484E-05        3.557506E-10
6.880000        5.922539E-05       -0.0001185702       -5.934483E-05        3.557506E-10
6.890000        5.922527E-05       -0.0001185701       -5.934483E-05        3.557506E-10
6.900000        5.922516E-05       -0.0001185700       -5.934483E-05        3.557506E-10
6.910000        5.922505E-05       -0.0001185699       -5.934483E-05        3.557506E-10
6.920000        5.922496E-05       -0.0001185698       -5.934483E-05        3.557506E-10
6.930000        5.922488E-05       -0.0001185697       -5.934483E-05        3.557506E-10
6.940000        5.922481E-05       -0.0001185696       -5.934483E-05        3.557506E-10
6.950000        5.922475E-05       -0.0001185696       -5.934483E-05        3.557506E-10
6.960000        5.922471E-05       -0.0001185695       -5.934483E-05        3.557506E-10
6.970000        5.922467E-05       -0.0001185695       -5.934483E-05        3.557506E-10
6.980000        5.922465E-05       -0.0001185695       -5.934483E-05        3.557506E-10
6.990000        5.922465E-05       -0.0001185695       -5.934483E-05        3.557506E-10
7.000000        5.922465E-05       -0.0001185695       -5.934483E-05        3.557506E-10
7.010000        5.922467E-05       -0.0001185695       -5.934483E-05        3.557506E-10
7.020000        5.922470E-05       -0.0001185695       -5.934483E-05        3.557506E-10
7.030000        5.922474E-05       -0.0001185696       -5.934483E-05        3.557506E-10
7.040000        5.922479E-05       -0.0001185696       -5.934483E-05        3.557506E-10
7.050000        5.922486E-05       -0.0001185697       -5.934483E-05        3.557506E-10
7.060000        5.922493E-05       -0.0001185698       -5.934483E-05        3.557506E-10
7.070000        5.922502E-05       -0.0001185699       -5.934483E-05        3.557506E-10
7.080000        5.922512E-05       -0.0001185700       -5.934483E-05        3.557506E-10
7.090000        5.922523E-05       -0.0001185701       -5.934483E-05        3.557506E-10
7.100000        5.922535E-05       -0.0001185702       -5.934483E-05        3.557506E-10
7.110000        5.922548E-05       -0.0001185703       -5.934483E-05        3.557506E-10
7.120000        5.922562E-05       -0.0001185705       -5.934484E-05        3.557506E-10
7.130000        5.922577E-05       -0.0001185706       -5.934484E-05        3.557506E-10
7.140000        5.922592E-05       -0.0001185708       -5.934484E-05        3.557506E-10
7.150000        5.922609E-05       -0.0001185709       -5.934484E-05        3.557506E-10
7.160000        5.922626E-05       -0.0001185711       -5.934484E-05        3.557506E-10
7.170000        5.922643E-05       -0.0001185713       -5.934484E-05        3.557506E-10
7.180000        5.922661E-05       -0.0001185714       -5.934484E-05        3.557506E-10
7.190000        5.922680E-05       -0.0001185716       -5.934484E-05        3.557506E-10
7.200000        5.922699E-05       -0.0001185718       -5.934484E-05        3.557506E-10
7.210000        5.922718E-05       -0.0001185720       -5.934484E-05        3.557506E-10
7.220000        5.922738E-05       -0.0001185722       -5.934484E-05        3.557506E-10
7.230000        5.922758E-05       -0.0001185724       -5.934484E-05        3.557506E-10
7.240000        5.922777E-05       -0.0001185726       -5.934484E-05        3.557506E-10
7.250000        5.922797E-05       -0.0001185728       -5.934484E-05        3.557506E-10
7.260000        5.922817E-05       -0.0001185730       -5.934484E-05        3.557506E-10
7.270000        5.922837E-05       -0.0001185732       -5.934484E-05        3.557506E-10
7.280000        5.922856E-05       -0.0001185734       -5.934484E-05        3.557506E-10
7.290000        5.922875E-05       -0.0001185736       -5.934484E-05        3.557506E-10
7.300000        5.922894E-05       -0.0001185738       -5.934484E-05        3.557506E-10
7.310000        5.922912E-05       -0.0001185740       -5.934484E-05        3.557506E-10
7.320000        5.922930E-05       -0.0001185741       -5.934484E-05        3.557506E-10
7.330000        5.922947E-05       -0.0001185743       -5.934484E-05        3.557506E-10
7.340000        5.922964E-05       -0.0001185745       -5.934484E-05        3.557506E-10
7.350000        5.922979E-05       -0.0001185746       -5.934484E-05        3.557506E-10
7.360000        5.922994E-05       -0.0001185748       -5.934484E-05        3.557506E-10
7.370000        5.923009E-05       -0.0001185749       -5.934484E-05        3.557506E-10
7.380000        5.923022E-05       -0.0001185751       -5.934484E-05        3.557506E-10
7.390000        5.923034E-05       -0.0001185752       -5.934484E-05        3.557506E-10
7.400000        5.923045E-05       -0.0001185753       -5.934484E-05        3.557506E-10
7.410000        5.923056E-05       -0.0001185754       -5.934484E-05        3.557506E-10
7.420000        5.923065E-05       -0.0001185755       -5.934484E-05        3.557506E-10
7.430000        5.923073E-05       -0.0001185756       -5.934484E-05        3.557506E-10
7.440000        5.923080E-05       -0.0001185756       -5.934484E-05        3.557506E-10
7.450000        5.923085E-05       -0.0001185757       -5.934484E-05        3.557506E-10
7.460000        5.923090E-05       -0.0001185757       -5.934484E-05        3.557506E-10
7.470000        5.923093E-05       -0.0001185758       -5.934484E-05        3.557506E-10
7.480000        5.923095E-05       -0.0001185758       -5.934484E-05        3.557506E-10
7.490000        5.923096E-05       -0.0001185758       -5.934484E-05        3.557506E-10
7.500000        5.923095E-05       -0.0001185758       -5.934484E-05        3.557506E-10
7.510000        5.923094E-05       -0.0001185758       -5.934484E-05        3.557506E-10
7.520000        5.923091E-05       -0.0001185757       -5.934484E-05        3.557506E-10
7.530000        5.923086E-05       -0.0001185757       -5.934484E-05        3.557506E-10
7.540000        5.923081E-05       -0.0001185756       -5.934484E-05        3.557506E-10
7.550000        5.923074E-05       -0.0001185756       -5.934484E-05        3.557506E-10
7.560000        5.923067E-05       -0.0001185755       -5.934484E-05        3.557506E-10
7.570000        5.923058E-05       -0.0001185754       -5.934484E-05        3.557506E-10
7.580000        5.923048E-05       -0.0001185753       -5.934484E-05        3.557506E-10
7.590000        5.923037E-05       -0.0001185752       -5.934484E-05        3.557506E-10
7.600000        5.923025E-05       -0.0001185751       -5.934484E-05        3.557506E-10
7.610000        5.923011E-05       -0.0001185750       -5.934484E-05        3.557506E-10
7.620000        5.922998E-05       -0.0001185748       -5.934484E-05        3.557506E-10
7.630000        5.922983E-05       -0.0001185747       -5.934484E-05        3.557506E-10
7.640000        5.922967E-05       -0.0001185745       -5.934484E-05        3.557506E-10
7.650000        5.922951E-05       -0.0001185743       -5.934484E-05        3.557506E-10
7.660000        5.922934E-05       -0.0001185742       -5.934484E-05        3.557506E-10
7.670000        5.922916E-05       -0.0001185740       -5.934484E-05        3.557506E-10
7.680000        5.922898E-05       -0.0001185738       -5.934484E-05        3.557506E-10
7.690000        5.922879E-05       -0.0001185736       -5.934484E-05        3.557506E-10
7.700000        5.922860E-05       -0.0001185734       -5.934484E-05        3.557506E-10
7.710000        5.922841E-05       -0.0001185732       -5.934484E-05        3.557506E-10
7.720000        5.922821E-05       -0.0001185731       -5.934484E-05        3.557506E-10
7.730000        5.922802E-05       -0.0001185729       -5.934484E-05        3.557506E-10
7.740000        5.922782E-05       -0.0001185727       -5.934484E-05        3.557506E-10
7.750000        5.922762E-05       -0.0001185725       -5.934484E-05        3.557506E-10
7.760000        5.922742E-05       -0.0001185723       -5.934484E-05        3.557506E-10
7.770000        5.922722E-05       -0.0001185721       -5.934484E-05        3.557506E-10
7.780000        5.922703E-05       -0.0001185719       -5.934484E-05        3.557506E-10
7.790000        5.922684E-05       -0.0001185717       -5.934484E-05        3.557506E-10
7.800000        5.922665E-05       -0.0001185715       -5.934484E-05        3.557506E-10
7.810000        5.922647E-05       -0.0001185713       -5.934484E-05        3.557506E-10
7.820000        5.922629E-05       -0.0001185711       -5.934484E-05        3.557506E-10
7.830000        5.922612E-05       -0.0001185710       -5.934484E-05        3.557506E-10
7.840000        5.922596E-05       -0.0001185708       -5.934484E-05        3.557506E-10
7.850000        5.922580E-05       -0.0001185706       -5.934484E-05        3.557506E-10
7.860000        5.922565E-05       -0.0001185705       -5.934484E-05        3.557506E-10
7.870000        5.922551E-05       -0.0001185703       -5.934484E-05        3.557506E-10
7.880000        5.922538E-05       -0.0001185702       -5.934483E-05        3.557506E-10
7.890000        5.922525E-05       -0.0001185701       -5.934483E-05        3.557506E-10
7.900000        5.922514E-05       -0.0001185700       -5.934483E-05        3.557506E-10
7.910000        5.922504E-05       -0.0001185699       -5.934483E-05        3.557506E-10
7.920000        5.922495E-05       -0.0001185698       -5.934483E-05        3.557506E-10
7.930000        5.922487E-05       -0.0001185697       -5.934483E-05        3.557506E-10
7.940000        5.922480E-05       -0.0001185696       -5.934483E-05        3.557506E-10
7.950000        5.922475E-05       -0.0001185696       -5.934483E-05        3.557506E-10
7.960000        5.922470E-05       -0.0001185695       -5.934483E-05        3.557506E-10
7.970000        5.922467E-05       -0.0001185695       -5.934483E-05        3.557506E-10
7.980000        5.922465E-05       -0.0001185695       -5.934483E-05        3.557506E-10
7.990000        5.922465E-05       -0.0001185695       -5.934483E-05        3.557506E-10
8.000000        5.922465E-05       -0.0001185695       -5.934483E-05        3.557506E-10
8.010000        5.922467E-05       -0.0001185695       -5.934483E-05        3.557506E-10
8.020000        5.922470E-05       -0.0001185695       -5.934483E-05        3.557506E-10
8.030000        5.922474E-05       -0.0001185696       -5.934483E-05        3.557506E-10
8.040000        5.922480E-05       -0.0001185696       -5.934483E-05        3.557506E-10
8.050000        5.922486E-05       -0.0001185697       -5.934483E-05        3.557506E-10
8.060000        5.922494E-05       -0.0001185698       -5.934483E-05        3.557506E-10
8.070000        5.922503E-05       -0.0001185699       -5.934483E-05        3.557506E-10
8.080000        5.922513E-05       -0.0001185700       -5.934483E-05        3.557506E-10
8.090000        5.922524E-05       -0.0001185701       -5.934483E-05        3.557506E-10
8.100000        5.922537E-05       -0.0001185702       -5.934483E-05        3.557506E-10
8.110000        5.922550E-05       -0.0001185703       -5.934483E-05        3.557506E-10
8.120000        5.922564E-05       -0.0001185705       -5.934484E-05        3.557506E-10
8.130000        5.922578E-05       -0.0001185706       -5.934484E-05        3.557506E-10
8.140000        5.922594E-05       -0.0001185708       -5.934484E-05        3.557506E-10
8.150000        5.922611E-05       -0.0001185709       -5.934484E-05        3.557506E-10
8.160000        5.922628E-05       -0.0001185711       -5.934484E-05        3.557506E-10
8.170000        5.922645E-05       -0.0001185713       -5.934484E-05        3.557506E-10
8.180000        5.922663E-05       -0.0001185715       -5.934484E-05        3.557506E-10
8.190000        5.922682E-05       -0.0001185717       -5.934484E-05        3.557506E-10
8.200000        5.922701E-05       -0.0001185718       -5.934484E-05        3.557506E-10
8.210000        5.922721E-05       -0.0001185720       -5.934484E-05        3.557506E-10
8.220000        5.922740E-05       -0.0001185722       -5.934484E-05        3.557506E-10
8.230000        5.922760E-05       -0.0001185724       -5.934484E-05        3.557506E-10
8.240000        5.922780E-05       -0.0001185726       -5.934484E-05        3.557506E-10
8.250000        5.922800E-05       -0.0001185728       -5.934484E-05        3.557506E-10
8.260000        5.922819E-05       -0.0001185730       -5.934484E-05        3.557506E-10
8.270000        5.922839E-05       -0.0001185732       -5.934484E-05        3.557506E-10
8.280000        5.922858E-05       -0.0001185734       -5.934484E-05        3.557506E-10
8.290000        5.922877E-05       -0.0001185736       -5.934484E-05        3.557506E-10
8.300000        5.922896E-05       -0.0001185738       -5.934484E-05        3.557506E-10
8.310000        5.922914E-05       -0.0001185740       -5.934484E-05        3.557506E-10
8.320000        5.922932E-05       -0.0001185742       -5.934484E-05        3.557506E-10
8.330000        5.922949E-05       -0.0001185743       -5.934484E-05        3.557506E-10
8.340000        5.922966E-05       -0.0001185745       -5.934484E-05        3.557506E-10
8.350000        5.922981E-05       -0.0001185747       -5.934484E-05        3.557506E-10
8.360000        5.922996E-05       -0.0001185748       -5.934484E-05        3.557506E-10
8.370000        5.923010E-05       -0.0001185749       -5.934484E-05        3.557506E-10
8.380000        5.923023E-05       -0.0001185751       -5.934484E-05        3.557506E-10
8.390000        5.923035E-05       -0.0001185752       -5.934484E-05        3.557506E-10
8.400000        5.923047E-05       -0.0001185753       -5.934484E-05        3.557506E-10
8.410000        5.923057E-05       -0.0001185754       -5.934484E-05        3.557506E-10
8.420000        5.923066E-05       -0.0001185755       -5.934484E-05        3.557506E-10
8.430000        5.923074E-05       -0.0001185756       -5.934484E-05        3.557506E-10
8.440000        5.923080E-05       -0.0001185756       -5.934484E-05        3.557506E-10
8.450000        5.923086E-05       -0.0001185757       -5.934484E-05        3.557506E-10
8.460000        5.923090E-05       -0.0001185757       -5.934484E-05        3.557506E-10
8.470000        5.923093E-05       -0.0001185758       -5.934484E-05        3.557506E-10
8.480000        5.923095E-05       -0.0001185758       -5.934484E-05        3.557506E-10
8.490000        5.923096E-05       -0.0001185758       -5.934484E-05        3.557506E-10
8.500000        5.923095E-05       -0.0001185758       -5.934484E-05        3.557506E-10
8.510000        5.923093E-05       -0.0001185758       -5.934484E-05        3.557506E-10
8.520000        5.923090E-05       -0.0001185757       -5.934484E-05        3.557506E-10
8.530000        5.923086E-05       -0.0001185757       -5.934484E-05        3.557506E-10
8.540000        5.923080E-05       -0.0001185756       -5.934484E-05        3.557506E-10
8.550000        5.923073E-05       -0.0001185756       -5.934484E-05        3.557506E-10
8.560000        5.923066E-05       -0.0001185755       -5.934484E-05        3.557506E-10
8.570000        5.923057E-05       -0.0001185754       -5.934484E-05        3.557506E-10
8.580000        5.923046E-05       -0.0001185753       -5.934484E-05        3.557506E-10
8.590000        5.923035E-05       -0.0001185752       -5.934484E-05        3.557506E-10
8.600000        5.923023E-05       -0.0001185751       -5.934484E-05        3.557506E-10
8.610000        5.923010E-05       -0.0001185749       -5.934484E-05        3.557506E-10
8.620000        5.922996E-05       -0.0001185748       -5.934484E-05        3.557506E-10
8.630000        5.922981E-05       -0.0001185746       -5.934484E-05        3.557506E-10
8.640000        5.922965E-05       -0.0001185745       -5.934484E-05        3.557506E-10
8.650000        5.922949E-05       -0.0001185743       -5.934484E-05        3.557506E-10
8.660000        5.922932E-05       -0.0001185742       -5.934484E-05        3.557506E-10
8.670000        5.922914E-05       -0.0001185740       -5.934484E-05        3.557506E-10
8.680000        5.922896E-05       -0.0001185738       -5.934484E-05        3.557506E-10
8.690000        5.922877E-05       -0.0001185736       -5.934484E-05        3.557506E-10
8.700000        5.922858E-05       -0.0001185734       -5.934484E-05        3.557506E-10
8.710000        5.922839E-05       -0.0001185732       -5.934484E-05        3.557506E-10
8.720000        5.922819E-05       -0.0001185730       -5.934484E-05        3.557506E-10
8.730000        5.922799E-05       -0.0001185728       -5.934484E-05        3.557506E-10
8.740000        5.922779E-05       -0.0001185726       -5.934484E-05        3.557506E-10
8.750000        5.922759E-05       -0.0001185724       -5.934484E-05        3.557506E-10
8.760000        5.922740E-05       -0.0001185722       -5.934484E-05        3.557506E-10
8.770000        5.922720E-05       -0.0001185720       -5.934484E-05        3.557506E-10
8.780000        5.922701E-05       -0.0001185718       -5.934484E-05        3.557506E-10
8.790000        5.922682E-05       -0.0001185717       -5.934484E-05        3.557506E-10
8.800000        5.922663E-05       -0.0001185715       -5.934484E-05        3.557506E-10
8.810000        5.922645E-05       -0.0001185713       -5.934484E-05        3.557506E-10
8.820000        5.922627E-05       -0.0001185711       -5.934484E-05        3.557506E-10
8.830000        5.922610E-05       -0.0001185709       -5.934484E-05        3.557506E-10
8.840000        5.922594E-05       -0.0001185708       -5.934484E-05        3.557506E-10
8.850000        5.922578E-05       -0.0001185706       -5.934484E-05        3.557506E-10
8.860000        5.922563E-05       -0.0001185705       -5.934484E-05        3.557506E-10
8.870000        5.922549E-05       -0.0001185703       -5.934483E-05        3.557506E-10
8.880000        5.922536E-05       -0.0001185702       -5.934483E-05        3.557506E-10
8.890000        5.922524E-05       -0.0001185701       -5.934483E-05        3.557506E-10
8.900000        5.922513E-05       -0.0001185700       -5.934483E-05        3.557506E-10
8.910000        5.922503E-05       -0.0001185699       -5.934483E-05        3.557506E-10
8.920000        5.922494E-05       -0.0001185698       -5.934483E-05        3.557506E-10
8.930000        5.922486E-05       -0.0001185697       -5.934483E-05        3.557506E-10
8.940000        5.922480E-05       -0.0001185696       -5.934483E-05        3.557506E-10
8.950000        5.922474E-05       -0.0001185696       -5.934483E-05        3.557506E-10
8.960000        5.922470E-05       -0.0001185695       -5.934483E-05        3.557506E-10
8.970000        5.922467E-05       -0.0001185695       -5.934483E-05        3.557506E-10
8.980000        5.922465E-05       -0.0001185695       -5.934483E-05        3.557506E-10
8.990000        5.922465E-05       -0.0001185695       -5.934483E-05        3.557506E-10
9.000000        5.922465E-05       -0.0001185695       -5.934483E-05        3.557506E-10
9.010000        5.922467E-05       -0.0001185695       -5.934483E-05        3.557506E-10
9.020000        5.922470E-05       -0.0001185695       -5.934483E-05        3.557506E-10
9.030000        5.922475E-05       -0.0001185696       -5.934483E-05        3.557506E-10
9.040000        5.922480E-05       -0.0001185696       -5.934483E-05        3.557506E-10
9.050000        5.922487E-05       -0.0001185697       -5.934483E-05        3.557506E-10
9.060000        5.922495E-05       -0.0001185698       -5.934483E-05        3.557506E-10
9.070000        5.922504E-05       -0.0001185699       -5.934483E-05        3.557506E-10
9.080000        5.922515E-05       -0.0001185700       -5.934483E-05        3.557506E-10
9.090000        5.922526E-05       -0.0001185701       -5.934483E-05        3.557506E-10
9.100000        5.922538E-05       -0.0001185702       -5.934483E-05        3.557506E-10
9.110000        5.922551E-05       -0.0001185703       -5.934484E-05        3.557506E-10
9.120000        5.922565E-05       -0.0001185705       -5.934484E-05        3.557506E-10
9.130000        5.922580E-05       -0.0001185706       -5.934484E-05        3.557506E-10
9.140000        5.922596E-05       -0.0001185708       -5.934484E-05        3.557506E-10
9.150000        5.922613E-05       -0.0001185710       -5.934484E-05        3.557506E-10
9.160000        5.922630E-05       -0.0001185711       -5.934484E-05        3.557506E-10
9.170000        5.922647E-05       -0.0001185713       -5.934484E-05        3.557506E-10
9.180000        5.922666E-05       -0.0001185715       -5.934484E-05        3.557506E-10
9.190000        5.922684E-05       -0.0001185717       -5.934484E-05        3.557506E-10
9.200000        5.922703E-05       -0.0001185719       -5.934484E-05        3.557506E-10
9.210000        5.922723E-05       -0.0001185721       -5.934484E-05        3.557506E-10
9.220000        5.922743E-05       -0.0001185723       -5.934484E-05        3.557506E-10
9.230000        5.922762E-05       -0.0001185725       -5.934484E-05        3.557506E-10
9.240000        5.922782E-05       -0.0001185727       -5.934484E-05        3.557506E-10
9.250000        5.922802E-05       -0.0001185729       -5.934484E-05        3.557506E-10
9.260000        5.922822E-05       -0.0001185731       -5.934484E-05        3.557506E-10
9.270000        5.922841E-05       -0.0001185733       -5.934484E-05        3.557506E-10
9.280000        5.922861E-05       -0.0001185734       -5.934484E-05        3.557506E-10
9.290000        5.922880E-05       -0.0001185736       -5.934484E-05        3.557506E-10
9.300000        5.922898E-05       -0.0001185738       -5.934484E-05        3.557506E-10
9.310000        5.922916E-05       -0.0001185740       -5.934484E-05        3.557506E-10
9.320000        5.922934E-05       -0.0001185742       -5.934484E-05        3.557506E-10
9.330000        5.922951E-05       -0.0001185744       -5.934484E-05        3.557506E-10
9.340000        5.922967E-05       -0.0001185745       -5.934484E-05        3.557506E-10
9.350000        5.922983E-05       -0.0001185747       -5.934484E-05        3.557506E-10
9.360000        5.922998E-05       -0.0001185748       -5.934484E-05        3.557506E-10
9.370000        5.923012E-05       -0.0001185750       -5.934484E-05        3.557506E-10
9.380000        5.923025E-05       -0.0001185751       -5.934484E-05        3.557506E-10
9.390000        5.923037E-05       -0.0001185752       -5.934484E-05        3.557506E-10
9.400000        5.923048E-05       -0.0001185753       -5.934484E-05        3.557506E-10
9.410000        5.923058E-05       -0.0001185754       -5.934484E-05        3.557506E-10
9.420000        5.923067E-05       -0.0001185755       -5.934484E-05        3.557506E-10
9.430000        5.923074E-05       -0.0001185756       -5.934484E-05        3.557506E-10
9.440000        5.923081E-05       -0.0001185757       -5.934484E-05        3.557506E-10
9.450000        5.923086E-05       -0.0001185757       -5.934484E-05        3.557506E-10
9.460000        5.923091E-05       -0.0001185757       -5.934484E-05        3.557506E-10
9.470000        5.923094E-05       -0.0001185758       -5.934484E-05        3.557506E-10
9.480000        5.923095E-05       -0.0001185758       -5.934484E-05        3.557506E-10
9.490000        5.923096E-05       -0.0001185758       -5.934484E-05        3.557506E-10
9.500000        5.923095E-05       -0.0001185758       -5.934484E-05        3.557506E-10
9.510000        5.923093E-05       -0.0001185758       -5.934484E-05        3.557506E-10
9.520000        5.923090E-05       -0.0001185757       -5.934484E-05        3.557506E-10
9.530000        5.923085E-05       -0.0001185757       -5.934484E-05        3.557506E-10
9.540000        5.923079E-05       -0.0001185756       -5.934484E-05        3.557506E-10
9.550000        5.923073E-05       -0.0001185756       -5.934484E-05        3.557506E-10
9.560000        5.923065E-05       -0.0001185755       -5.934484E-05        3.557506E-10
9.570000        5.923055E-05       -0.0001185754       -5.934484E-05        3.557506E-10
9.580000        5.923045E-05       -0.0001185753       -5.934484E-05        3.557506E-10
9.590000        5.923034E-05       -0.0001185752       -5.934484E-05        3.557506E-10
9.600000        5.923022E-05       -0.0001185751       -5.934484E-05        3.557506E-10
9.610000        5.923008E-05       -0.0001185749       -5.934484E-05        3.557506E-10
9.620000        5.922994E-05       -0.0001185748       -5.934484E-05        3.557506E-10
9.630000        5.922979E-05       -0.0001185746       -5.934484E-05        3.557506E-10
9.640000        5.922963E-05       -0.0001185745       -5.934484E-05        3.557506E-10
9.650000        5.922947E-05       -0.0001185743       -5.934484E-05        3.557506E-10
9.660000        5.922930E-05       -0.0001185741       -5.934484E-05        3.557506E-10
9.670000        5.922912E-05       -0.0001185740       -5.934484E-05        3.557506E-10
9.680000        5.922893E-05       -0.0001185738       -5.934484E-05        3.557506E-10
9.690000        5.922875E-05       -0.0001185736       -5.934484E-05        3.557506E-10
9.700000        5.922856E-05       -0.0001185734       -5.934484E-05        3.557506E-10
9.710000        5.922836E-05       -0.0001185732       -5.934484E-05        3.557506E-10
9.720000        5.922817E-05       -0.0001185730       -5.934484E-05        3.557506E-10
9.730000        5.922797E-05       -0.0001185728       -5.934484E-05        3.557506E-10
9.740000        5.922777E-05       -0.0001185726       -5.934484E-05        3.557506E-10
9.750000        5.922757E-05       -0.0001185724       -5.934484E-05        3.557506E-10
9.760000        5.922737E-05       -0.0001185722       -5.934484E-05        3.557506E-10
9.770000        5.922718E-05       -0.0001185720       -5.934484E-05        3.557506E-10
9.780000        5.922698E-05       -0.0001185718       -5.934484E-05        3.557506E-10
9.790000        5.922679E-05       -0.0001185716       -5.934484E-05        3.557506E-10
9.800000        5.922661E-05       -0.0001185714       -5.934484E-05        3.557506E-10
9.810000        5.922643E-05       -0.0001185713       -5.934484E-05        3.557506E-10
9.820000        5.922625E-05       -0.0001185711       -5.934484E-05        3.557506E-10
9.830000        5.922608E-05       -0.0001185709       -5.934484E-05        3.557506E-10
9.840000        5.922592E-05       -0.0001185708       -5.934484E-05        3.557506E-10
9.850000        5.922576E-05       -0.0001185706       -5.934484E-05        3.557506E-10
9.860000        5.922562E-05       -0.0001185705       -5.934484E-05        3.557506E-10
9.870000        5.922548E-05       -0.0001185703       -5.934483E-05        3.557506E-10
9.880000        5.922535E-05       -0.0001185702       -5.934483E-05        3.557506E-10
9.890000        5.922523E-05       -0.0001185701       -5.934483E-05        3.557506E-10
9.900000        5.922512E-05       -0.0001185700       -5.934483E-05        3.557506E-10
9.910000        5.922502E-05       -0.0001185699       -5.934483E-05        3.557506E-10
9.920000        5.922493E-05       -0.0001185698       -5.934483E-05        3.557506E-10
9.930000        5.922485E-05       -0.0001185697       -5.934483E-05        3.557506E-10
9.940000        5.922479E-05       -0.0001185696       -5.934483E-05        3.557506E-10
9.950000        5.922474E-05       -0.0001185696       -5.934483E-05        3.557506E-10
9.960000        5.922469E-05       -0.0001185695       -5.934483E-05        3.557506E-10
9.970000        5.922467E-05       -0.0001185695       -5.934483E-05        3.557506E-10
9.980000        5.922465E-05       -0.0001185695       -5.934483E-05        3.557506E-10
9.990000        5.922465E-05       -0.0001185695       -5.934483E-05        3.557506E-10
10.00000        5.922465E-05       -0.0001185695       -5.934483E-05        3.557506E-10
