#Time(Yr)                K_Ea                U_Ea             Etot_Ea                L_Ea
0.00000         5.92246E-05        -0.000118569        -5.93448E-05        3.557506E-10
0.02000000        5.922191E-05       -0.0001185667       -5.934482E-05        3.557506E-10
0.04000000        5.921375E-05       -0.0001185585       -5.934479E-05        3.557506E-10
0.06000000        5.920029E-05       -0.0001185450       -5.934474E-05        3.557506E-10
0.08000000        5.918176E-05       -0.0001185264       -5.934466E-05        3.557506E-10
0.1000000        5.915845E-05       -0.0001185030       -5.934457E-05        3.557506E-10
0.1200000        5.913075E-05       -0.0001184752       -5.934446E-05        3.557506E-10
0.1400000        5.909911E-05       -0.0001184434       -5.934433E-05        3.557506E-10
0.1600000        5.906403E-05       -0.0001184082       -5.934419E-05        3.557506E-10
0.1800000        5.902608E-05       -0.0001183701       -5.934404E-05        3.557506E-10
0.2000000        5.898586E-05       -0.0001183297       -5.934389E-05        3.557506E-10
0.2200000        5.894403E-05       -0.0001182878       -5.934372E-05        3.557506E-10
0.2400000        5.890125E-05       -0.0001182448       -5.934355E-05        3.557506E-10
0.2600000        5.885818E-05       -0.0001182016       -5.934338E-05        3.557506E-10
0.2800000        5.881553E-05       -0.0001181587       -5.934322E-05        3.557506E-10
0.3000000        5.877394E-05       -0.0001181170       -5.934305E-05        3.557506E-10
0.3200000        5.873408E-05       -0.0001180770       -5.934290E-05        3.557506E-10
0.3400000        5.869656E-05       -0.0001180393       -5.934275E-05        3.557506E-10
0.3600000        5.866197E-05       -0.0001180046       -5.934262E-05        3.557506E-10
0.3800000        5.863084E-05       -0.0001179733       -5.934250E-05        3.557506E-10
0.4000000        5.860364E-05       -0.0001179460       -5.934239E-05        3.557506E-10
0.4200000        5.858081E-05       -0.0001179231       -5.934230E-05        3.557506E-10
0.4400000        5.856269E-05       -0.0001179049       -5.934223E-05        3.557506E-10
0.4600000        5.854955E-05       -0.0001178917       -5.934218E-05        3.557506E-10
0.4800000        5.854159E-05       -0.0001178837       -5.934215E-05        3.557506E-10
0.5000000        5.853894E-05       -0.0001178811       -5.934214E-05        3.557506E-10
0.5200000        5.854164E-05       -0.0001178838       -5.934215E-05        3.557506E-10
0.5400000        5.854964E-05       -0.0001178918       -5.934218E-05        3.557506E-10
0.5600000        5.856283E-05       -0.0001179051       -5.934223E-05        3.557506E-10
0.5800000        5.858100E-05       -0.0001179233       -5.934230E-05        3.557506E-10
0.6000000        5.860387E-05       -0.0001179463       -5.934239E-05        3.557506E-10
0.6200000        5.863110E-05       -0.0001179736       -5.934250E-05        3.557506E-10
0.6400000        5.866227E-05       -0.0001180049       -5.934262E-05        3.557506E-10
0.6600000        5.869689E-05       -0.0001180396       -5.934275E-05        3.557506E-10
0.6800000        5.873443E-05       -0.0001180773       -5.934290E-05        3.557506E-10
0.7000000        5.877431E-05       -0.0001181174       -5.934305E-05        3.557506E-10
0.7200000        5.881591E-05       -0.0001181591       -5.934322E-05        3.557506E-10
0.7400000        5.885858E-05       -0.0001182020       -5.934338E-05        3.557506E-10
0.7600000        5.890164E-05       -0.0001182452       -5.934355E-05        3.557506E-10
0.7800000        5.894442E-05       -0.0001182881       -5.934372E-05        3.557506E-10
0.8000000        5.898624E-05       -0.0001183301       -5.934389E-05        3.557506E-10
0.8200000        5.902644E-05       -0.0001183705       -5.934405E-05        3.557506E-10
0.8400000        5.906436E-05       -0.0001184086       -5.934420E-05        3.557506E-10
0.8600000        5.909941E-05       -0.0001184437       -5.934433E-05        3.557506E-10
0.8800000        5.913103E-05       -0.0001184755       -5.934446E-05        3.557506E-10
0.9000000        5.915869E-05       -0.0001185033       -5.934457E-05        3.557506E-10
0.9200000        5.918195E-05       -0.0001185266       -5.934466E-05        3.557506E-10
0.9400000        5.920044E-05       -0.0001185452       -5.934474E-05        3.557506E-10
0.9600000        5.921385E-05       -0.0001185586       -5.934479E-05        3.557506E-10
0.9800000        5.922196E-05       -0.0001185668       -5.934482E-05        3.557506E-10
1.000000        5.922465E-05       -0.0001185695       -5.934483E-05        3.557506E-10
1.020000        5.922186E-05       -0.0001185667       -5.934482E-05        3.557506E-10
1.040000        5.921365E-05       -0.0001185584       -5.934479E-05        3.557506E-10
1.060000        5.920014E-05       -0.0001185449       -5.934474E-05        3.557506E-10
1.080000        5.918157E-05       -0.0001185262       -5.934466E-05        3.557506E-10
1.100000        5.915822E-05       -0.0001185028       -5.934457E-05        3.557506E-10
1.120000        5.913048E-05       -0.0001184749       -5.934446E-05        3.557506E-10
1.140000        5.909880E-05       -0.0001184431       -5.934433E-05        3.557506E-10
1.160000        5.906369E-05       -0.0001184079       -5.934419E-05        3.557506E-10
1.180000        5.902572E-05       -0.0001183698       -5.934404E-05        3.557506E-10
1.200000        5.898549E-05       -0.0001183294       -5.934388E-05        3.557506E-10
1.220000        5.894364E-05       -0.0001182874       -5.934372E-05        3.557506E-10
1.240000        5.890085E-05       -0.0001182444       -5.934355E-05        3.557506E-10
1.260000        5.885779E-05       -0.0001182012       -5.934338E-05        3.557506E-10
1.280000        5.881514E-05       -0.0001181584       -5.934321E-05        3.557506E-10
1.300000        5.877357E-05       -0.0001181166       -5.934305E-05        3.557506E-10
1.320000        5.873372E-05       -0.0001180766       -5.934290E-05        3.557506E-10
1.340000        5.869623E-05       -0.0001180390       -5.934275E-05        3.557506E-10
1.360000        5.866167E-05       -0.0001180043       -5.934262E-05        3.557506E-10
1.380000        5.863057E-05       -0.0001179731       -5.934249E-05        3.557506E-10
1.400000        5.860342E-05       -0.0001179458       -5.934239E-05        3.557506E-10
1.420000        5.858062E-05       -0.0001179229       -5.934230E-05        3.557506E-10
1.440000        5.856254E-05       -0.0001179048       -5.934223E-05        3.557506E-10
1.460000        5.854945E-05       -0.0001178916       -5.934218E-05        3.557506E-10
1.480000        5.854154E-05       -0.0001178837       -5.934215E-05        3.557506E-10
1.500000        5.853894E-05       -0.0001178811       -5.934214E-05        3.557506E-10
1.520000        5.854169E-05       -0.0001178838       -5.934215E-05        3.557506E-10
1.540000        5.854974E-05       -0.0001178919       -5.934218E-05        3.557506E-10
1.560000        5.856297E-05       -0.0001179052       -5.934223E-05        3.557506E-10
1.580000        5.858119E-05       -0.0001179235       -5.934230E-05        3.557506E-10
1.600000        5.860410E-05       -0.0001179465       -5.934239E-05        3.557506E-10
1.620000        5.863137E-05       -0.0001179739       -5.934250E-05        3.557506E-10
1.640000        5.866257E-05       -0.0001180052       -5.934262E-05        3.557506E-10
1.660000        5.869722E-05       -0.0001180400       -5.934275E-05        3.557506E-10
1.680000        5.873479E-05       -0.0001180777       -5.934290E-05        3.557506E-10
1.700000        5.877469E-05       -0.0001181177       -5.934306E-05        3.557506E-10
1.720000        5.881630E-05       -0.0001181595       -5.934322E-05        3.557506E-10
1.740000        5.885897E-05       -0.0001182024       -5.934339E-05        3.557506E-10
1.760000        5.890203E-05       -0.0001182456       -5.934355E-05        3.557506E-10
1.780000        5.894481E-05       -0.0001182885       -5.934372E-05        3.557506E-10
1.800000        5.898662E-05       -0.0001183305       -5.934389E-05        3.557506E-10
1.820000        5.902679E-05       -0.0001183708       -5.934405E-05        3.557506E-10
1.840000        5.906470E-05       -0.0001184089       -5.934420E-05        3.557506E-10
1.860000        5.909972E-05       -0.0001184441       -5.934434E-05        3.557506E-10
1.880000        5.913130E-05       -0.0001184758       -5.934446E-05        3.557506E-10
1.900000        5.915892E-05       -0.0001185035       -5.934457E-05        3.557506E-10
1.920000        5.918214E-05       -0.0001185268       -5.934466E-05        3.557506E-10
1.940000        5.920058E-05       -0.0001185453       -5.934474E-05        3.557506E-10
1.960000        5.921394E-05       -0.0001185587       -5.934479E-05        3.557506E-10
1.980000        5.922201E-05       -0.0001185668       -5.934482E-05        3.557506E-10
2.000000        5.922464E-05       -0.0001185695       -5.934483E-05        3.557506E-10
2.020000        5.922181E-05       -0.0001185666       -5.934482E-05        3.557506E-10
2.040000        5.921355E-05       -0.0001185583       -5.934479E-05        3.557506E-10
2.060000        5.919999E-05       -0.0001185447       -5.934474E-05        3.557506E-10
2.080000        5.918137E-05       -0.0001185260       -5.934466E-05        3.557506E-10
2.100000        5.915798E-05       -0.0001185026       -5.934457E-05        3.557506E-10
2.120000        5.913021E-05       -0.0001184747       -5.934446E-05        3.557506E-10
2.140000        5.909849E-05       -0.0001184428       -5.934433E-05        3.557506E-10
2.160000        5.906336E-05       -0.0001184075       -5.934419E-05        3.557506E-10
2.180000        5.902536E-05       -0.0001183694       -5.934404E-05        3.557506E-10
2.200000        5.898511E-05       -0.0001183290       -5.934388E-05        3.557506E-10
2.220000        5.894325E-05       -0.0001182870       -5.934372E-05        3.557506E-10
2.240000        5.890046E-05       -0.0001182440       -5.934355E-05        3.557506E-10
2.260000        5.885740E-05       -0.0001182008       -5.934338E-05        3.557506E-10
2.280000        5.881475E-05       -0.0001181580       -5.934321E-05        3.557506E-10
2.300000        5.877319E-05       -0.0001181162       -5.934305E-05        3.557506E-10
2.320000        5.873337E-05       -0.0001180763       -5.934289E-05        3.557506E-10
2.340000        5.869590E-05       -0.0001180386       -5.934275E-05        3.557506E-10
2.360000        5.866136E-05       -0.0001180040       -5.934261E-05        3.557506E-10
2.380000        5.863030E-05       -0.0001179728       -5.934249E-05        3.557506E-10
2.400000        5.860319E-05       -0.0001179456       -5.934239E-05        3.557506E-10
2.420000        5.858044E-05       -0.0001179227       -5.934230E-05        3.557506E-10
2.440000        5.856240E-05       -0.0001179046       -5.934223E-05        3.557506E-10
2.460000        5.854935E-05       -0.0001178915       -5.934218E-05        3.557506E-10
2.480000        5.854149E-05       -0.0001178836       -5.934215E-05        3.557506E-10
2.500000        5.853894E-05       -0.0001178811       -5.934214E-05        3.557506E-10
2.520000        5.854174E-05       -0.0001178839       -5.934215E-05        3.557506E-10
2.540000        5.854984E-05       -0.0001178920       -5.934218E-05        3.557506E-10
2.560000        5.856312E-05       -0.0001179054       -5.934223E-05        3.557506E-10
2.580000        5.858138E-05       -0.0001179237       -5.934230E-05        3.557506E-10
2.600000        5.860434E-05       -0.0001179467       -5.934239E-05        3.557506E-10
2.620000        5.863164E-05       -0.0001179741       -5.934250E-05        3.557506E-10
2.640000        5.866287E-05       -0.0001180055       -5.934262E-05        3.557506E-10
2.660000        5.869755E-05       -0.0001180403       -5.934275E-05        3.557506E-10
2.680000        5.873514E-05       -0.0001180780       -5.934290E-05        3.557506E-10
2.700000        5.877506E-05       -0.0001181181       -5.934306E-05        3.557506E-10
2.720000        5.881669E-05       -0.0001181599       -5.934322E-05        3.557506E-10
2.740000        5.885937E-05       -0.0001182028       -5.934339E-05        3.557506E-10
2.760000        5.890243E-05       -0.0001182460       -5.934356E-05        3.557506E-10
2.780000        5.894520E-05       -0.0001182889       -5.934372E-05        3.557506E-10
2.800000        5.898699E-05       -0.0001183309       -5.934389E-05        3.557506E-10
2.820000        5.902715E-05       -0.0001183712       -5.934405E-05        3.557506E-10
2.840000        5.906503E-05       -0.0001184092       -5.934420E-05        3.557506E-10
2.860000        5.910003E-05       -0.0001184444       -5.934434E-05        3.557506E-10
2.880000        5.913157E-05       -0.0001184760       -5.934446E-05        3.557506E-10
2.900000        5.915915E-05       -0.0001185037       -5.934457E-05        3.557506E-10
2.920000        5.918233E-05       -0.0001185270       -5.934467E-05        3.557506E-10
2.940000        5.920073E-05       -0.0001185455       -5.934474E-05        3.557506E-10
2.960000        5.921404E-05       -0.0001185588       -5.934479E-05        3.557506E-10
2.980000        5.922206E-05       -0.0001185669       -5.934482E-05        3.557506E-10
3.000000        5.922464E-05       -0.0001185695       -5.934483E-05        3.557506E-10
3.020000        5.922176E-05       -0.0001185666       -5.934482E-05        3.557506E-10
3.040000        5.921345E-05       -0.0001185582       -5.934479E-05        3.557506E-10
3.060000        5.919985E-05       -0.0001185446       -5.934474E-05        3.557506E-10
3.080000        5.918118E-05       -0.0001185258       -5.934466E-05        3.557506E-10
3.100000        5.915775E-05       -0.0001185023       -5.934457E-05        3.557506E-10
3.120000        5.912993E-05       -0.0001184744       -5.934446E-05        3.557506E-10
3.140000        5.909819E-05       -0.0001184425       -5.934433E-05        3.557506E-10
3.160000        5.906302E-05       -0.0001184072       -5.934419E-05        3.557506E-10
3.180000        5.902500E-05       -0.0001183690       -5.934404E-05        3.557506E-10
3.200000        5.898473E-05       -0.0001183286       -5.934388E-05        3.557506E-10
3.220000        5.894287E-05       -0.0001182866       -5.934372E-05        3.557506E-10
3.240000        5.890006E-05       -0.0001182436       -5.934355E-05        3.557506E-10
3.260000        5.885700E-05       -0.0001182004       -5.934338E-05        3.557506E-10
3.280000        5.881437E-05       -0.0001181576       -5.934321E-05        3.557506E-10
3.300000        5.877282E-05       -0.0001181159       -5.934305E-05        3.557506E-10
3.320000        5.873301E-05       -0.0001180759       -5.934289E-05        3.557506E-10
3.340000        5.869557E-05       -0.0001180383       -5.934275E-05        3.557506E-10
3.360000        5.866106E-05       -0.0001180037       -5.934261E-05        3.557506E-10
3.380000        5.863003E-05       -0.0001179725       -5.934249E-05        3.557506E-10
3.400000        5.860296E-05       -0.0001179453       -5.934239E-05        3.557506E-10
3.420000        5.858025E-05       -0.0001179225       -5.934230E-05        3.557506E-10
3.440000        5.856226E-05       -0.0001179045       -5.934223E-05        3.557506E-10
3.460000        5.854926E-05       -0.0001178914       -5.934218E-05        3.557506E-10
3.480000        5.854145E-05       -0.0001178836       -5.934215E-05        3.557506E-10
3.500000        5.853894E-05       -0.0001178811       -5.934214E-05        3.557506E-10
3.520000        5.854179E-05       -0.0001178839       -5.934215E-05        3.557506E-10
3.540000        5.854994E-05       -0.0001178921       -5.934218E-05        3.557506E-10
3.560000        5.856326E-05       -0.0001179055       -5.934223E-05        3.557506E-10
3.580000        5.858157E-05       -0.0001179239       -5.934230E-05        3.557506E-10
3.600000        5.860457E-05       -0.0001179470       -5.934239E-05        3.557506E-10
3.620000        5.863191E-05       -0.0001179744       -5.934250E-05        3.557506E-10
3.640000        5.866318E-05       -0.0001180058       -5.934262E-05        3.557506E-10
3.660000        5.869789E-05       -0.0001180406       -5.934276E-05        3.557506E-10
3.680000        5.873550E-05       -0.0001180784       -5.934290E-05        3.557506E-10
3.700000        5.877544E-05       -0.0001181185       -5.934306E-05        3.557506E-10
3.720000        5.881707E-05       -0.0001181603       -5.934322E-05        3.557506E-10
3.740000        5.885976E-05       -0.0001182031       -5.934339E-05        3.557506E-10
3.760000        5.890282E-05       -0.0001182464       -5.934356E-05        3.557506E-10
3.780000        5.894559E-05       -0.0001182893       -5.934373E-05        3.557506E-10
3.800000        5.898737E-05       -0.0001183313       -5.934389E-05        3.557506E-10
3.820000        5.902751E-05       -0.0001183716       -5.934405E-05        3.557506E-10
3.840000        5.906537E-05       -0.0001184096       -5.934420E-05        3.557506E-10
3.860000        5.910033E-05       -0.0001184447       -5.934434E-05        3.557506E-10
3.880000        5.913184E-05       -0.0001184763       -5.934446E-05        3.557506E-10
3.900000        5.915939E-05       -0.0001185040       -5.934457E-05        3.557506E-10
3.920000        5.918252E-05       -0.0001185272       -5.934467E-05        3.557506E-10
3.940000        5.920087E-05       -0.0001185456       -5.934474E-05        3.557506E-10
3.960000        5.921414E-05       -0.0001185589       -5.934479E-05        3.557506E-10
3.980000        5.922211E-05       -0.0001185669       -5.934482E-05        3.557506E-10
4.000000        5.922464E-05       -0.0001185695       -5.934483E-05        3.557506E-10
4.020000        5.922171E-05       -0.0001185665       -5.934482E-05        3.557506E-10
4.040000        5.921335E-05       -0.0001185581       -5.934479E-05        3.557506E-10
4.060000        5.919970E-05       -0.0001185444       -5.934473E-05        3.557506E-10
4.080000        5.918099E-05       -0.0001185256       -5.934466E-05        3.557506E-10
4.100000        5.915751E-05       -0.0001185021       -5.934457E-05        3.557506E-10
4.120000        5.912966E-05       -0.0001184741       -5.934446E-05        3.557506E-10
4.140000        5.909788E-05       -0.0001184422       -5.934433E-05        3.557506E-10
4.160000        5.906268E-05       -0.0001184069       -5.934419E-05        3.557506E-10
4.180000        5.902464E-05       -0.0001183687       -5.934404E-05        3.557506E-10
4.200000        5.898436E-05       -0.0001183282       -5.934388E-05        3.557506E-10
4.220000        5.894248E-05       -0.0001182862       -5.934371E-05        3.557506E-10
4.240000        5.889967E-05       -0.0001182432       -5.934355E-05        3.557506E-10
4.260000        5.885661E-05       -0.0001182000       -5.934338E-05        3.557506E-10
4.280000        5.881398E-05       -0.0001181572       -5.934321E-05        3.557506E-10
4.300000        5.877245E-05       -0.0001181155       -5.934305E-05        3.557506E-10
4.320000        5.873266E-05       -0.0001180755       -5.934289E-05        3.557506E-10
4.340000        5.869524E-05       -0.0001180380       -5.934275E-05        3.557506E-10
4.360000        5.866076E-05       -0.0001180034       -5.934261E-05        3.557506E-10
4.380000        5.862977E-05       -0.0001179723       -5.934249E-05        3.557506E-10
4.400000        5.860273E-05       -0.0001179451       -5.934239E-05        3.557506E-10
4.420000        5.858006E-05       -0.0001179224       -5.934230E-05        3.557506E-10
4.440000        5.856212E-05       -0.0001179043       -5.934223E-05        3.557506E-10
4.460000        5.854916E-05       -0.0001178913       -5.934218E-05        3.557506E-10
4.480000        5.854140E-05       -0.0001178835       -5.934215E-05        3.557506E-10
4.500000        5.853895E-05       -0.0001178811       -5.934214E-05        3.557506E-10
4.520000        5.854184E-05       -0.0001178840       -5.934215E-05        3.557506E-10
4.540000        5.855003E-05       -0.0001178922       -5.934218E-05        3.557506E-10
4.560000        5.856341E-05       -0.0001179056       -5.934223E-05        3.557506E-10
4.580000        5.858176E-05       -0.0001179241       -5.934231E-05        3.557506E-10
4.600000        5.860480E-05       -0.0001179472       -5.934239E-05        3.557506E-10
4.620000        5.863218E-05       -0.0001179747       -5.934250E-05        3.557506E-10
4.640000        5.866348E-05       -0.0001180061       -5.934262E-05        3.557506E-10
4.660000        5.869822E-05       -0.0001180410       -5.934276E-05        3.557506E-10
4.680000        5.873586E-05       -0.0001180788       -5.934290E-05        3.557506E-10
4.700000        5.877581E-05       -0.0001181189       -5.934306E-05        3.557506E-10
4.720000        5.881746E-05       -0.0001181607       -5.934322E-05        3.557506E-10
4.740000        5.886015E-05       -0.0001182035       -5.934339E-05        3.557506E-10
4.760000        5.890322E-05       -0.0001182468       -5.934356E-05        3.557506E-10
4.780000        5.894597E-05       -0.0001182897       -5.934373E-05        3.557506E-10
4.800000        5.898775E-05       -0.0001183316       -5.934389E-05        3.557506E-10
4.820000        5.902787E-05       -0.0001183719       -5.934405E-05        3.557506E-10
4.840000        5.906570E-05       -0.0001184099       -5.934420E-05        3.557506E-10
4.860000        5.910064E-05       -0.0001184450       -5.934434E-05        3.557506E-10
4.880000        5.913211E-05       -0.0001184766       -5.934447E-05        3.557506E-10
4.900000        5.915962E-05       -0.0001185042       -5.934457E-05        3.557506E-10
4.920000        5.918271E-05       -0.0001185274       -5.934467E-05        3.557506E-10
4.940000        5.920102E-05       -0.0001185458       -5.934474E-05        3.557506E-10
4.960000        5.921424E-05       -0.0001185590       -5.934479E-05        3.557506E-10
4.980000        5.922215E-05       -0.0001185670       -5.934482E-05        3.557506E-10
5.000000        5.922464E-05       -0.0001185695       -5.934483E-05        3.557506E-10
5.020000        5.922165E-05       -0.0001185665       -5.934482E-05        3.557506E-10
5.040000        5.921324E-05       -0.0001185580       -5.934479E-05        3.557506E-10
5.060000        5.919955E-05       -0.0001185443       -5.934473E-05        3.557506E-10
5.080000        5.918079E-05       -0.0001185255       -5.934466E-05        3.557506E-10
5.100000        5.915728E-05       -0.0001185018       -5.934457E-05        3.557506E-10
5.120000        5.912939E-05       -0.0001184738       -5.934445E-05        3.557506E-10
5.140000        5.909757E-05       -0.0001184419       -5.934433E-05        3.557506E-10
5.160000        5.906235E-05       -0.0001184065       -5.934419E-05        3.557506E-10
5.180000        5.902428E-05       -0.0001183683       -5.934404E-05        3.557506E-10
5.200000        5.898398E-05       -0.0001183279       -5.934388E-05        3.557506E-10
5.220000        5.894209E-05       -0.0001182858       -5.934371E-05        3.557506E-10
5.240000        5.889928E-05       -0.0001182428       -5.934354E-05        3.557506E-10
5.260000        5.885622E-05       -0.0001181996       -5.934337E-05        3.557506E-10
5.280000        5.881359E-05       -0.0001181568       -5.934321E-05        3.557506E-10
5.300000        5.877207E-05       -0.0001181151       -5.934305E-05        3.557506E-10
5.320000        5.873230E-05       -0.0001180752       -5.934289E-05        3.557506E-10
5.340000        5.869491E-05       -0.0001180377       -5.934274E-05        3.557506E-10
5.360000        5.866046E-05       -0.0001180031       -5.934261E-05        3.557506E-10
5.380000        5.862950E-05       -0.0001179720       -5.934249E-05        3.557506E-10
5.400000        5.860250E-05       -0.0001179449       -5.934239E-05        3.557506E-10
5.420000        5.857988E-05       -0.0001179222       -5.934230E-05        3.557506E-10
5.440000        5.856197E-05       -0.0001179042       -5.934223E-05        3.557506E-10
5.460000        5.854907E-05       -0.0001178912       -5.934218E-05        3.557506E-10
5.480000        5.854135E-05       -0.0001178835       -5.934215E-05        3.557506E-10
5.500000        5.853895E-05       -0.0001178811       -5.934214E-05        3.557506E-10
5.520000        5.854189E-05       -0.0001178840       -5.934215E-05        3.557506E-10
5.540000        5.855013E-05       -0.0001178923       -5.934218E-05        3.557506E-10
5.560000        5.856355E-05       -0.0001179058       -5.934224E-05        3.557506E-10
5.580000        5.858195E-05       -0.0001179243       -5.934231E-05        3.557506E-10
5.600000        5.860503E-05       -0.0001179474       -5.934240E-05        3.557506E-10
5.620000        5.863245E-05       -0.0001179749       -5.934250E-05        3.557506E-10
5.640000        5.866378E-05       -0.0001180064       -5.934262E-05        3.557506E-10
5.660000        5.869855E-05       -0.0001180413       -5.934276E-05        3.557506E-10
5.680000        5.873621E-05       -0.0001180791       -5.934291E-05        3.557506E-10
5.700000        5.877619E-05       -0.0001181192       -5.934306E-05        3.557506E-10
5.720000        5.881785E-05       -0.0001181611       -5.934322E-05        3.557506E-10
5.740000        5.886055E-05       -0.0001182039       -5.934339E-05        3.557506E-10
5.760000        5.890361E-05       -0.0001182472       -5.934356E-05        3.557506E-10
5.780000        5.894636E-05       -0.0001182901       -5.934373E-05        3.557506E-10
5.800000        5.898812E-05       -0.0001183320       -5.934389E-05        3.557506E-10
5.820000        5.902823E-05       -0.0001183723       -5.934405E-05        3.557506E-10
5.840000        5.906603E-05       -0.0001184102       -5.934420E-05        3.557506E-10
5.860000        5.910094E-05       -0.0001184453       -5.934434E-05        3.557506E-10
5.880000        5.913238E-05       -0.0001184768       -5.934447E-05        3.557506E-10
5.900000        5.915985E-05       -0.0001185044       -5.934458E-05        3.557506E-10
5.920000        5.918290E-05       -0.0001185276       -5.934467E-05        3.557506E-10
5.940000        5.920116E-05       -0.0001185459       -5.934474E-05        3.557506E-10
5.960000        5.921433E-05       -0.0001185591       -5.934479E-05        3.557506E-10
5.980000        5.922220E-05       -0.0001185670       -5.934482E-05        3.557506E-10
6.000000        5.922464E-05       -0.0001185695       -5.934483E-05        3.557506E-10
6.020000        5.922160E-05       -0.0001185664       -5.934482E-05        3.557506E-10
6.040000        5.921314E-05       -0.0001185579       -5.934479E-05        3.557506E-10
6.060000        5.919940E-05       -0.0001185441       -5.934473E-05        3.557506E-10
6.080000        5.918060E-05       -0.0001185253       -5.934466E-05        3.557506E-10
6.100000        5.915704E-05       -0.0001185016       -5.934456E-05        3.557506E-10
6.120000        5.912911E-05       -0.0001184736       -5.934445E-05        3.557506E-10
6.140000        5.909726E-05       -0.0001184416       -5.934433E-05        3.557506E-10
6.160000        5.906201E-05       -0.0001184062       -5.934419E-05        3.557506E-10
6.180000        5.902392E-05       -0.0001183680       -5.934404E-05        3.557506E-10
6.200000        5.898360E-05       -0.0001183275       -5.934388E-05        3.557506E-10
6.220000        5.894170E-05       -0.0001182854       -5.934371E-05        3.557506E-10
6.240000        5.889888E-05       -0.0001182424       -5.934354E-05        3.557506E-10
6.260000        5.885582E-05       -0.0001181992       -5.934337E-05        3.557506E-10
6.280000        5.881321E-05       -0.0001181564       -5.934321E-05        3.557506E-10
6.300000        5.877170E-05       -0.0001181147       -5.934304E-05        3.557506E-10
6.320000        5.873195E-05       -0.0001180748       -5.934289E-05        3.557506E-10
6.340000        5.869458E-05       -0.0001180373       -5.934274E-05        3.557506E-10
6.360000        5.866016E-05       -0.0001180028       -5.934261E-05        3.557506E-10
6.380000        5.862924E-05       -0.0001179717       -5.934249E-05        3.557506E-10
6.400000        5.860227E-05       -0.0001179447       -5.934238E-05        3.557506E-10
6.420000        5.857969E-05       -0.0001179220       -5.934230E-05        3.557506E-10
6.440000        5.856183E-05       -0.0001179041       -5.934223E-05        3.557506E-10
6.460000        5.854897E-05       -0.0001178912       -5.934218E-05        3.557506E-10
6.480000        5.854131E-05       -0.0001178835       -5.934215E-05        3.557506E-10
6.500000        5.853895E-05       -0.0001178811       -5.934214E-05        3.557506E-10
6.520000        5.854194E-05       -0.0001178841       -5.934215E-05        3.557506E-10
6.540000        5.855023E-05       -0.0001178924       -5.934218E-05        3.557506E-10
6.560000        5.856370E-05       -0.0001179059       -5.934224E-05        3.557506E-10
6.580000        5.858214E-05       -0.0001179244       -5.934231E-05        3.557506E-10
6.600000        5.860526E-05       -0.0001179477       -5.934240E-05        3.557506E-10
6.620000        5.863272E-05       -0.0001179752       -5.934250E-05        3.557506E-10
6.640000        5.866409E-05       -0.0001180067       -5.934262E-05        3.557506E-10
6.660000        5.869888E-05       -0.0001180416       -5.934276E-05        3.557506E-10
6.680000        5.873657E-05       -0.0001180795       -5.934291E-05        3.557506E-10
6.700000        5.877656E-05       -0.0001181196       -5.934306E-05        3.557506E-10
6.720000        5.881823E-05       -0.0001181615       -5.934323E-05        3.557506E-10
6.740000        5.886094E-05       -0.0001182043       -5.934339E-05        3.557506E-10
6.760000        5.890400E-05       -0.0001182476       -5.934356E-05        3.557506E-10
6.780000        5.894675E-05       -0.0001182905       -5.934373E-05        3.557506E-10
6.800000        5.898850E-05       -0.0001183324       -5.934390E-05        3.557506E-10
6.820000        5.902858E-05       -0.0001183726       -5.934405E-05        3.557506E-10
6.840000        5.906637E-05       -0.0001184106       -5.934420E-05        3.557506E-10
6.860000        5.910125E-05       -0.0001184456       -5.934434E-05        3.557506E-10
6.880000        5.913265E-05       -0.0001184771       -5.934447E-05        3.557506E-10
6.900000        5.916008E-05       -0.0001185047       -5.934458E-05        3.557506E-10
6.920000        5.918309E-05       -0.0001185278       -5.934467E-05        3.557506E-10
6.940000        5.920131E-05       -0.0001185460       -5.934474E-05        3.557506E-10
6.960000        5.921443E-05       -0.0001185592       -5.934479E-05        3.557506E-10
6.980000        5.922225E-05       -0.0001185671       -5.934482E-05        3.557506E-10
7.000000        5.922463E-05       -0.0001185695       -5.934483E-05        3.557506E-10
7.020000        5.922155E-05       -0.0001185664       -5.934482E-05        3.557506E-10
7.040000        5.921304E-05       -0.0001185578       -5.934479E-05        3.557506E-10
7.060000        5.919925E-05       -0.0001185440       -5.934473E-05        3.557506E-10
7.080000        5.918040E-05       -0.0001185251       -5.934466E-05        3.557506E-10
7.100000        5.915680E-05       -0.0001185014       -5.934456E-05        3.557506E-10
7.120000        5.912884E-05       -0.0001184733       -5.934445E-05        3.557506E-10
7.140000        5.909696E-05       -0.0001184413       -5.934433E-05        3.557506E-10
7.160000        5.906167E-05       -0.0001184059       -5.934419E-05        3.557506E-10
7.180000        5.902356E-05       -0.0001183676       -5.934403E-05        3.557506E-10
7.200000        5.898322E-05       -0.0001183271       -5.934387E-05        3.557506E-10
7.220000        5.894131E-05       -0.0001182850       -5.934371E-05        3.557506E-10
7.240000        5.889849E-05       -0.0001182420       -5.934354E-05        3.557506E-10
7.260000        5.885543E-05       -0.0001181988       -5.934337E-05        3.557506E-10
7.280000        5.881282E-05       -0.0001181560       -5.934320E-05        3.557506E-10
7.300000        5.877133E-05       -0.0001181144       -5.934304E-05        3.557506E-10
7.320000        5.873160E-05       -0.0001180745       -5.934289E-05        3.557506E-10
7.340000        5.869425E-05       -0.0001180370       -5.934274E-05        3.557506E-10
7.360000        5.865986E-05       -0.0001180025       -5.934261E-05        3.557506E-10
7.380000        5.862897E-05       -0.0001179715       -5.934249E-05        3.557506E-10
7.400000        5.860205E-05       -0.0001179444       -5.934238E-05        3.557506E-10
7.420000        5.857951E-05       -0.0001179218       -5.934230E-05        3.557506E-10
7.440000        5.856169E-05       -0.0001179039       -5.934223E-05        3.557506E-10
7.460000        5.854888E-05       -0.0001178911       -5.934218E-05        3.557506E-10
7.480000        5.854126E-05       -0.0001178834       -5.934215E-05        3.557506E-10
7.500000        5.853895E-05       -0.0001178811       -5.934214E-05        3.557506E-10
7.520000        5.854199E-05       -0.0001178841       -5.934215E-05        3.557506E-10
7.540000        5.855033E-05       -0.0001178925       -5.934218E-05        3.557506E-10
7.560000        5.856385E-05       -0.0001179061       -5.934224E-05        3.557506E-10
7.580000        5.858233E-05       -0.0001179246       -5.934231E-05        3.557506E-10
7.600000        5.860549E-05       -0.0001179479       -5.934240E-05        3.557506E-10
7.620000        5.863299E-05       -0.0001179755       -5.934250E-05        3.557506E-10
7.640000        5.866439E-05       -0.0001180070       -5.934263E-05        3.557506E-10
7.660000        5.869922E-05       -0.0001180420       -5.934276E-05        3.557506E-10
7.680000        5.873693E-05       -0.0001180798       -5.934291E-05        3.557506E-10
7.700000        5.877694E-05       -0.0001181200       -5.934306E-05        3.557506E-10
7.720000        5.881862E-05       -0.0001181618       -5.934323E-05        3.557506E-10
7.740000        5.886133E-05       -0.0001182047       -5.934339E-05        3.557506E-10
7.760000        5.890440E-05       -0.0001182480       -5.934356E-05        3.557506E-10
7.780000        5.894714E-05       -0.0001182909       -5.934373E-05        3.557506E-10
7.800000        5.898887E-05       -0.0001183328       -5.934390E-05        3.557506E-10
7.820000        5.902894E-05       -0.0001183730       -5.934406E-05        3.557506E-10
7.840000        5.906670E-05       -0.0001184109       -5.934421E-05        3.557506E-10
7.860000        5.910155E-05       -0.0001184459       -5.934434E-05        3.557506E-10
7.880000        5.913292E-05       -0.0001184774       -5.934447E-05        3.557506E-10
7.900000        5.916031E-05       -0.0001185049       -5.934458E-05        3.557506E-10
7.920000        5.918328E-05       -0.0001185280       -5.934467E-05        3.557506E-10
7.940000        5.920145E-05       -0.0001185462       -5.934474E-05        3.557506E-10
7.960000        5.921453E-05       -0.0001185593       -5.934479E-05        3.557506E-10
7.980000        5.922230E-05       -0.0001185671       -5.934482E-05        3.557506E-10
8.000000        5.922463E-05       -0.0001185695       -5.934483E-05        3.557506E-10
8.020000        5.922149E-05       -0.0001185663       -5.934482E-05        3.557506E-10
8.040000        5.921294E-05       -0.0001185577       -5.934479E-05        3.557506E-10
8.060000        5.919910E-05       -0.0001185438       -5.934473E-05        3.557506E-10
8.080000        5.918021E-05       -0.0001185249       -5.934466E-05        3.557506E-10
8.100000        5.915657E-05       -0.0001185011       -5.934456E-05        3.557506E-10
8.120000        5.912856E-05       -0.0001184730       -5.934445E-05        3.557506E-10
8.140000        5.909665E-05       -0.0001184410       -5.934432E-05        3.557506E-10
8.160000        5.906134E-05       -0.0001184055       -5.934418E-05        3.557506E-10
8.180000        5.902320E-05       -0.0001183672       -5.934403E-05        3.557506E-10
8.200000        5.898285E-05       -0.0001183267       -5.934387E-05        3.557506E-10
8.220000        5.894092E-05       -0.0001182846       -5.934371E-05        3.557506E-10
8.240000        5.889809E-05       -0.0001182416       -5.934354E-05        3.557506E-10
8.260000        5.885504E-05       -0.0001181984       -5.934337E-05        3.557506E-10
8.280000        5.881243E-05       -0.0001181556       -5.934320E-05        3.557506E-10
8.300000        5.877095E-05       -0.0001181140       -5.934304E-05        3.557506E-10
8.320000        5.873124E-05       -0.0001180741       -5.934289E-05        3.557506E-10
8.340000        5.869392E-05       -0.0001180367       -5.934274E-05        3.557506E-10
8.360000        5.865956E-05       -0.0001180022       -5.934261E-05        3.557506E-10
8.380000        5.862870E-05       -0.0001179712       -5.934249E-05        3.557506E-10
8.400000        5.860182E-05       -0.0001179442       -5.934238E-05        3.557506E-10
8.420000        5.857932E-05       -0.0001179216       -5.934230E-05        3.557506E-10
8.440000        5.856155E-05       -0.0001179038       -5.934223E-05        3.557506E-10
8.460000        5.854878E-05       -0.0001178910       -5.934218E-05        3.557506E-10
8.480000        5.854121E-05       -0.0001178834       -5.934215E-05        3.557506E-10
8.500000        5.853896E-05       -0.0001178811       -5.934214E-05        3.557506E-10
8.520000        5.854205E-05       -0.0001178842       -5.934215E-05        3.557506E-10
8.540000        5.855043E-05       -0.0001178926       -5.934218E-05        3.557506E-10
8.560000        5.856399E-05       -0.0001179062       -5.934224E-05        3.557506E-10
8.580000        5.858252E-05       -0.0001179248       -5.934231E-05        3.557506E-10
8.600000        5.860573E-05       -0.0001179481       -5.934240E-05        3.557506E-10
8.620000        5.863326E-05       -0.0001179758       -5.934250E-05        3.557506E-10
8.640000        5.866469E-05       -0.0001180073       -5.934263E-05        3.557506E-10
8.660000        5.869955E-05       -0.0001180423       -5.934276E-05        3.557506E-10
8.680000        5.873728E-05       -0.0001180802       -5.934291E-05        3.557506E-10
8.700000        5.877731E-05       -0.0001181204       -5.934307E-05        3.557506E-10
8.720000        5.881901E-05       -0.0001181622       -5.934323E-05        3.557506E-10
8.740000        5.886173E-05       -0.0001182051       -5.934340E-05        3.557506E-10
8.760000        5.890479E-05       -0.0001182484       -5.934357E-05        3.557506E-10
8.780000        5.894752E-05       -0.0001182913       -5.934373E-05        3.557506E-10
8.800000        5.898925E-05       -0.0001183331       -5.934390E-05        3.557506E-10
8.820000        5.902930E-05       -0.0001183734       -5.934406E-05        3.557506E-10
8.840000        5.906704E-05       -0.0001184112       -5.934421E-05        3.557506E-10
8.860000        5.910185E-05       -0.0001184462       -5.934434E-05        3.557506E-10
8.880000        5.913319E-05       -0.0001184777       -5.934447E-05        3.557506E-10
8.900000        5.916055E-05       -0.0001185051       -5.934458E-05        3.557506E-10
8.920000        5.918347E-05       -0.0001185281       -5.934467E-05        3.557506E-10
8.940000        5.920159E-05       -0.0001185463       -5.934474E-05        3.557506E-10
8.960000        5.921462E-05       -0.0001185594       -5.934479E-05        3.557506E-10
8.980000        5.922234E-05       -0.0001185672       -5.934482E-05        3.557506E-10
9.000000        5.922463E-05       -0.0001185695       -5.934483E-05        3.557506E-10
9.020000        5.922144E-05       -0.0001185663       -5.934482E-05        3.557506E-10
9.040000        5.921283E-05       -0.0001185576       -5.934479E-05        3.557506E-10
9.060000        5.919895E-05       -0.0001185437       -5.934473E-05        3.557506E-10
9.080000        5.918001E-05       -0.0001185247       -5.934466E-05        3.557506E-10
9.100000        5.915633E-05       -0.0001185009       -5.934456E-05        3.557506E-10
9.120000        5.912829E-05       -0.0001184727       -5.934445E-05        3.557506E-10
9.140000        5.909634E-05       -0.0001184407       -5.934432E-05        3.557506E-10
9.160000        5.906100E-05       -0.0001184052       -5.934418E-05        3.557506E-10
9.180000        5.902284E-05       -0.0001183669       -5.934403E-05        3.557506E-10
9.200000        5.898247E-05       -0.0001183263       -5.934387E-05        3.557506E-10
9.220000        5.894053E-05       -0.0001182842       -5.934371E-05        3.557506E-10
9.240000        5.889770E-05       -0.0001182412       -5.934354E-05        3.557506E-10
9.260000        5.885464E-05       -0.0001181980       -5.934337E-05        3.557506E-10
9.280000        5.881205E-05       -0.0001181553       -5.934320E-05        3.557506E-10
9.300000        5.877058E-05       -0.0001181136       -5.934304E-05        3.557506E-10
9.320000        5.873089E-05       -0.0001180738       -5.934288E-05        3.557506E-10
9.340000        5.869359E-05       -0.0001180363       -5.934274E-05        3.557506E-10
9.360000        5.865926E-05       -0.0001180019       -5.934261E-05        3.557506E-10
9.380000        5.862844E-05       -0.0001179709       -5.934249E-05        3.557506E-10
9.400000        5.860159E-05       -0.0001179440       -5.934238E-05        3.557506E-10
9.420000        5.857914E-05       -0.0001179214       -5.934230E-05        3.557506E-10
9.440000        5.856141E-05       -0.0001179036       -5.934223E-05        3.557506E-10
9.460000        5.854869E-05       -0.0001178909       -5.934218E-05        3.557506E-10
9.480000        5.854117E-05       -0.0001178833       -5.934215E-05        3.557506E-10
9.500000        5.853896E-05       -0.0001178811       -5.934214E-05        3.557506E-10
9.520000        5.854210E-05       -0.0001178843       -5.934215E-05        3.557506E-10
9.540000        5.855054E-05       -0.0001178927       -5.934218E-05        3.557506E-10
9.560000        5.856414E-05       -0.0001179064       -5.934224E-05        3.557506E-10
9.580000        5.858271E-05       -0.0001179250       -5.934231E-05        3.557506E-10
9.600000        5.860596E-05       -0.0001179484       -5.934240E-05        3.557506E-10
9.620000        5.863353E-05       -0.0001179760       -5.934251E-05        3.557506E-10
9.640000        5.866500E-05       -0.0001180076       -5.934263E-05        3.557506E-10
9.660000        5.869988E-05       -0.0001180426       -5.934276E-05        3.557506E-10
9.680000        5.873764E-05       -0.0001180806       -5.934291E-05        3.557506E-10
9.700000        5.877769E-05       -0.0001181208       -5.934307E-05        3.557506E-10
9.720000        5.881940E-05       -0.0001181626       -5.934323E-05        3.557506E-10
9.740000        5.886212E-05       -0.0001182055       -5.934340E-05        3.557506E-10
9.760000        5.890519E-05       -0.0001182488       -5.934357E-05        3.557506E-10
9.780000        5.894791E-05       -0.0001182916       -5.934374E-05        3.557506E-10
9.800000        5.898962E-05       -0.0001183335       -5.934390E-05        3.557506E-10
9.820000        5.902966E-05       -0.0001183737       -5.934406E-05        3.557506E-10
9.840000        5.906737E-05       -0.0001184116       -5.934421E-05        3.557506E-10
9.860000        5.910216E-05       -0.0001184465       -5.934435E-05        3.557506E-10
9.880000        5.913346E-05       -0.0001184779       -5.934447E-05        3.557506E-10
9.900000        5.916078E-05       -0.0001185054       -5.934458E-05        3.557506E-10
9.920000        5.918366E-05       -0.0001185283       -5.934467E-05        3.557506E-10
9.940000        5.920174E-05       -0.0001185465       -5.934474E-05        3.557506E-10
9.960000        5.921472E-05       -0.0001185595       -5.934479E-05        3.557506E-10
9.980000        5.922239E-05       -0.0001185672       -5.934483E-05        3.557506E-10
10.00000        5.922462E-05       -0.0001185695       -5.934483E-05        3.557506E-10
