#Time(Yr)                X_Ea                Y_Ea                Z_Ea             R_earth
0.00000             1.00000             0.00000             0.00000             1.00000
0.0100000            0.998028           0.0827456             0.00000             1.00145
0.0200000            0.992137            0.165167             0.00000             1.00579
0.0300000            0.982401            0.246949             0.00000             1.01296
0.0400000            0.968936            0.327795             0.00000             1.02288
0.0500000            0.951900            0.407434             0.00000             1.03543
0.0600000            0.931481            0.485628             0.00000             1.05047
0.0700000            0.907890            0.562170             0.00000             1.06785
0.0800000            0.881357            0.636893             0.00000             1.08739
0.0900000            0.852118            0.709663             0.00000             1.10893
0.100000            0.820411            0.780382             0.00000             1.13229
0.110000            0.786473            0.848980             0.00000             1.15728
0.120000            0.750531            0.915418             0.00000             1.18376
0.130000            0.712801            0.979679             0.00000             1.21155
0.140000            0.673488             1.04177             0.00000             1.24051
0.150000            0.632781             1.10170             0.00000             1.27049
0.160000            0.590854             1.15952             0.00000             1.30138
0.170000            0.547868             1.21525             0.00000             1.33304
0.180000            0.503968             1.26897             0.00000             1.36538
0.190000            0.459285             1.32071             0.00000             1.39829
0.200000            0.413938             1.37055             0.00000             1.43170
0.210000            0.368033             1.41855             0.00000             1.46551
0.220000            0.321665             1.46476             0.00000             1.49966
0.230000            0.274920             1.50926             0.00000             1.53410
0.240000            0.227874             1.55211             0.00000             1.56875
0.250000            0.180594             1.59338             0.00000             1.60358
0.260000            0.133141             1.63311             0.00000             1.63853
0.270000           0.0855679             1.67139             0.00000             1.67357
0.280000           0.0379221             1.70825             0.00000             1.70867
0.290000         -0.00975398             1.74376             0.00000             1.74379
0.300000          -0.0574232             1.77798             0.00000             1.77890
0.310000           -0.105052             1.81094             0.00000             1.81399
0.320000           -0.152613             1.84271             0.00000             1.84902
0.330000           -0.200078             1.87333             0.00000             1.88398
0.340000           -0.247425             1.90284             0.00000             1.91886
0.350000           -0.294634             1.93129             0.00000             1.95363
0.360000           -0.341687             1.95871             0.00000             1.98829
0.370000           -0.388569             1.98515             0.00000             2.02283
0.380000           -0.435265             2.01065             0.00000             2.05722
0.390000           -0.481765             2.03523             0.00000             2.09147
0.400000           -0.528056             2.05894             0.00000             2.12557
0.410000           -0.574131             2.08179             0.00000             2.15951
0.420000           -0.619980             2.10383             0.00000             2.19328
0.430000           -0.665598             2.12509             0.00000             2.22689
0.440000           -0.710978             2.14558             0.00000             2.26031
0.450000           -0.756115             2.16534             0.00000             2.29356
0.460000           -0.801004             2.18440             0.00000             2.32663
0.470000           -0.845643             2.20276             0.00000             2.35951
0.480000           -0.890027             2.22047             0.00000             2.39220
0.490000           -0.934155             2.23753             0.00000             2.42471
0.500000           -0.978024             2.25398             0.00000             2.45702
0.510000            -1.02163             2.26982             0.00000             2.48914
0.520000            -1.06498             2.28509             0.00000             2.52107
0.530000            -1.10807             2.29979             0.00000             2.55281
0.540000            -1.15089             2.31394             0.00000             2.58435
0.550000            -1.19345             2.32757             0.00000             2.61570
0.560000            -1.23574             2.34068             0.00000             2.64686
0.570000            -1.27777             2.35330             0.00000             2.67782
0.580000            -1.31954             2.36543             0.00000             2.70859
0.590000            -1.36105             2.37709             0.00000             2.73916
0.600000            -1.40230             2.38829             0.00000             2.76954
0.610000            -1.44328             2.39905             0.00000             2.79973
0.620000            -1.48401             2.40938             0.00000             2.82973
0.630000            -1.52448             2.41928             0.00000             2.85954
0.640000            -1.56469             2.42878             0.00000             2.88916
0.650000            -1.60464             2.43789             0.00000             2.91859
0.660000            -1.64434             2.44660             0.00000             2.94783
0.670000            -1.68379             2.45494             0.00000             2.97689
0.680000            -1.72298             2.46291             0.00000             3.00576
0.690000            -1.76192             2.47052             0.00000             3.03444
0.700000            -1.80062             2.47778             0.00000             3.06295
0.710000            -1.83906             2.48471             0.00000             3.09127
0.720000            -1.87727             2.49130             0.00000             3.11941
0.730000            -1.91522             2.49756             0.00000             3.14736
0.740000            -1.95294             2.50351             0.00000             3.17515
0.750000            -1.99041             2.50916             0.00000             3.20275
0.760000            -2.02764             2.51450             0.00000             3.23018
0.770000            -2.06464             2.51954             0.00000             3.25743
0.780000            -2.10140             2.52430             0.00000             3.28451
0.790000            -2.13793             2.52878             0.00000             3.31141
0.800000            -2.17422             2.53298             0.00000             3.33815
0.810000            -2.21029             2.53691             0.00000             3.36471
0.820000            -2.24612             2.54058             0.00000             3.39111
0.830000            -2.28173             2.54399             0.00000             3.41734
0.840000            -2.31711             2.54715             0.00000             3.44340
0.850000            -2.35227             2.55007             0.00000             3.46930
0.860000            -2.38720             2.55274             0.00000             3.49503
0.870000            -2.42192             2.55518             0.00000             3.52060
0.880000            -2.45641             2.55738             0.00000             3.54601
0.890000            -2.49069             2.55936             0.00000             3.57126
0.900000            -2.52475             2.56112             0.00000             3.59635
0.910000            -2.55860             2.56266             0.00000             3.62128
0.920000            -2.59224             2.56399             0.00000             3.64606
0.930000            -2.62566             2.56511             0.00000             3.67068
0.940000            -2.65887             2.56602             0.00000             3.69514
0.950000            -2.69188             2.56673             0.00000             3.71945
0.960000            -2.72468             2.56725             0.00000             3.74362
0.970000            -2.75728             2.56757             0.00000             3.76762
0.980000            -2.78967             2.56771             0.00000             3.79148
0.990000            -2.82186             2.56765             0.00000             3.81519
1.00000            -2.85384             2.56742             0.00000             3.83876
1.01000            -2.88563             2.56700             0.00000             3.86217
1.02000            -2.91722             2.56641             0.00000             3.88544
1.03000            -2.94862             2.56565             0.00000             3.90857
1.04000            -2.97982             2.56472             0.00000             3.93155
1.05000            -3.01083             2.56362             0.00000             3.95439
1.06000            -3.04164             2.56235             0.00000             3.97709
1.07000            -3.07226             2.56093             0.00000             3.99965
1.08000            -3.10270             2.55935             0.00000             4.02206
1.09000            -3.13294             2.55761             0.00000             4.04434
1.10000            -3.16300             2.55572             0.00000             4.06649
1.11000            -3.19288             2.55368             0.00000             4.08849
1.12000            -3.22256             2.55149             0.00000             4.11036
1.13000            -3.25207             2.54916             0.00000             4.13209
1.14000            -3.28139             2.54669             0.00000             4.15369
1.15000            -3.31054             2.54407             0.00000             4.17516
1.16000            -3.33950             2.54132             0.00000             4.19649
1.17000            -3.36828             2.53843             0.00000             4.21770
1.18000            -3.39689             2.53541             0.00000             4.23877
1.19000            -3.42532             2.53225             0.00000             4.25971
1.20000            -3.45358             2.52897             0.00000             4.28052
1.21000            -3.48166             2.52556             0.00000             4.30121
1.22000            -3.50957             2.52202             0.00000             4.32177
1.23000            -3.53731             2.51836             0.00000             4.34220
1.24000            -3.56488             2.51458             0.00000             4.36251
1.25000            -3.59228             2.51068             0.00000             4.38269
1.26000            -3.61951             2.50666             0.00000             4.40275
1.27000            -3.64657             2.50253             0.00000             4.42268
1.28000            -3.67346             2.49828             0.00000             4.44249
1.29000            -3.70019             2.49392             0.00000             4.46218
1.30000            -3.72676             2.48945             0.00000             4.48175
1.31000            -3.75316             2.48487             0.00000             4.50120
1.32000            -3.77940             2.48018             0.00000             4.52053
1.33000            -3.80548             2.47538             0.00000             4.53974
1.34000            -3.83140             2.47049             0.00000             4.55883
1.35000            -3.85716             2.46548             0.00000             4.57780
1.36000            -3.88276             2.46038             0.00000             4.59666
1.37000            -3.90820             2.45518             0.00000             4.61540
1.38000            -3.93348             2.44988             0.00000             4.63402
1.39000            -3.95861             2.44448             0.00000             4.65253
1.40000            -3.98359             2.43898             0.00000             4.67093
1.41000            -4.00840             2.43339             0.00000             4.68921
1.42000            -4.03307             2.42771             0.00000             4.70738
1.43000            -4.05758             2.42194             0.00000             4.72544
1.44000            -4.08195             2.41607             0.00000             4.74338
1.45000            -4.10616             2.41012             0.00000             4.76122
1.46000            -4.13022             2.40407             0.00000             4.77894
1.47000            -4.15413             2.39794             0.00000             4.79655
1.48000            -4.17789             2.39173             0.00000             4.81405
1.49000            -4.20150             2.38543             0.00000             4.83145
1.50000            -4.22497             2.37905             0.00000             4.84873
1.51000            -4.24829             2.37258             0.00000             4.86591
1.52000            -4.27147             2.36603             0.00000             4.88298
1.53000            -4.29450             2.35940             0.00000             4.89995
1.54000            -4.31738             2.35270             0.00000             4.91681
1.55000            -4.34013             2.34591             0.00000             4.93356
1.56000            -4.36273             2.33905             0.00000             4.95021
1.57000            -4.38519             2.33211             0.00000             4.96675
1.58000            -4.40750             2.32510             0.00000             4.98319
1.59000            -4.42968             2.31801             0.00000             4.99952
1.60000            -4.45172             2.31085             0.00000             5.01576
1.61000            -4.47361             2.30362             0.00000             5.03189
1.62000            -4.49537             2.29632             0.00000             5.04791
1.63000            -4.51699             2.28894             0.00000             5.06384
1.64000            -4.53847             2.28150             0.00000             5.07966
1.65000            -4.55982             2.27398             0.00000             5.09539
1.66000            -4.58103             2.26640             0.00000             5.11101
1.67000            -4.60211             2.25876             0.00000             5.12654
1.68000            -4.62305             2.25104             0.00000             5.14196
1.69000            -4.64385             2.24326             0.00000             5.15729
1.70000            -4.66453             2.23542             0.00000             5.17251
1.71000            -4.68506             2.22751             0.00000             5.18764
1.72000            -4.70547             2.21954             0.00000             5.20267
1.73000            -4.72575             2.21151             0.00000             5.21761
1.74000            -4.74589             2.20341             0.00000             5.23245
1.75000            -4.76590             2.19526             0.00000             5.24719
1.76000            -4.78578             2.18704             0.00000             5.26183
1.77000            -4.80554             2.17877             0.00000             5.27638
1.78000            -4.82516             2.17043             0.00000             5.29084
1.79000            -4.84466             2.16204             0.00000             5.30520
1.80000            -4.86402             2.15360             0.00000             5.31946
1.81000            -4.88326             2.14509             0.00000             5.33364
1.82000            -4.90238             2.13653             0.00000             5.34771
1.83000            -4.92136             2.12792             0.00000             5.36170
1.84000            -4.94022             2.11925             0.00000             5.37559
1.85000            -4.95895             2.11052             0.00000             5.38939
1.86000            -4.97756             2.10175             0.00000             5.40310
1.87000            -4.99605             2.09292             0.00000             5.41671
1.88000            -5.01441             2.08403             0.00000             5.43024
1.89000            -5.03265             2.07510             0.00000             5.44367
1.90000            -5.05076             2.06612             0.00000             5.45701
1.91000            -5.06875             2.05708             0.00000             5.47027
1.92000            -5.08662             2.04800             0.00000             5.48343
1.93000            -5.10437             2.03887             0.00000             5.49650
1.94000            -5.12199             2.02969             0.00000             5.50948
1.95000            -5.13950             2.02046             0.00000             5.52238
1.96000            -5.15688             2.01118             0.00000             5.53518
1.97000            -5.17414             2.00186             0.00000             5.54790
1.98000            -5.19129             1.99249             0.00000             5.56053
1.99000            -5.20831             1.98307             0.00000             5.57307
2.00000            -5.22522             1.97361             0.00000             5.58552
2.01000            -5.24201             1.96411             0.00000             5.59789
2.02000            -5.25868             1.95456             0.00000             5.61017
2.03000            -5.27523             1.94496             0.00000             5.62236
2.04000            -5.29167             1.93533             0.00000             5.63447
2.05000            -5.30798             1.92565             0.00000             5.64649
2.06000            -5.32419             1.91593             0.00000             5.65842
2.07000            -5.34027             1.90617             0.00000             5.67027
2.08000            -5.35624             1.89636             0.00000             5.68204
2.09000            -5.37210             1.88652             0.00000             5.69371
2.10000            -5.38784             1.87663             0.00000             5.70531
2.11000            -5.40346             1.86671             0.00000             5.71682
2.12000            -5.41898             1.85674             0.00000             5.72825
2.13000            -5.43437             1.84674             0.00000             5.73959
2.14000            -5.44966             1.83669             0.00000             5.75085
2.15000            -5.46483             1.82661             0.00000             5.76202
2.16000            -5.47989             1.81650             0.00000             5.77311
2.17000            -5.49483             1.80634             0.00000             5.78412
2.18000            -5.50967             1.79615             0.00000             5.79505
2.19000            -5.52439             1.78592             0.00000             5.80589
2.20000            -5.53900             1.77566             0.00000             5.81666
2.21000            -5.55350             1.76535             0.00000             5.82734
2.22000            -5.56789             1.75502             0.00000             5.83794
2.23000            -5.58217             1.74465             0.00000             5.84845
2.24000            -5.59634             1.73424             0.00000             5.85889
2.25000            -5.61039             1.72381             0.00000             5.86924
2.26000            -5.62434             1.71333             0.00000             5.87952
2.27000            -5.63818             1.70283             0.00000             5.88971
2.28000            -5.65191             1.69229             0.00000             5.89983
2.29000            -5.66553             1.68172             0.00000             5.90986
2.30000            -5.67905             1.67111             0.00000             5.91982
2.31000            -5.69245             1.66048             0.00000             5.92969
2.32000            -5.70575             1.64981             0.00000             5.93948
2.33000            -5.71894             1.63911             0.00000             5.94920
2.34000            -5.73202             1.62839             0.00000             5.95884
2.35000            -5.74500             1.61763             0.00000             5.96840
2.36000            -5.75787             1.60684             0.00000             5.97788
2.37000            -5.77063             1.59602             0.00000             5.98728
2.38000            -5.78329             1.58517             0.00000             5.99660
2.39000            -5.79584             1.57429             0.00000             6.00585
2.40000            -5.80829             1.56339             0.00000             6.01501
2.41000            -5.82063             1.55246             0.00000             6.02410
2.42000            -5.83286             1.54149             0.00000             6.03311
2.43000            -5.84499             1.53050             0.00000             6.04205
2.44000            -5.85702             1.51949             0.00000             6.05091
2.45000            -5.86894             1.50844             0.00000             6.05969
2.46000            -5.88075             1.49737             0.00000             6.06839
2.47000            -5.89247             1.48627             0.00000             6.07702
2.48000            -5.90408             1.47515             0.00000             6.08557
2.49000            -5.91558             1.46400             0.00000             6.09405
2.50000            -5.92698             1.45283             0.00000             6.10245
2.51000            -5.93828             1.44163             0.00000             6.11077
2.52000            -5.94948             1.43040             0.00000             6.11902
2.53000            -5.96058             1.41915             0.00000             6.12719
2.54000            -5.97157             1.40788             0.00000             6.13529
2.55000            -5.98246             1.39658             0.00000             6.14331
2.56000            -5.99325             1.38526             0.00000             6.15125
2.57000            -6.00393             1.37391             0.00000             6.15913
2.58000            -6.01452             1.36254             0.00000             6.16692
2.59000            -6.02500             1.35115             0.00000             6.17465
2.60000            -6.03538             1.33974             0.00000             6.18229
2.61000            -6.04567             1.32830             0.00000             6.18987
2.62000            -6.05585             1.31684             0.00000             6.19737
2.63000            -6.06593             1.30536             0.00000             6.20479
2.64000            -6.07591             1.29386             0.00000             6.21214
2.65000            -6.08579             1.28233             0.00000             6.21942
2.66000            -6.09557             1.27079             0.00000             6.22663
2.67000            -6.10525             1.25923             0.00000             6.23376
2.68000            -6.11483             1.24764             0.00000             6.24082
2.69000            -6.12432             1.23603             0.00000             6.24780
2.70000            -6.13370             1.22441             0.00000             6.25471
2.71000            -6.14298             1.21276             0.00000             6.26155
2.72000            -6.15217             1.20110             0.00000             6.26832
2.73000            -6.16125             1.18941             0.00000             6.27501
2.74000            -6.17024             1.17771             0.00000             6.28163
2.75000            -6.17913             1.16599             0.00000             6.28818
2.76000            -6.18792             1.15424             0.00000             6.29466
2.77000            -6.19662             1.14249             0.00000             6.30106
2.78000            -6.20522             1.13071             0.00000             6.30739
2.79000            -6.21371             1.11891             0.00000             6.31365
2.80000            -6.22211             1.10710             0.00000             6.31984
2.81000            -6.23042             1.09527             0.00000             6.32596
2.82000            -6.23863             1.08342             0.00000             6.33200
2.83000            -6.24673             1.07156             0.00000             6.33798
2.84000            -6.25475             1.05968             0.00000             6.34388
2.85000            -6.26266             1.04778             0.00000             6.34971
2.86000            -6.27048             1.03587             0.00000             6.35547
2.87000            -6.27821             1.02394             0.00000             6.36116
2.88000            -6.28583             1.01200             0.00000             6.36678
2.89000            -6.29336             1.00004             0.00000             6.37232
2.90000            -6.30080            0.988061             0.00000             6.37780
2.91000            -6.30814            0.976071             0.00000             6.38320
2.92000            -6.31538            0.964065             0.00000             6.38854
2.93000            -6.32253            0.952046             0.00000             6.39380
2.94000            -6.32958            0.940011             0.00000             6.39900
2.95000            -6.33653            0.927963             0.00000             6.40412
2.96000            -6.34340            0.915901             0.00000             6.40918
2.97000            -6.35016            0.903825             0.00000             6.41416
2.98000            -6.35683            0.891735             0.00000             6.41907
2.99000            -6.36341            0.879633             0.00000             6.42392
3.00000            -6.36989            0.867517             0.00000             6.42869
3.01000            -6.37628            0.855388             0.00000             6.43340
3.02000            -6.38257            0.843246             0.00000             6.43803
3.03000            -6.38877            0.831092             0.00000             6.44260
3.04000            -6.39487            0.818926             0.00000             6.44709
3.05000            -6.40088            0.806748             0.00000             6.45152
3.06000            -6.40680            0.794558             0.00000             6.45588
3.07000            -6.41262            0.782356             0.00000             6.46016
3.08000            -6.41834            0.770143             0.00000             6.46438
3.09000            -6.42398            0.757918             0.00000             6.46853
3.10000            -6.42952            0.745683             0.00000             6.47261
3.11000            -6.43496            0.733436             0.00000             6.47663
3.12000            -6.44032            0.721179             0.00000             6.48057
3.13000            -6.44557            0.708911             0.00000             6.48444
3.14000            -6.45074            0.696634             0.00000             6.48825
3.15000            -6.45581            0.684346             0.00000             6.49198
3.16000            -6.46079            0.672048             0.00000             6.49565
3.17000            -6.46568            0.659741             0.00000             6.49925
3.18000            -6.47047            0.647424             0.00000             6.50278
3.19000            -6.47517            0.635097             0.00000             6.50624
3.20000            -6.47978            0.622762             0.00000             6.50964
3.21000            -6.48430            0.610418             0.00000             6.51296
3.22000            -6.48872            0.598065             0.00000             6.51622
3.23000            -6.49305            0.585703             0.00000             6.51941
3.24000            -6.49729            0.573333             0.00000             6.52253
3.25000            -6.50143            0.560955             0.00000             6.52559
3.26000            -6.50548            0.548570             0.00000             6.52857
3.27000            -6.50944            0.536176             0.00000             6.53149
3.28000            -6.51331            0.523774             0.00000             6.53434
3.29000            -6.51709            0.511366             0.00000             6.53712
3.30000            -6.52077            0.498950             0.00000             6.53983
3.31000            -6.52436            0.486527             0.00000             6.54248
3.32000            -6.52786            0.474097             0.00000             6.54506
3.33000            -6.53127            0.461660             0.00000             6.54757
3.34000            -6.53459            0.449217             0.00000             6.55001
3.35000            -6.53781            0.436768             0.00000             6.55238
3.36000            -6.54094            0.424312             0.00000             6.55469
3.37000            -6.54398            0.411851             0.00000             6.55693
3.38000            -6.54693            0.399384             0.00000             6.55910
3.39000            -6.54979            0.386911             0.00000             6.56121
3.40000            -6.55256            0.374433             0.00000             6.56324
3.41000            -6.55523            0.361949             0.00000             6.56521
3.42000            -6.55781            0.349461             0.00000             6.56712
3.43000            -6.56030            0.336967             0.00000             6.56895
3.44000            -6.56270            0.324469             0.00000             6.57072
3.45000            -6.56501            0.311967             0.00000             6.57242
3.46000            -6.56723            0.299460             0.00000             6.57405
3.47000            -6.56936            0.286949             0.00000             6.57562
3.48000            -6.57139            0.274434             0.00000             6.57712
3.49000            -6.57334            0.261915             0.00000             6.57855
3.50000            -6.57519            0.249392             0.00000             6.57992
3.51000            -6.57695            0.236866             0.00000             6.58121
3.52000            -6.57862            0.224337             0.00000             6.58244
3.53000            -6.58020            0.211805             0.00000             6.58361
3.54000            -6.58169            0.199269             0.00000             6.58470
3.55000            -6.58309            0.186731             0.00000             6.58573
3.56000            -6.58439            0.174191             0.00000             6.58670
3.57000            -6.58561            0.161648             0.00000             6.58759
3.58000            -6.58673            0.149103             0.00000             6.58842
3.59000            -6.58777            0.136555             0.00000             6.58918
3.60000            -6.58871            0.124006             0.00000             6.58988
3.61000            -6.58956            0.111455             0.00000             6.59050
3.62000            -6.59032           0.0989028             0.00000             6.59106
3.63000            -6.59099           0.0863490             0.00000             6.59156
3.64000            -6.59157           0.0737940             0.00000             6.59198
3.65000            -6.59206           0.0612380             0.00000             6.59234
3.66000            -6.59246           0.0486811             0.00000             6.59264
3.67000            -6.59276           0.0361236             0.00000             6.59286
3.68000            -6.59298           0.0235656             0.00000             6.59302
3.69000            -6.59310           0.0110073             0.00000             6.59311
3.70000            -6.59314         -0.00155124             0.00000             6.59314
3.71000            -6.59308          -0.0141097             0.00000             6.59310
3.72000            -6.59293          -0.0266680             0.00000             6.59299
3.73000            -6.59270          -0.0392259             0.00000             6.59281
3.74000            -6.59237          -0.0517833             0.00000             6.59257
3.75000            -6.59195          -0.0643399             0.00000             6.59226
3.76000            -6.59144          -0.0768957             0.00000             6.59188
3.77000            -6.59083          -0.0894504             0.00000             6.59144
3.78000            -6.59014           -0.102004             0.00000             6.59093
3.79000            -6.58936           -0.114556             0.00000             6.59035
3.80000            -6.58848           -0.127106             0.00000             6.58971
3.81000            -6.58752           -0.139655             0.00000             6.58900
3.82000            -6.58646           -0.152202             0.00000             6.58822
3.83000            -6.58532           -0.164747             0.00000             6.58738
3.84000            -6.58408           -0.177289             0.00000             6.58646
3.85000            -6.58275           -0.189829             0.00000             6.58549
3.86000            -6.58133           -0.202366             0.00000             6.58444
3.87000            -6.57982           -0.214901             0.00000             6.58333
3.88000            -6.57822           -0.227433             0.00000             6.58215
3.89000            -6.57652           -0.239961             0.00000             6.58090
3.90000            -6.57474           -0.252486             0.00000             6.57959
3.91000            -6.57286           -0.265008             0.00000             6.57820
3.92000            -6.57090           -0.277526             0.00000             6.57676
3.93000            -6.56884           -0.290040             0.00000             6.57524
3.94000            -6.56669           -0.302550             0.00000             6.57366
3.95000            -6.56445           -0.315056             0.00000             6.57201
3.96000            -6.56212           -0.327557             0.00000             6.57029
3.97000            -6.55970           -0.340054             0.00000             6.56851
3.98000            -6.55718           -0.352546             0.00000             6.56665
3.99000            -6.55458           -0.365033             0.00000             6.56473
4.00000            -6.55188           -0.377516             0.00000             6.56275
4.01000            -6.54909           -0.389993             0.00000             6.56069
4.02000            -6.54621           -0.402464             0.00000             6.55857
4.03000            -6.54324           -0.414930             0.00000             6.55638
4.04000            -6.54018           -0.427390             0.00000             6.55413
4.05000            -6.53702           -0.439844             0.00000             6.55180
4.06000            -6.53378           -0.452292             0.00000             6.54941
4.07000            -6.53044           -0.464733             0.00000             6.54695
4.08000            -6.52701           -0.477168             0.00000             6.54443
4.09000            -6.52348           -0.489596             0.00000             6.54183
4.10000            -6.51987           -0.502018             0.00000             6.53917
4.11000            -6.51616           -0.514432             0.00000             6.53644
4.12000            -6.51237           -0.526839             0.00000             6.53364
4.13000            -6.50848           -0.539238             0.00000             6.53078
4.14000            -6.50449           -0.551630             0.00000             6.52784
4.15000            -6.50042           -0.564014             0.00000             6.52484
4.16000            -6.49625           -0.576390             0.00000             6.52177
4.17000            -6.49199           -0.588758             0.00000             6.51863
4.18000            -6.48764           -0.601117             0.00000             6.51543
4.19000            -6.48319           -0.613468             0.00000             6.51215
4.20000            -6.47865           -0.625810             0.00000             6.50881
4.21000            -6.47402           -0.638143             0.00000             6.50540
4.22000            -6.46930           -0.650467             0.00000             6.50192
4.23000            -6.46448           -0.662782             0.00000             6.49837
4.24000            -6.45957           -0.675087             0.00000             6.49475
4.25000            -6.45457           -0.687382             0.00000             6.49107
4.26000            -6.44948           -0.699668             0.00000             6.48732
4.27000            -6.44429           -0.711943             0.00000             6.48349
4.28000            -6.43900           -0.724208             0.00000             6.47960
4.29000            -6.43363           -0.736463             0.00000             6.47564
4.30000            -6.42816           -0.748706             0.00000             6.47161
4.31000            -6.42260           -0.760939             0.00000             6.46752
4.32000            -6.41694           -0.773161             0.00000             6.46335
4.33000            -6.41119           -0.785371             0.00000             6.45911
4.34000            -6.40535           -0.797570             0.00000             6.45481
4.35000            -6.39941           -0.809758             0.00000             6.45044
4.36000            -6.39337           -0.821933             0.00000             6.44599
4.37000            -6.38725           -0.834096             0.00000             6.44148
4.38000            -6.38103           -0.846247             0.00000             6.43690
4.39000            -6.37471           -0.858385             0.00000             6.43224
4.40000            -6.36830           -0.870511             0.00000             6.42752
4.41000            -6.36180           -0.882624             0.00000             6.42273
4.42000            -6.35520           -0.894723             0.00000             6.41787
4.43000            -6.34850           -0.906810             0.00000             6.41294
4.44000            -6.34171           -0.918882             0.00000             6.40794
4.45000            -6.33483           -0.930941             0.00000             6.40287
4.46000            -6.32785           -0.942986             0.00000             6.39772
4.47000            -6.32077           -0.955016             0.00000             6.39251
4.48000            -6.31360           -0.967033             0.00000             6.38723
4.49000            -6.30634           -0.979034             0.00000             6.38188
4.50000            -6.29897           -0.991021             0.00000             6.37646
4.51000            -6.29151            -1.00299             0.00000             6.37096
4.52000            -6.28396            -1.01495             0.00000             6.36540
4.53000            -6.27631            -1.02689             0.00000             6.35976
4.54000            -6.26856            -1.03881             0.00000             6.35406
4.55000            -6.26072            -1.05072             0.00000             6.34828
4.56000            -6.25278            -1.06262             0.00000             6.34243
4.57000            -6.24474            -1.07449             0.00000             6.33651
4.58000            -6.23661            -1.08635             0.00000             6.33052
4.59000            -6.22838            -1.09819             0.00000             6.32446
4.60000            -6.22005            -1.11002             0.00000             6.31832
4.61000            -6.21163            -1.12183             0.00000             6.31212
4.62000            -6.20310            -1.13362             0.00000             6.30584
4.63000            -6.19448            -1.14539             0.00000             6.29949
4.64000            -6.18577            -1.15715             0.00000             6.29307
4.65000            -6.17695            -1.16888             0.00000             6.28657
4.66000            -6.16804            -1.18060             0.00000             6.28001
4.67000            -6.15902            -1.19230             0.00000             6.27337
4.68000            -6.14991            -1.20398             0.00000             6.26666
4.69000            -6.14070            -1.21564             0.00000             6.25987
4.70000            -6.13139            -1.22728             0.00000             6.25302
4.71000            -6.12199            -1.23890             0.00000             6.24609
4.72000            -6.11248            -1.25050             0.00000             6.23908
4.73000            -6.10287            -1.26208             0.00000             6.23201
4.74000            -6.09317            -1.27364             0.00000             6.22486
4.75000            -6.08336            -1.28518             0.00000             6.21764
4.76000            -6.07346            -1.29670             0.00000             6.21034
4.77000            -6.06345            -1.30820             0.00000             6.20297
4.78000            -6.05335            -1.31967             0.00000             6.19553
4.79000            -6.04314            -1.33113             0.00000             6.18801
4.80000            -6.03283            -1.34256             0.00000             6.18042
4.81000            -6.02242            -1.35397             0.00000             6.17275
4.82000            -6.01192            -1.36535             0.00000             6.16501
4.83000            -6.00131            -1.37672             0.00000             6.15719
4.84000            -5.99059            -1.38806             0.00000             6.14930
4.85000            -5.97978            -1.39937             0.00000             6.14134
4.86000            -5.96887            -1.41066             0.00000             6.13330
4.87000            -5.95785            -1.42193             0.00000             6.12518
4.88000            -5.94673            -1.43318             0.00000             6.11699
4.89000            -5.93551            -1.44440             0.00000             6.10872
4.90000            -5.92418            -1.45559             0.00000             6.10038
4.91000            -5.91275            -1.46676             0.00000             6.09196
4.92000            -5.90122            -1.47790             0.00000             6.08347
4.93000            -5.88959            -1.48902             0.00000             6.07490
4.94000            -5.87785            -1.50011             0.00000             6.06625
4.95000            -5.86601            -1.51117             0.00000             6.05753
4.96000            -5.85406            -1.52221             0.00000             6.04873
4.97000            -5.84201            -1.53322             0.00000             6.03985
4.98000            -5.82985            -1.54420             0.00000             6.03090
4.99000            -5.81759            -1.55516             0.00000             6.02187
5.00000            -5.80523            -1.56609             0.00000             6.01276
5.01000            -5.79275            -1.57698             0.00000             6.00357
5.02000            -5.78018            -1.58785             0.00000             5.99431
5.03000            -5.76749            -1.59870             0.00000             5.98497
5.04000            -5.75471            -1.60951             0.00000             5.97555
5.05000            -5.74181            -1.62029             0.00000             5.96605
5.06000            -5.72881            -1.63104             0.00000             5.95647
5.07000            -5.71570            -1.64176             0.00000             5.94681
5.08000            -5.70248            -1.65245             0.00000             5.93708
5.09000            -5.68916            -1.66311             0.00000             5.92726
5.10000            -5.67573            -1.67374             0.00000             5.91737
5.11000            -5.66219            -1.68433             0.00000             5.90739
5.12000            -5.64854            -1.69490             0.00000             5.89734
5.13000            -5.63478            -1.70543             0.00000             5.88721
5.14000            -5.62091            -1.71592             0.00000             5.87699
5.15000            -5.60694            -1.72639             0.00000             5.86670
5.16000            -5.59285            -1.73682             0.00000             5.85632
5.17000            -5.57866            -1.74721             0.00000             5.84587
5.18000            -5.56435            -1.75758             0.00000             5.83533
5.19000            -5.54993            -1.76790             0.00000             5.82471
5.20000            -5.53541            -1.77819             0.00000             5.81401
5.21000            -5.52077            -1.78845             0.00000             5.80323
5.22000            -5.50602            -1.79867             0.00000             5.79236
5.23000            -5.49116            -1.80885             0.00000             5.78142
5.24000            -5.47618            -1.81900             0.00000             5.77039
5.25000            -5.46110            -1.82911             0.00000             5.75927
5.26000            -5.44590            -1.83918             0.00000             5.74808
5.27000            -5.43059            -1.84921             0.00000             5.73680
5.28000            -5.41516            -1.85921             0.00000             5.72544
5.29000            -5.39962            -1.86916             0.00000             5.71399
5.30000            -5.38397            -1.87908             0.00000             5.70246
5.31000            -5.36820            -1.88895             0.00000             5.69084
5.32000            -5.35232            -1.89879             0.00000             5.67914
5.33000            -5.33632            -1.90858             0.00000             5.66736
5.34000            -5.32020            -1.91833             0.00000             5.65549
5.35000            -5.30397            -1.92804             0.00000             5.64353
5.36000            -5.28762            -1.93771             0.00000             5.63149
5.37000            -5.27116            -1.94734             0.00000             5.61936
5.38000            -5.25458            -1.95692             0.00000             5.60715
5.39000            -5.23788            -1.96646             0.00000             5.59485
5.40000            -5.22106            -1.97595             0.00000             5.58246
5.41000            -5.20413            -1.98540             0.00000             5.56999
5.42000            -5.18707            -1.99481             0.00000             5.55742
5.43000            -5.16990            -2.00417             0.00000             5.54477
5.44000            -5.15260            -2.01348             0.00000             5.53203
5.45000            -5.13519            -2.02274             0.00000             5.51921
5.46000            -5.11765            -2.03196             0.00000             5.50629
5.47000            -5.10000            -2.04113             0.00000             5.49329
5.48000            -5.08222            -2.05025             0.00000             5.48019
5.49000            -5.06432            -2.05932             0.00000             5.46701
5.50000            -5.04630            -2.06834             0.00000             5.45373
5.51000            -5.02816            -2.07731             0.00000             5.44037
5.52000            -5.00989            -2.08623             0.00000             5.42691
5.53000            -4.99150            -2.09510             0.00000             5.41337
5.54000            -4.97299            -2.10392             0.00000             5.39973
5.55000            -4.95435            -2.11268             0.00000             5.38600
5.56000            -4.93558            -2.12139             0.00000             5.37218
5.57000            -4.91669            -2.13005             0.00000             5.35826
5.58000            -4.89767            -2.13865             0.00000             5.34425
5.59000            -4.87853            -2.14720             0.00000             5.33015
5.60000            -4.85926            -2.15569             0.00000             5.31596
5.61000            -4.83986            -2.16412             0.00000             5.30167
5.62000            -4.82033            -2.17250             0.00000             5.28728
5.63000            -4.80068            -2.18082             0.00000             5.27281
5.64000            -4.78089            -2.18908             0.00000             5.25823
5.65000            -4.76098            -2.19728             0.00000             5.24356
5.66000            -4.74093            -2.20542             0.00000             5.22880
5.67000            -4.72076            -2.21350             0.00000             5.21394
5.68000            -4.70045            -2.22152             0.00000             5.19898
5.69000            -4.68001            -2.22947             0.00000             5.18392
5.70000            -4.65944            -2.23736             0.00000             5.16877
5.71000            -4.63873            -2.24519             0.00000             5.15352
5.72000            -4.61790            -2.25295             0.00000             5.13817
5.73000            -4.59692            -2.26065             0.00000             5.12272
5.74000            -4.57581            -2.26828             0.00000             5.10717
5.75000            -4.55457            -2.27585             0.00000             5.09152
5.76000            -4.53319            -2.28334             0.00000             5.07577
5.77000            -4.51167            -2.29077             0.00000             5.05992
5.78000            -4.49002            -2.29813             0.00000             5.04397
5.79000            -4.46822            -2.30541             0.00000             5.02792
5.80000            -4.44629            -2.31263             0.00000             5.01176
5.81000            -4.42422            -2.31977             0.00000             4.99551
5.82000            -4.40201            -2.32684             0.00000             4.97915
5.83000            -4.37966            -2.33384             0.00000             4.96268
5.84000            -4.35717            -2.34075             0.00000             4.94611
5.85000            -4.33453            -2.34760             0.00000             4.92944
5.86000            -4.31175            -2.35436             0.00000             4.91266
5.87000            -4.28883            -2.36105             0.00000             4.89578
5.88000            -4.26576            -2.36766             0.00000             4.87879
5.89000            -4.24255            -2.37419             0.00000             4.86169
5.90000            -4.21920            -2.38063             0.00000             4.84448
5.91000            -4.19569            -2.38699             0.00000             4.82717
5.92000            -4.17204            -2.39327             0.00000             4.80975
5.93000            -4.14824            -2.39947             0.00000             4.79222
5.94000            -4.12430            -2.40558             0.00000             4.77458
5.95000            -4.10020            -2.41160             0.00000             4.75683
5.96000            -4.07595            -2.41753             0.00000             4.73897
5.97000            -4.05155            -2.42337             0.00000             4.72100
5.98000            -4.02700            -2.42912             0.00000             4.70291
5.99000            -4.00230            -2.43478             0.00000             4.68472
6.00000            -3.97744            -2.44035             0.00000             4.66641
6.01000            -3.95243            -2.44582             0.00000             4.64798
6.02000            -3.92726            -2.45120             0.00000             4.62944
6.03000            -3.90194            -2.45647             0.00000             4.61079
6.04000            -3.87646            -2.46165             0.00000             4.59202
6.05000            -3.85082            -2.46673             0.00000             4.57314
6.06000            -3.82502            -2.47171             0.00000             4.55413
6.07000            -3.79906            -2.47658             0.00000             4.53501
6.08000            -3.77295            -2.48135             0.00000             4.51577
6.09000            -3.74667            -2.48601             0.00000             4.49642
6.10000            -3.72022            -2.49056             0.00000             4.47694
6.11000            -3.69362            -2.49501             0.00000             4.45734
6.12000            -3.66685            -2.49934             0.00000             4.43762
6.13000            -3.63991            -2.50356             0.00000             4.41778
6.14000            -3.61281            -2.50767             0.00000             4.39781
6.15000            -3.58553            -2.51166             0.00000             4.37773
6.16000            -3.55809            -2.51553             0.00000             4.35751
6.17000            -3.53048            -2.51928             0.00000             4.33718
6.18000            -3.50270            -2.52291             0.00000             4.31671
6.19000            -3.47475            -2.52641             0.00000             4.29612
6.20000            -3.44663            -2.52979             0.00000             4.27541
6.21000            -3.41833            -2.53305             0.00000             4.25456
6.22000            -3.38985            -2.53617             0.00000             4.23359
6.23000            -3.36120            -2.53916             0.00000             4.21248
6.24000            -3.33237            -2.54201             0.00000             4.19125
6.25000            -3.30337            -2.54473             0.00000             4.16988
6.26000            -3.27418            -2.54731             0.00000             4.14838
6.27000            -3.24481            -2.54975             0.00000             4.12675
6.28000            -3.21526            -2.55205             0.00000             4.10498
6.29000            -3.18553            -2.55420             0.00000             4.08308
6.30000            -3.15561            -2.55620             0.00000             4.06104
6.31000            -3.12550            -2.55806             0.00000             4.03886
6.32000            -3.09521            -2.55976             0.00000             4.01655
6.33000            -3.06473            -2.56130             0.00000             3.99410
6.34000            -3.03406            -2.56268             0.00000             3.97151
6.35000            -3.00320            -2.56391             0.00000             3.94877
6.36000            -2.97214            -2.56497             0.00000             3.92590
6.37000            -2.94090            -2.56586             0.00000             3.90288
6.38000            -2.90945            -2.56658             0.00000             3.87972
6.39000            -2.87781            -2.56712             0.00000             3.85641
6.40000            -2.84597            -2.56749             0.00000             3.83296
6.41000            -2.81394            -2.56769             0.00000             3.80936
6.42000            -2.78170            -2.56769             0.00000             3.78562
6.43000            -2.74926            -2.56751             0.00000             3.76172
6.44000            -2.71661            -2.56714             0.00000             3.73767
6.45000            -2.68376            -2.56658             0.00000             3.71348
6.46000            -2.65070            -2.56582             0.00000             3.68912
6.47000            -2.61744            -2.56485             0.00000             3.66462
6.48000            -2.58396            -2.56368             0.00000             3.63996
6.49000            -2.55027            -2.56230             0.00000             3.61515
6.50000            -2.51637            -2.56071             0.00000             3.59018
6.51000            -2.48226            -2.55890             0.00000             3.56505
6.52000            -2.44793            -2.55686             0.00000             3.53976
6.53000            -2.41338            -2.55460             0.00000             3.51431
6.54000            -2.37861            -2.55211             0.00000             3.48870
6.55000            -2.34362            -2.54937             0.00000             3.46293
6.56000            -2.30841            -2.54640             0.00000             3.43699
6.57000            -2.27297            -2.54318             0.00000             3.41089
6.58000            -2.23731            -2.53970             0.00000             3.38462
6.59000            -2.20142            -2.53597             0.00000             3.35818
6.60000            -2.16530            -2.53197             0.00000             3.33157
6.61000            -2.12894            -2.52770             0.00000             3.30479
6.62000            -2.09236            -2.52315             0.00000             3.27785
6.63000            -2.05554            -2.51833             0.00000             3.25073
6.64000            -2.01848            -2.51321             0.00000             3.22343
6.65000            -1.98119            -2.50780             0.00000             3.19596
6.66000            -1.94366            -2.50208             0.00000             3.16831
6.67000            -1.90588            -2.49605             0.00000             3.14049
6.68000            -1.86787            -2.48971             0.00000             3.11248
6.69000            -1.82961            -2.48303             0.00000             3.08430
6.70000            -1.79110            -2.47603             0.00000             3.05594
6.71000            -1.75234            -2.46868             0.00000             3.02739
6.72000            -1.71334            -2.46098             0.00000             2.99866
6.73000            -1.67408            -2.45292             0.00000             2.96974
6.74000            -1.63457            -2.44449             0.00000             2.94064
6.75000            -1.59481            -2.43568             0.00000             2.91135
6.76000            -1.55480            -2.42648             0.00000             2.88187
6.77000            -1.51452            -2.41688             0.00000             2.85221
6.78000            -1.47399            -2.40687             0.00000             2.82235
6.79000            -1.43320            -2.39644             0.00000             2.79231
6.80000            -1.39215            -2.38557             0.00000             2.76207
6.81000            -1.35084            -2.37426             0.00000             2.73164
6.82000            -1.30927            -2.36248             0.00000             2.70102
6.83000            -1.26743            -2.35023             0.00000             2.67020
6.84000            -1.22534            -2.33750             0.00000             2.63919
6.85000            -1.18298            -2.32426             0.00000             2.60799
6.86000            -1.14035            -2.31050             0.00000             2.57659
6.87000            -1.09747            -2.29622             0.00000             2.54500
6.88000            -1.05432            -2.28138             0.00000             2.51322
6.89000            -1.01090            -2.26597             0.00000             2.48124
6.90000           -0.967231            -2.24998             0.00000             2.44907
6.91000           -0.923298            -2.23339             0.00000             2.41671
6.92000           -0.879107            -2.21616             0.00000             2.38416
6.93000           -0.834659            -2.19830             0.00000             2.35142
6.94000           -0.789959            -2.17976             0.00000             2.31849
6.95000           -0.745008            -2.16054             0.00000             2.28538
6.96000           -0.699811            -2.14060             0.00000             2.25209
6.97000           -0.654372            -2.11992             0.00000             2.21862
6.98000           -0.608696            -2.09848             0.00000             2.18497
6.99000           -0.562791            -2.07624             0.00000             2.15116
7.00000           -0.516662            -2.05317             0.00000             2.11718
7.01000           -0.470318            -2.02925             0.00000             2.08304
7.02000           -0.423769            -2.00445             0.00000             2.04876
7.03000           -0.377026            -1.97872             0.00000             2.01432
7.04000           -0.330100            -1.95204             0.00000             1.97976
7.05000           -0.283007            -1.92437             0.00000             1.94507
7.06000           -0.235762            -1.89566             0.00000             1.91027
7.07000           -0.188384            -1.86588             0.00000             1.87537
7.08000           -0.140894            -1.83499             0.00000             1.84039
7.09000          -0.0933139            -1.80293             0.00000             1.80534
7.10000          -0.0456720            -1.76966             0.00000             1.77025
7.11000          0.00200213            -1.73513             0.00000             1.73513
7.12000           0.0496744            -1.69929             0.00000             1.70001
7.13000           0.0973063            -1.66208             0.00000             1.66493
7.14000            0.144854            -1.62346             0.00000             1.62990
7.15000            0.192270            -1.58335             0.00000             1.59498
7.16000            0.239498            -1.54170             0.00000             1.56019
7.17000            0.286477            -1.49845             0.00000             1.52559
7.18000            0.333136            -1.45353             0.00000             1.49122
7.19000            0.379397            -1.40688             0.00000             1.45714
7.20000            0.425174            -1.35844             0.00000             1.42342
7.21000            0.470368            -1.30813             0.00000             1.39013
7.22000            0.514870            -1.25591             0.00000             1.35735
7.23000            0.558557            -1.20170             0.00000             1.32517
7.24000            0.601296            -1.14546             0.00000             1.29369
7.25000            0.642937            -1.08712             0.00000             1.26301
7.26000            0.683318            -1.02666             0.00000             1.23327
7.27000            0.722259           -0.964038             0.00000             1.20459
7.28000            0.759567           -0.899240             0.00000             1.17710
7.29000            0.795036           -0.832267             0.00000             1.15098
7.30000            0.828445           -0.763141             0.00000             1.12637
7.31000            0.859565           -0.691910             0.00000             1.10345
7.32000            0.888160           -0.618647             0.00000             1.08238
7.33000            0.913989           -0.543462             0.00000             1.06336
7.34000            0.936818           -0.466495             0.00000             1.04654
7.35000            0.956422           -0.387925             0.00000             1.03210
7.36000            0.972594           -0.307965             0.00000             1.02019
7.37000            0.985153           -0.226862             0.00000             1.01094
7.38000            0.993951           -0.144894             0.00000             1.00446
7.39000            0.998880          -0.0623629             0.00000             1.00082
7.40000            0.999880           0.0204130             0.00000             1.00009
7.41000            0.996938            0.103109             0.00000             1.00226
7.42000            0.990090            0.185401             0.00000             1.00730
7.43000            0.979422            0.266978             0.00000             1.01516
7.44000            0.965061            0.347551             0.00000             1.02574
7.45000            0.947172            0.426855             0.00000             1.03891
7.46000            0.925950            0.504659             0.00000             1.05454
7.47000            0.901613            0.580767             0.00000             1.07247
7.48000            0.874390            0.655020             0.00000             1.09252
7.49000            0.844521            0.727292             0.00000             1.11453
7.50000            0.812242            0.797493             0.00000             1.13830
7.51000            0.777789            0.865562             0.00000             1.16368
7.52000            0.741386            0.931464             0.00000             1.19050
7.53000            0.703248            0.995188             0.00000             1.21859
7.54000            0.663574             1.05674             0.00000             1.24781
7.55000            0.622551             1.11615             0.00000             1.27803
7.56000            0.580348             1.17345             0.00000             1.30912
7.57000            0.537124             1.22868             0.00000             1.34096
7.58000            0.493019             1.28190             0.00000             1.37344
7.59000            0.448161             1.33317             0.00000             1.40649
7.60000            0.402667             1.38255             0.00000             1.44000
7.61000            0.356640             1.43010             0.00000             1.47390
7.62000            0.310171             1.47589             0.00000             1.50813
7.63000            0.263346             1.51998             0.00000             1.54262
7.64000            0.216236             1.56243             0.00000             1.57732
7.65000            0.168908             1.60331             0.00000             1.61218
7.66000            0.121420             1.64268             0.00000             1.64716
7.67000           0.0738250             1.68060             0.00000             1.68222
7.68000           0.0261681             1.71713             0.00000             1.71733
7.69000          -0.0215097             1.75231             0.00000             1.75245
7.70000          -0.0691720             1.78622             0.00000             1.78755
7.71000           -0.116787             1.81888             0.00000             1.82263
7.72000           -0.164326             1.85036             0.00000             1.85765
7.73000           -0.211764             1.88070             0.00000             1.89259
7.74000           -0.259079             1.90995             0.00000             1.92744
7.75000           -0.306251             1.93814             0.00000             1.96219
7.76000           -0.353263             1.96532             0.00000             1.99682
7.77000           -0.400101             1.99153             0.00000             2.03132
7.78000           -0.446750             2.01679             0.00000             2.06568
7.79000           -0.493199             2.04115             0.00000             2.09989
7.80000           -0.539438             2.06465             0.00000             2.13395
7.81000           -0.585457             2.08730             0.00000             2.16785
7.82000           -0.631251             2.10915             0.00000             2.20158
7.83000           -0.676810             2.13021             0.00000             2.23514
7.84000           -0.722131             2.15052             0.00000             2.26853
7.85000           -0.767207             2.17010             0.00000             2.30173
7.86000           -0.812035             2.18899             0.00000             2.33475
7.87000           -0.856611             2.20719             0.00000             2.36759
7.88000           -0.900932             2.22473             0.00000             2.40023
7.89000           -0.944996             2.24164             0.00000             2.43269
7.90000           -0.988801             2.25794             0.00000             2.46496
7.91000            -1.03235             2.27364             0.00000             2.49703
7.92000            -1.07563             2.28876             0.00000             2.52891
7.93000            -1.11865             2.30333             0.00000             2.56060
7.94000            -1.16141             2.31735             0.00000             2.59210
7.95000            -1.20390             2.33085             0.00000             2.62340
7.96000            -1.24613             2.34384             0.00000             2.65451
7.97000            -1.28810             2.35633             0.00000             2.68542
7.98000            -1.32980             2.36834             0.00000             2.71614
7.99000            -1.37125             2.37989             0.00000             2.74667
8.00000            -1.41243             2.39098             0.00000             2.77700
8.01000            -1.45335             2.40163             0.00000             2.80715
8.02000            -1.49401             2.41186             0.00000             2.83710
8.03000            -1.53442             2.42166             0.00000             2.86686
8.04000            -1.57456             2.43106             0.00000             2.89643
8.05000            -1.61445             2.44007             0.00000             2.92582
8.06000            -1.65409             2.44869             0.00000             2.95501
8.07000            -1.69347             2.45694             0.00000             2.98402
8.08000            -1.73261             2.46482             0.00000             3.01285
8.09000            -1.77149             2.47234             0.00000             3.04149
8.10000            -1.81012             2.47952             0.00000             3.06994
8.11000            -1.84851             2.48636             0.00000             3.09822
8.12000            -1.88665             2.49287             0.00000             3.12631
8.13000            -1.92454             2.49906             0.00000             3.15423
8.14000            -1.96220             2.50493             0.00000             3.18197
8.15000            -1.99961             2.51050             0.00000             3.20953
8.16000            -2.03679             2.51576             0.00000             3.23691
8.17000            -2.07373             2.52074             0.00000             3.26412
8.18000            -2.11043             2.52543             0.00000             3.29115
8.19000            -2.14690             2.52983             0.00000             3.31802
8.20000            -2.18314             2.53397             0.00000             3.34471
8.21000            -2.21915             2.53784             0.00000             3.37123
8.22000            -2.25492             2.54144             0.00000             3.39759
8.23000            -2.29048             2.54479             0.00000             3.42378
8.24000            -2.32580             2.54789             0.00000             3.44980
8.25000            -2.36091             2.55074             0.00000             3.47565
8.26000            -2.39579             2.55336             0.00000             3.50135
8.27000            -2.43045             2.55574             0.00000             3.52688
8.28000            -2.46489             2.55789             0.00000             3.55225
8.29000            -2.49911             2.55981             0.00000             3.57746
8.30000            -2.53312             2.56152             0.00000             3.60251
8.31000            -2.56692             2.56300             0.00000             3.62740
8.32000            -2.60050             2.56428             0.00000             3.65214
8.33000            -2.63387             2.56535             0.00000             3.67672
8.34000            -2.66703             2.56621             0.00000             3.70115
8.35000            -2.69999             2.56688             0.00000             3.72542
8.36000            -2.73274             2.56734             0.00000             3.74955
8.37000            -2.76528             2.56762             0.00000             3.77352
8.38000            -2.79762             2.56771             0.00000             3.79734
8.39000            -2.82976             2.56761             0.00000             3.82102
8.40000            -2.86170             2.56733             0.00000             3.84454
8.41000            -2.89344             2.56687             0.00000             3.86792
8.42000            -2.92499             2.56624             0.00000             3.89116
8.43000            -2.95633             2.56543             0.00000             3.91425
8.44000            -2.98748             2.56446             0.00000             3.93720
8.45000            -3.01844             2.56332             0.00000             3.96000
8.46000            -3.04921             2.56201             0.00000             3.98266
8.47000            -3.07979             2.56055             0.00000             4.00519
8.48000            -3.11017             2.55893             0.00000             4.02757
8.49000            -3.14037             2.55716             0.00000             4.04981
8.50000            -3.17039             2.55523             0.00000             4.07192
8.51000            -3.20021             2.55315             0.00000             4.09389
8.52000            -3.22986             2.55093             0.00000             4.11573
8.53000            -3.25932             2.54856             0.00000             4.13743
8.54000            -3.28860             2.54605             0.00000             4.15900
8.55000            -3.31770             2.54340             0.00000             4.18043
8.56000            -3.34661             2.54061             0.00000             4.20173
8.57000            -3.37536             2.53769             0.00000             4.22290
8.58000            -3.40392             2.53464             0.00000             4.24394
8.59000            -3.43231             2.53145             0.00000             4.26485
8.60000            -3.46052             2.52814             0.00000             4.28564
8.61000            -3.48856             2.52469             0.00000             4.30629
8.62000            -3.51643             2.52113             0.00000             4.32682
8.63000            -3.54412             2.51744             0.00000             4.34722
8.64000            -3.57165             2.51363             0.00000             4.36749
8.65000            -3.59901             2.50970             0.00000             4.38764
8.66000            -3.62619             2.50565             0.00000             4.40767
8.67000            -3.65322             2.50149             0.00000             4.42758
8.68000            -3.68007             2.49721             0.00000             4.44736
8.69000            -3.70676             2.49282             0.00000             4.46702
8.70000            -3.73329             2.48832             0.00000             4.48656
8.71000            -3.75965             2.48372             0.00000             4.50597
8.72000            -3.78585             2.47900             0.00000             4.52527
8.73000            -3.81189             2.47418             0.00000             4.54445
8.74000            -3.83777             2.46926             0.00000             4.56352
8.75000            -3.86348             2.46423             0.00000             4.58246
8.76000            -3.88905             2.45910             0.00000             4.60129
8.77000            -3.91445             2.45387             0.00000             4.62000
8.78000            -3.93969             2.44855             0.00000             4.63860
8.79000            -3.96479             2.44313             0.00000             4.65708
8.80000            -3.98972             2.43761             0.00000             4.67545
8.81000            -4.01450             2.43200             0.00000             4.69370
8.82000            -4.03913             2.42629             0.00000             4.71184
8.83000            -4.06361             2.42049             0.00000             4.72987
8.84000            -4.08793             2.41461             0.00000             4.74779
8.85000            -4.11210             2.40863             0.00000             4.76559
8.86000            -4.13613             2.40257             0.00000             4.78329
8.87000            -4.16000             2.39641             0.00000             4.80088
8.88000            -4.18373             2.39018             0.00000             4.81835
8.89000            -4.20730             2.38386             0.00000             4.83572
8.90000            -4.23074             2.37745             0.00000             4.85298
8.91000            -4.25402             2.37097             0.00000             4.87013
8.92000            -4.27716             2.36440             0.00000             4.88718
8.93000            -4.30015             2.35775             0.00000             4.90411
8.94000            -4.32301             2.35103             0.00000             4.92095
8.95000            -4.34571             2.34422             0.00000             4.93767
8.96000            -4.36828             2.33734             0.00000             4.95429
8.97000            -4.39070             2.33039             0.00000             4.97081
8.98000            -4.41298             2.32335             0.00000             4.98722
8.99000            -4.43513             2.31625             0.00000             5.00353
9.00000            -4.45713             2.30907             0.00000             5.01974
9.01000            -4.47899             2.30182             0.00000             5.03585
9.02000            -4.50072             2.29450             0.00000             5.05185
9.03000            -4.52230             2.28711             0.00000             5.06775
9.04000            -4.54375             2.27965             0.00000             5.08355
9.05000            -4.56506             2.27212             0.00000             5.09925
9.06000            -4.58624             2.26452             0.00000             5.11485
9.07000            -4.60728             2.25685             0.00000             5.13035
9.08000            -4.62819             2.24912             0.00000             5.14575
9.09000            -4.64896             2.24133             0.00000             5.16105
9.10000            -4.66960             2.23347             0.00000             5.17625
9.11000            -4.69011             2.22555             0.00000             5.19136
9.12000            -4.71048             2.21756             0.00000             5.20636
9.13000            -4.73073             2.20951             0.00000             5.22127
9.14000            -4.75084             2.20140             0.00000             5.23609
9.15000            -4.77082             2.19323             0.00000             5.25081
9.16000            -4.79067             2.18500             0.00000             5.26543
9.17000            -4.81039             2.17671             0.00000             5.27995
9.18000            -4.82998             2.16837             0.00000             5.29439
9.19000            -4.84944             2.15996             0.00000             5.30872
9.20000            -4.86878             2.15150             0.00000             5.32297
9.21000            -4.88799             2.14298             0.00000             5.33711
9.22000            -4.90707             2.13441             0.00000             5.35117
9.23000            -4.92602             2.12578             0.00000             5.36513
9.24000            -4.94485             2.11709             0.00000             5.37900
9.25000            -4.96356             2.10836             0.00000             5.39278
9.26000            -4.98213             2.09957             0.00000             5.40646
9.27000            -5.00059             2.09072             0.00000             5.42006
9.28000            -5.01892             2.08183             0.00000             5.43356
9.29000            -5.03712             2.07288             0.00000             5.44697
9.30000            -5.05521             2.06389             0.00000             5.46029
9.31000            -5.07317             2.05484             0.00000             5.47352
9.32000            -5.09101             2.04575             0.00000             5.48666
9.33000            -5.10872             2.03660             0.00000             5.49971
9.34000            -5.12632             2.02741             0.00000             5.51267
9.35000            -5.14379             2.01817             0.00000             5.52554
9.36000            -5.16115             2.00888             0.00000             5.53833
9.37000            -5.17838             1.99955             0.00000             5.55102
9.38000            -5.19550             1.99016             0.00000             5.56363
9.39000            -5.21249             1.98074             0.00000             5.57615
9.40000            -5.22937             1.97127             0.00000             5.58858
9.41000            -5.24613             1.96175             0.00000             5.60092
9.42000            -5.26277             1.95219             0.00000             5.61318
9.43000            -5.27929             1.94259             0.00000             5.62535
9.44000            -5.29570             1.93294             0.00000             5.63744
9.45000            -5.31199             1.92325             0.00000             5.64944
9.46000            -5.32816             1.91352             0.00000             5.66135
9.47000            -5.34422             1.90375             0.00000             5.67318
9.48000            -5.36016             1.89393             0.00000             5.68492
9.49000            -5.37599             1.88408             0.00000             5.69658
9.50000            -5.39170             1.87418             0.00000             5.70815
9.51000            -5.40730             1.86425             0.00000             5.71964
9.52000            -5.42278             1.85427             0.00000             5.73105
9.53000            -5.43815             1.84426             0.00000             5.74237
9.54000            -5.45341             1.83421             0.00000             5.75361
9.55000            -5.46855             1.82412             0.00000             5.76476
9.56000            -5.48358             1.81399             0.00000             5.77583
9.57000            -5.49850             1.80382             0.00000             5.78682
9.58000            -5.51331             1.79362             0.00000             5.79773
9.59000            -5.52800             1.78339             0.00000             5.80855
9.60000            -5.54259             1.77311             0.00000             5.81930
9.61000            -5.55706             1.76280             0.00000             5.82996
9.62000            -5.57142             1.75246             0.00000             5.84053
9.63000            -5.58567             1.74208             0.00000             5.85103
9.64000            -5.59981             1.73167             0.00000             5.86145
9.65000            -5.61384             1.72122             0.00000             5.87178
9.66000            -5.62777             1.71074             0.00000             5.88204
9.67000            -5.64158             1.70022             0.00000             5.89221
9.68000            -5.65528             1.68968             0.00000             5.90231
9.69000            -5.66888             1.67910             0.00000             5.91232
9.70000            -5.68236             1.66849             0.00000             5.92226
9.71000            -5.69574             1.65784             0.00000             5.93211
9.72000            -5.70901             1.64717             0.00000             5.94189
9.73000            -5.72218             1.63646             0.00000             5.95158
9.74000            -5.73523             1.62573             0.00000             5.96120
9.75000            -5.74818             1.61496             0.00000             5.97074
9.76000            -5.76103             1.60417             0.00000             5.98020
9.77000            -5.77376             1.59334             0.00000             5.98958
9.78000            -5.78639             1.58249             0.00000             5.99889
9.79000            -5.79892             1.57160             0.00000             6.00811
9.80000            -5.81134             1.56069             0.00000             6.01726
9.81000            -5.82365             1.54975             0.00000             6.02633
9.82000            -5.83586             1.53878             0.00000             6.03532
9.83000            -5.84797             1.52778             0.00000             6.04424
9.84000            -5.85997             1.51676             0.00000             6.05308
9.85000            -5.87186             1.50571             0.00000             6.06184
9.86000            -5.88365             1.49463             0.00000             6.07052
9.87000            -5.89534             1.48353             0.00000             6.07913
9.88000            -5.90692             1.47240             0.00000             6.08767
9.89000            -5.91840             1.46124             0.00000             6.09612
9.90000            -5.92978             1.45006             0.00000             6.10450
9.91000            -5.94105             1.43885             0.00000             6.11281
9.92000            -5.95223             1.42762             0.00000             6.12104
9.93000            -5.96330             1.41637             0.00000             6.12919
9.94000            -5.97426             1.40509             0.00000             6.13727
9.95000            -5.98513             1.39378             0.00000             6.14527
9.96000            -5.99589             1.38245             0.00000             6.15320
9.97000            -6.00655             1.37110             0.00000             6.16105
9.98000            -6.01711             1.35973             0.00000             6.16883
9.99000            -6.02757             1.34833             0.00000             6.17654
10.0000            -6.03793             1.33691             0.00000             6.18417
