#Time(Yr)                K_Ea                U_Ea             Etot_Ea                L_Ea
0.00000         0.000102954        -0.000118569        -1.56153E-05        6.184250E-10
0.01000000        0.0001027824       -0.0001183972       -1.561478E-05        6.184250E-10
0.02000000        0.0001022724       -0.0001178856       -1.561319E-05        6.184250E-10
0.03000000        0.0001014389       -0.0001170496       -1.561067E-05        6.184250E-10
0.04000000        0.0001003054       -0.0001159128       -1.560740E-05        6.184250E-10
0.05000000        9.890223E-05       -0.0001145058       -1.560359E-05        6.184250E-10
0.06000000        9.726432E-05       -0.0001128638       -1.559948E-05        6.184250E-10
0.07000000        9.542923E-05       -0.0001110245       -1.559526E-05        6.184250E-10
0.08000000        9.343502E-05       -0.0001090261       -1.559111E-05        6.184250E-10
0.09000000        9.131855E-05       -0.0001069057       -1.558717E-05        6.184250E-10
0.1000000        8.911421E-05       -0.0001046978       -1.558355E-05        6.184250E-10
0.1100000        8.685302E-05       -0.0001024333       -1.558028E-05        6.184250E-10
0.1200000        8.456220E-05       -0.0001001396       -1.557741E-05        6.184250E-10
0.1300000        8.226498E-05       -9.783990E-05       -1.557492E-05        6.184250E-10
0.1400000        7.998066E-05       -9.555347E-05       -1.557281E-05        6.184250E-10
0.1500000        7.772494E-05       -9.329598E-05       -1.557103E-05        6.184250E-10
0.1600000        7.551021E-05       -9.107978E-05       -1.556956E-05        6.184250E-10
0.1700000        7.334598E-05       -8.891434E-05       -1.556836E-05        6.184250E-10
0.1800000        7.123926E-05       -8.680665E-05       -1.556739E-05        6.184250E-10
0.1900000        6.919500E-05       -8.476162E-05       -1.556662E-05        6.184250E-10
0.2000000        6.721643E-05       -8.278244E-05       -1.556601E-05        6.184250E-10
0.2100000        6.530537E-05       -8.087092E-05       -1.556555E-05        6.184250E-10
0.2200000        6.346255E-05       -7.902774E-05       -1.556519E-05        6.184250E-10
0.2300000        6.168780E-05       -7.725273E-05       -1.556493E-05        6.184250E-10
0.2400000        5.998028E-05       -7.554503E-05       -1.556474E-05        6.184250E-10
0.2500000        5.833865E-05       -7.390327E-05       -1.556462E-05        6.184250E-10
0.2600000        5.676119E-05       -7.232573E-05       -1.556454E-05        6.184250E-10
0.2700000        5.524590E-05       -7.081040E-05       -1.556451E-05        6.184250E-10
0.2800000        5.379061E-05       -6.935511E-05       -1.556450E-05        6.184250E-10
0.2900000        5.239305E-05       -6.795757E-05       -1.556452E-05        6.184250E-10
0.3000000        5.105088E-05       -6.661543E-05       -1.556455E-05        6.184250E-10
0.3100000        4.976175E-05       -6.532635E-05       -1.556460E-05        6.184250E-10
0.3200000        4.852332E-05       -6.408798E-05       -1.556466E-05        6.184250E-10
0.3300000        4.733331E-05       -6.289804E-05       -1.556473E-05        6.184250E-10
0.3400000        4.618947E-05       -6.175427E-05       -1.556480E-05        6.184250E-10
0.3500000        4.508964E-05       -6.065452E-05       -1.556488E-05        6.184250E-10
0.3600000        4.403174E-05       -5.959669E-05       -1.556495E-05        6.184250E-10
0.3700000        4.301376E-05       -5.857879E-05       -1.556503E-05        6.184250E-10
0.3800000        4.203378E-05       -5.759889E-05       -1.556511E-05        6.184250E-10
0.3900000        4.108999E-05       -5.665517E-05       -1.556518E-05        6.184250E-10
0.4000000        4.018064E-05       -5.574589E-05       -1.556526E-05        6.184250E-10
0.4100000        3.930407E-05       -5.486940E-05       -1.556533E-05        6.184250E-10
0.4200000        3.845872E-05       -5.402412E-05       -1.556540E-05        6.184250E-10
0.4300000        3.764311E-05       -5.320857E-05       -1.556547E-05        6.184250E-10
0.4400000        3.685581E-05       -5.242134E-05       -1.556553E-05        6.184250E-10
0.4500000        3.609550E-05       -5.166109E-05       -1.556559E-05        6.184250E-10
0.4600000        3.536091E-05       -5.092656E-05       -1.556565E-05        6.184250E-10
0.4700000        3.465085E-05       -5.021656E-05       -1.556571E-05        6.184250E-10
0.4800000        3.396419E-05       -4.952996E-05       -1.556577E-05        6.184250E-10
0.4900000        3.329986E-05       -4.886568E-05       -1.556582E-05        6.184250E-10
0.5000000        3.265686E-05       -4.822273E-05       -1.556587E-05        6.184250E-10
0.5100000        3.203421E-05       -4.760013E-05       -1.556592E-05        6.184250E-10
0.5200000        3.143103E-05       -4.699700E-05       -1.556597E-05        6.184250E-10
0.5300000        3.084645E-05       -4.641246E-05       -1.556601E-05        6.184250E-10
0.5400000        3.027967E-05       -4.584572E-05       -1.556605E-05        6.184250E-10
0.5500000        2.972992E-05       -4.529601E-05       -1.556609E-05        6.184250E-10
0.5600000        2.919647E-05       -4.476260E-05       -1.556613E-05        6.184250E-10
0.5700000        2.867864E-05       -4.424481E-05       -1.556617E-05        6.184250E-10
0.5800000        2.817577E-05       -4.374197E-05       -1.556620E-05        6.184250E-10
0.5900000        2.768725E-05       -4.325349E-05       -1.556623E-05        6.184250E-10
0.6000000        2.721250E-05       -4.277876E-05       -1.556626E-05        6.184250E-10
0.6100000        2.675094E-05       -4.231724E-05       -1.556629E-05        6.184250E-10
0.6200000        2.630207E-05       -4.186840E-05       -1.556632E-05        6.184250E-10
0.6300000        2.586538E-05       -4.143173E-05       -1.556635E-05        6.184250E-10
0.6400000        2.544039E-05       -4.100676E-05       -1.556638E-05        6.184250E-10
0.6500000        2.502665E-05       -4.059305E-05       -1.556640E-05        6.184250E-10
0.6600000        2.462373E-05       -4.019015E-05       -1.556642E-05        6.184250E-10
0.6700000        2.423122E-05       -3.979767E-05       -1.556645E-05        6.184250E-10
0.6800000        2.384873E-05       -3.941520E-05       -1.556647E-05        6.184250E-10
0.6900000        2.347590E-05       -3.904239E-05       -1.556649E-05        6.184250E-10
0.7000000        2.311237E-05       -3.867888E-05       -1.556651E-05        6.184250E-10
0.7100000        2.275780E-05       -3.832432E-05       -1.556653E-05        6.184250E-10
0.7200000        2.241187E-05       -3.797841E-05       -1.556655E-05        6.184250E-10
0.7300000        2.207428E-05       -3.764084E-05       -1.556656E-05        6.184250E-10
0.7400000        2.174473E-05       -3.731131E-05       -1.556658E-05        6.184250E-10
0.7500000        2.142295E-05       -3.698954E-05       -1.556659E-05        6.184250E-10
0.7600000        2.110867E-05       -3.667528E-05       -1.556661E-05        6.184250E-10
0.7700000        2.080163E-05       -3.636825E-05       -1.556662E-05        6.184250E-10
0.7800000        2.050160E-05       -3.606823E-05       -1.556664E-05        6.184250E-10
0.7900000        2.020833E-05       -3.577498E-05       -1.556665E-05        6.184250E-10
0.8000000        1.992162E-05       -3.548828E-05       -1.556666E-05        6.184250E-10
0.8100000        1.964124E-05       -3.520791E-05       -1.556668E-05        6.184250E-10
0.8200000        1.936699E-05       -3.493367E-05       -1.556669E-05        6.184250E-10
0.8300000        1.909867E-05       -3.466537E-05       -1.556670E-05        6.184250E-10
0.8400000        1.883610E-05       -3.440281E-05       -1.556671E-05        6.184250E-10
0.8500000        1.857910E-05       -3.414582E-05       -1.556672E-05        6.184250E-10
0.8600000        1.832750E-05       -3.389423E-05       -1.556673E-05        6.184250E-10
0.8700000        1.808113E-05       -3.364787E-05       -1.556674E-05        6.184250E-10
0.8800000        1.783984E-05       -3.340659E-05       -1.556675E-05        6.184250E-10
0.8900000        1.760346E-05       -3.317022E-05       -1.556676E-05        6.184250E-10
0.9000000        1.737186E-05       -3.293863E-05       -1.556676E-05        6.184250E-10
0.9100000        1.714490E-05       -3.271167E-05       -1.556677E-05        6.184250E-10
0.9200000        1.692243E-05       -3.248921E-05       -1.556678E-05        6.184250E-10
0.9300000        1.670434E-05       -3.227113E-05       -1.556679E-05        6.184250E-10
0.9400000        1.649049E-05       -3.205728E-05       -1.556679E-05        6.184250E-10
0.9500000        1.628076E-05       -3.184757E-05       -1.556680E-05        6.184250E-10
0.9600000        1.607505E-05       -3.164186E-05       -1.556681E-05        6.184250E-10
0.9700000        1.587323E-05       -3.144005E-05       -1.556682E-05        6.184250E-10
0.9800000        1.567520E-05       -3.124202E-05       -1.556682E-05        6.184250E-10
0.9900000        1.548086E-05       -3.104769E-05       -1.556683E-05        6.184250E-10
1.000000        1.529011E-05       -3.085695E-05       -1.556683E-05        6.184250E-10
1.010000        1.510285E-05       -3.066969E-05       -1.556684E-05        6.184250E-10
1.020000        1.491899E-05       -3.048584E-05       -1.556684E-05        6.184250E-10
1.030000        1.473845E-05       -3.030529E-05       -1.556685E-05        6.184250E-10
1.040000        1.456112E-05       -3.012797E-05       -1.556685E-05        6.184250E-10
1.050000        1.438694E-05       -2.995379E-05       -1.556686E-05        6.184250E-10
1.060000        1.421581E-05       -2.978267E-05       -1.556686E-05        6.184250E-10
1.070000        1.404767E-05       -2.961454E-05       -1.556687E-05        6.184250E-10
1.080000        1.388244E-05       -2.944931E-05       -1.556687E-05        6.184250E-10
1.090000        1.372004E-05       -2.928691E-05       -1.556688E-05        6.184250E-10
1.100000        1.356040E-05       -2.912729E-05       -1.556688E-05        6.184250E-10
1.110000        1.340347E-05       -2.897035E-05       -1.556688E-05        6.184250E-10
1.120000        1.324917E-05       -2.881606E-05       -1.556689E-05        6.184250E-10
1.130000        1.309743E-05       -2.866432E-05       -1.556689E-05        6.184250E-10
1.140000        1.294821E-05       -2.851510E-05       -1.556690E-05        6.184250E-10
1.150000        1.280143E-05       -2.836833E-05       -1.556690E-05        6.184250E-10
1.160000        1.265704E-05       -2.822394E-05       -1.556690E-05        6.184250E-10
1.170000        1.251499E-05       -2.808189E-05       -1.556691E-05        6.184250E-10
1.180000        1.237522E-05       -2.794213E-05       -1.556691E-05        6.184250E-10
1.190000        1.223767E-05       -2.780459E-05       -1.556691E-05        6.184250E-10
1.200000        1.210231E-05       -2.766922E-05       -1.556691E-05        6.184250E-10
1.210000        1.196908E-05       -2.753599E-05       -1.556692E-05        6.184250E-10
1.220000        1.183792E-05       -2.740484E-05       -1.556692E-05        6.184250E-10
1.230000        1.170880E-05       -2.727573E-05       -1.556692E-05        6.184250E-10
1.240000        1.158168E-05       -2.714860E-05       -1.556693E-05        6.184250E-10
1.250000        1.145650E-05       -2.702343E-05       -1.556693E-05        6.184250E-10
1.260000        1.133322E-05       -2.690015E-05       -1.556693E-05        6.184250E-10
1.270000        1.121181E-05       -2.677875E-05       -1.556693E-05        6.184250E-10
1.280000        1.109223E-05       -2.665916E-05       -1.556694E-05        6.184250E-10
1.290000        1.097443E-05       -2.654137E-05       -1.556694E-05        6.184250E-10
1.300000        1.085838E-05       -2.642532E-05       -1.556694E-05        6.184250E-10
1.310000        1.074404E-05       -2.631098E-05       -1.556694E-05        6.184250E-10
1.320000        1.063138E-05       -2.619832E-05       -1.556694E-05        6.184250E-10
1.330000        1.052036E-05       -2.608731E-05       -1.556695E-05        6.184250E-10
1.340000        1.041095E-05       -2.597790E-05       -1.556695E-05        6.184250E-10
1.350000        1.030312E-05       -2.587007E-05       -1.556695E-05        6.184250E-10
1.360000        1.019683E-05       -2.576378E-05       -1.556695E-05        6.184250E-10
1.370000        1.009205E-05       -2.565901E-05       -1.556695E-05        6.184250E-10
1.380000        9.988764E-06       -2.555572E-05       -1.556696E-05        6.184250E-10
1.390000        9.886929E-06       -2.545389E-05       -1.556696E-05        6.184250E-10
1.400000        9.786521E-06       -2.535348E-05       -1.556696E-05        6.184250E-10
1.410000        9.687513E-06       -2.525447E-05       -1.556696E-05        6.184250E-10
1.420000        9.589878E-06       -2.515684E-05       -1.556696E-05        6.184250E-10
1.430000        9.493588E-06       -2.506055E-05       -1.556696E-05        6.184250E-10
1.440000        9.398620E-06       -2.496559E-05       -1.556696E-05        6.184250E-10
1.450000        9.304949E-06       -2.487191E-05       -1.556697E-05        6.184250E-10
1.460000        9.212549E-06       -2.477952E-05       -1.556697E-05        6.184250E-10
1.470000        9.121398E-06       -2.468837E-05       -1.556697E-05        6.184250E-10
1.480000        9.031473E-06       -2.459844E-05       -1.556697E-05        6.184250E-10
1.490000        8.942751E-06       -2.450972E-05       -1.556697E-05        6.184250E-10
1.500000        8.855211E-06       -2.442218E-05       -1.556697E-05        6.184250E-10
1.510000        8.768831E-06       -2.433581E-05       -1.556697E-05        6.184250E-10
1.520000        8.683591E-06       -2.425057E-05       -1.556698E-05        6.184250E-10
1.530000        8.599471E-06       -2.416645E-05       -1.556698E-05        6.184250E-10
1.540000        8.516450E-06       -2.408343E-05       -1.556698E-05        6.184250E-10
1.550000        8.434511E-06       -2.400149E-05       -1.556698E-05        6.184250E-10
1.560000        8.353633E-06       -2.392061E-05       -1.556698E-05        6.184250E-10
1.570000        8.273798E-06       -2.384078E-05       -1.556698E-05        6.184250E-10
1.580000        8.194990E-06       -2.376197E-05       -1.556698E-05        6.184250E-10
1.590000        8.117189E-06       -2.368417E-05       -1.556698E-05        6.184250E-10
1.600000        8.040380E-06       -2.360736E-05       -1.556698E-05        6.184250E-10
1.610000        7.964546E-06       -2.353153E-05       -1.556698E-05        6.184250E-10
1.620000        7.889671E-06       -2.345666E-05       -1.556699E-05        6.184250E-10
1.630000        7.815738E-06       -2.338272E-05       -1.556699E-05        6.184250E-10
1.640000        7.742732E-06       -2.330972E-05       -1.556699E-05        6.184250E-10
1.650000        7.670638E-06       -2.323763E-05       -1.556699E-05        6.184250E-10
1.660000        7.599442E-06       -2.316643E-05       -1.556699E-05        6.184250E-10
1.670000        7.529128E-06       -2.309612E-05       -1.556699E-05        6.184250E-10
1.680000        7.459684E-06       -2.302667E-05       -1.556699E-05        6.184250E-10
1.690000        7.391094E-06       -2.295809E-05       -1.556699E-05        6.184250E-10
1.700000        7.323346E-06       -2.289034E-05       -1.556699E-05        6.184250E-10
1.710000        7.256426E-06       -2.282342E-05       -1.556699E-05        6.184250E-10
1.720000        7.190322E-06       -2.275732E-05       -1.556699E-05        6.184250E-10
1.730000        7.125020E-06       -2.269202E-05       -1.556699E-05        6.184250E-10
1.740000        7.060510E-06       -2.262751E-05       -1.556700E-05        6.184250E-10
1.750000        6.996777E-06       -2.256377E-05       -1.556700E-05        6.184250E-10
1.760000        6.933812E-06       -2.250081E-05       -1.556700E-05        6.184250E-10
1.770000        6.871601E-06       -2.243860E-05       -1.556700E-05        6.184250E-10
1.780000        6.810135E-06       -2.237713E-05       -1.556700E-05        6.184250E-10
1.790000        6.749401E-06       -2.231640E-05       -1.556700E-05        6.184250E-10
1.800000        6.689389E-06       -2.225639E-05       -1.556700E-05        6.184250E-10
1.810000        6.630089E-06       -2.219709E-05       -1.556700E-05        6.184250E-10
1.820000        6.571490E-06       -2.213849E-05       -1.556700E-05        6.184250E-10
1.830000        6.513582E-06       -2.208058E-05       -1.556700E-05        6.184250E-10
1.840000        6.456356E-06       -2.202336E-05       -1.556700E-05        6.184250E-10
1.850000        6.399800E-06       -2.196680E-05       -1.556700E-05        6.184250E-10
1.860000        6.343906E-06       -2.191091E-05       -1.556700E-05        6.184250E-10
1.870000        6.288665E-06       -2.185567E-05       -1.556700E-05        6.184250E-10
1.880000        6.234067E-06       -2.180107E-05       -1.556700E-05        6.184250E-10
1.890000        6.180104E-06       -2.174711E-05       -1.556700E-05        6.184250E-10
1.900000        6.126767E-06       -2.169377E-05       -1.556700E-05        6.184250E-10
1.910000        6.074046E-06       -2.164105E-05       -1.556701E-05        6.184250E-10
1.920000        6.021935E-06       -2.158894E-05       -1.556701E-05        6.184250E-10
1.930000        5.970423E-06       -2.153743E-05       -1.556701E-05        6.184250E-10
1.940000        5.919505E-06       -2.148651E-05       -1.556701E-05        6.184250E-10
1.950000        5.869170E-06       -2.143618E-05       -1.556701E-05        6.184250E-10
1.960000        5.819413E-06       -2.138642E-05       -1.556701E-05        6.184250E-10
1.970000        5.770224E-06       -2.133723E-05       -1.556701E-05        6.184250E-10
1.980000        5.721598E-06       -2.128861E-05       -1.556701E-05        6.184250E-10
1.990000        5.673525E-06       -2.124053E-05       -1.556701E-05        6.184250E-10
2.000000        5.626000E-06       -2.119301E-05       -1.556701E-05        6.184250E-10
2.010000        5.579015E-06       -2.114603E-05       -1.556701E-05        6.184250E-10
2.020000        5.532564E-06       -2.109957E-05       -1.556701E-05        6.184250E-10
2.030000        5.486639E-06       -2.105365E-05       -1.556701E-05        6.184250E-10
2.040000        5.441234E-06       -2.100824E-05       -1.556701E-05        6.184250E-10
2.050000        5.396342E-06       -2.096335E-05       -1.556701E-05        6.184250E-10
2.060000        5.351958E-06       -2.091897E-05       -1.556701E-05        6.184250E-10
2.070000        5.308074E-06       -2.087509E-05       -1.556701E-05        6.184250E-10
2.080000        5.264685E-06       -2.083170E-05       -1.556701E-05        6.184250E-10
2.090000        5.221784E-06       -2.078880E-05       -1.556701E-05        6.184250E-10
2.100000        5.179366E-06       -2.074638E-05       -1.556701E-05        6.184250E-10
2.110000        5.137426E-06       -2.070444E-05       -1.556701E-05        6.184250E-10
2.120000        5.095956E-06       -2.066297E-05       -1.556701E-05        6.184250E-10
2.130000        5.054952E-06       -2.062197E-05       -1.556701E-05        6.184250E-10
2.140000        5.014408E-06       -2.058142E-05       -1.556701E-05        6.184250E-10
2.150000        4.974319E-06       -2.054133E-05       -1.556701E-05        6.184250E-10
2.160000        4.934680E-06       -2.050169E-05       -1.556701E-05        6.184250E-10
2.170000        4.895485E-06       -2.046250E-05       -1.556702E-05        6.184250E-10
2.180000        4.856729E-06       -2.042374E-05       -1.556702E-05        6.184250E-10
2.190000        4.818408E-06       -2.038542E-05       -1.556702E-05        6.184250E-10
2.200000        4.780516E-06       -2.034753E-05       -1.556702E-05        6.184250E-10
2.210000        4.743048E-06       -2.031006E-05       -1.556702E-05        6.184250E-10
2.220000        4.706000E-06       -2.027302E-05       -1.556702E-05        6.184250E-10
2.230000        4.669367E-06       -2.023638E-05       -1.556702E-05        6.184250E-10
2.240000        4.633145E-06       -2.020016E-05       -1.556702E-05        6.184250E-10
2.250000        4.597329E-06       -2.016435E-05       -1.556702E-05        6.184250E-10
2.260000        4.561915E-06       -2.012893E-05       -1.556702E-05        6.184250E-10
2.270000        4.526898E-06       -2.009392E-05       -1.556702E-05        6.184250E-10
2.280000        4.492275E-06       -2.005929E-05       -1.556702E-05        6.184250E-10
2.290000        4.458040E-06       -2.002506E-05       -1.556702E-05        6.184250E-10
2.300000        4.424190E-06       -1.999121E-05       -1.556702E-05        6.184250E-10
2.310000        4.390721E-06       -1.995774E-05       -1.556702E-05        6.184250E-10
2.320000        4.357629E-06       -1.992465E-05       -1.556702E-05        6.184250E-10
2.330000        4.324910E-06       -1.989193E-05       -1.556702E-05        6.184250E-10
2.340000        4.292560E-06       -1.985958E-05       -1.556702E-05        6.184250E-10
2.350000        4.260576E-06       -1.982760E-05       -1.556702E-05        6.184250E-10
2.360000        4.228953E-06       -1.979597E-05       -1.556702E-05        6.184250E-10
2.370000        4.197689E-06       -1.976471E-05       -1.556702E-05        6.184250E-10
2.380000        4.166779E-06       -1.973380E-05       -1.556702E-05        6.184250E-10
2.390000        4.136220E-06       -1.970324E-05       -1.556702E-05        6.184250E-10
2.400000        4.106009E-06       -1.967303E-05       -1.556702E-05        6.184250E-10
2.410000        4.076142E-06       -1.964316E-05       -1.556702E-05        6.184250E-10
2.420000        4.046616E-06       -1.961364E-05       -1.556702E-05        6.184250E-10
2.430000        4.017428E-06       -1.958445E-05       -1.556702E-05        6.184250E-10
2.440000        3.988574E-06       -1.955560E-05       -1.556702E-05        6.184250E-10
2.450000        3.960051E-06       -1.952707E-05       -1.556702E-05        6.184250E-10
2.460000        3.931857E-06       -1.949888E-05       -1.556702E-05        6.184250E-10
2.470000        3.903988E-06       -1.947101E-05       -1.556702E-05        6.184250E-10
2.480000        3.876441E-06       -1.944346E-05       -1.556702E-05        6.184250E-10
2.490000        3.849214E-06       -1.941624E-05       -1.556702E-05        6.184250E-10
2.500000        3.822302E-06       -1.938932E-05       -1.556702E-05        6.184250E-10
2.510000        3.795705E-06       -1.936273E-05       -1.556702E-05        6.184250E-10
2.520000        3.769418E-06       -1.933644E-05       -1.556702E-05        6.184250E-10
2.530000        3.743439E-06       -1.931046E-05       -1.556702E-05        6.184250E-10
2.540000        3.717765E-06       -1.928479E-05       -1.556702E-05        6.184250E-10
2.550000        3.692394E-06       -1.925942E-05       -1.556702E-05        6.184250E-10
2.560000        3.667322E-06       -1.923435E-05       -1.556702E-05        6.184250E-10
2.570000        3.642549E-06       -1.920957E-05       -1.556702E-05        6.184250E-10
2.580000        3.618070E-06       -1.918509E-05       -1.556702E-05        6.184250E-10
2.590000        3.593883E-06       -1.916091E-05       -1.556702E-05        6.184250E-10
2.600000        3.569987E-06       -1.913701E-05       -1.556702E-05        6.184250E-10
2.610000        3.546378E-06       -1.911340E-05       -1.556702E-05        6.184250E-10
2.620000        3.523054E-06       -1.909008E-05       -1.556702E-05        6.184250E-10
2.630000        3.500013E-06       -1.906704E-05       -1.556702E-05        6.184250E-10
2.640000        3.477253E-06       -1.904428E-05       -1.556702E-05        6.184250E-10
2.650000        3.454771E-06       -1.902180E-05       -1.556702E-05        6.184250E-10
2.660000        3.432566E-06       -1.899959E-05       -1.556702E-05        6.184250E-10
2.670000        3.410634E-06       -1.897766E-05       -1.556702E-05        6.184250E-10
2.680000        3.388974E-06       -1.895600E-05       -1.556702E-05        6.184250E-10
2.690000        3.367584E-06       -1.893461E-05       -1.556702E-05        6.184250E-10
2.700000        3.346462E-06       -1.891349E-05       -1.556702E-05        6.184250E-10
2.710000        3.325605E-06       -1.889263E-05       -1.556703E-05        6.184250E-10
2.720000        3.305013E-06       -1.887204E-05       -1.556703E-05        6.184250E-10
2.730000        3.284682E-06       -1.885171E-05       -1.556703E-05        6.184250E-10
2.740000        3.264610E-06       -1.883164E-05       -1.556703E-05        6.184250E-10
2.750000        3.244797E-06       -1.881182E-05       -1.556703E-05        6.184250E-10
2.760000        3.225240E-06       -1.879227E-05       -1.556703E-05        6.184250E-10
2.770000        3.205937E-06       -1.877296E-05       -1.556703E-05        6.184250E-10
2.780000        3.186886E-06       -1.875391E-05       -1.556703E-05        6.184250E-10
2.790000        3.168086E-06       -1.873511E-05       -1.556703E-05        6.184250E-10
2.800000        3.149535E-06       -1.871656E-05       -1.556703E-05        6.184250E-10
2.810000        3.131232E-06       -1.869826E-05       -1.556703E-05        6.184250E-10
2.820000        3.113173E-06       -1.868020E-05       -1.556703E-05        6.184250E-10
2.830000        3.095359E-06       -1.866239E-05       -1.556703E-05        6.184250E-10
2.840000        3.077787E-06       -1.864481E-05       -1.556703E-05        6.184250E-10
2.850000        3.060456E-06       -1.862748E-05       -1.556703E-05        6.184250E-10
2.860000        3.043364E-06       -1.861039E-05       -1.556703E-05        6.184250E-10
2.870000        3.026510E-06       -1.859354E-05       -1.556703E-05        6.184250E-10
2.880000        3.009892E-06       -1.857692E-05       -1.556703E-05        6.184250E-10
2.890000        2.993508E-06       -1.856053E-05       -1.556703E-05        6.184250E-10
2.900000        2.977357E-06       -1.854438E-05       -1.556703E-05        6.184250E-10
2.910000        2.961439E-06       -1.852847E-05       -1.556703E-05        6.184250E-10
2.920000        2.945750E-06       -1.851278E-05       -1.556703E-05        6.184250E-10
2.930000        2.930291E-06       -1.849732E-05       -1.556703E-05        6.184250E-10
2.940000        2.915059E-06       -1.848209E-05       -1.556703E-05        6.184250E-10
2.950000        2.900054E-06       -1.846708E-05       -1.556703E-05        6.184250E-10
2.960000        2.885273E-06       -1.845230E-05       -1.556703E-05        6.184250E-10
2.970000        2.870716E-06       -1.843774E-05       -1.556703E-05        6.184250E-10
2.980000        2.856382E-06       -1.842341E-05       -1.556703E-05        6.184250E-10
2.990000        2.842268E-06       -1.840930E-05       -1.556703E-05        6.184250E-10
3.000000        2.828375E-06       -1.839540E-05       -1.556703E-05        6.184250E-10
3.010000        2.814701E-06       -1.838173E-05       -1.556703E-05        6.184250E-10
3.020000        2.801244E-06       -1.836827E-05       -1.556703E-05        6.184250E-10
3.030000        2.788003E-06       -1.835503E-05       -1.556703E-05        6.184250E-10
3.040000        2.774978E-06       -1.834201E-05       -1.556703E-05        6.184250E-10
3.050000        2.762167E-06       -1.832920E-05       -1.556703E-05        6.184250E-10
3.060000        2.749570E-06       -1.831660E-05       -1.556703E-05        6.184250E-10
3.070000        2.737184E-06       -1.830421E-05       -1.556703E-05        6.184250E-10
3.080000        2.725009E-06       -1.829204E-05       -1.556703E-05        6.184250E-10
3.090000        2.713045E-06       -1.828007E-05       -1.556703E-05        6.184250E-10
3.100000        2.701290E-06       -1.826832E-05       -1.556703E-05        6.184250E-10
3.110000        2.689742E-06       -1.825677E-05       -1.556703E-05        6.184250E-10
3.120000        2.678402E-06       -1.824543E-05       -1.556703E-05        6.184250E-10
3.130000        2.667268E-06       -1.823430E-05       -1.556703E-05        6.184250E-10
3.140000        2.656339E-06       -1.822337E-05       -1.556703E-05        6.184250E-10
3.150000        2.645614E-06       -1.821264E-05       -1.556703E-05        6.184250E-10
3.160000        2.635093E-06       -1.820212E-05       -1.556703E-05        6.184250E-10
3.170000        2.624775E-06       -1.819180E-05       -1.556703E-05        6.184250E-10
3.180000        2.614658E-06       -1.818169E-05       -1.556703E-05        6.184250E-10
3.190000        2.604742E-06       -1.817177E-05       -1.556703E-05        6.184250E-10
3.200000        2.595027E-06       -1.816206E-05       -1.556703E-05        6.184250E-10
3.210000        2.585510E-06       -1.815254E-05       -1.556703E-05        6.184250E-10
3.220000        2.576193E-06       -1.814322E-05       -1.556703E-05        6.184250E-10
3.230000        2.567073E-06       -1.813410E-05       -1.556703E-05        6.184250E-10
3.240000        2.558150E-06       -1.812518E-05       -1.556703E-05        6.184250E-10
3.250000        2.549423E-06       -1.811645E-05       -1.556703E-05        6.184250E-10
3.260000        2.540892E-06       -1.810792E-05       -1.556703E-05        6.184250E-10
3.270000        2.532556E-06       -1.809959E-05       -1.556703E-05        6.184250E-10
3.280000        2.524415E-06       -1.809144E-05       -1.556703E-05        6.184250E-10
3.290000        2.516466E-06       -1.808350E-05       -1.556703E-05        6.184250E-10
3.300000        2.508711E-06       -1.807574E-05       -1.556703E-05        6.184250E-10
3.310000        2.501149E-06       -1.806818E-05       -1.556703E-05        6.184250E-10
3.320000        2.493778E-06       -1.806081E-05       -1.556703E-05        6.184250E-10
3.330000        2.486598E-06       -1.805363E-05       -1.556703E-05        6.184250E-10
3.340000        2.479609E-06       -1.804664E-05       -1.556703E-05        6.184250E-10
3.350000        2.472810E-06       -1.803984E-05       -1.556703E-05        6.184250E-10
3.360000        2.466201E-06       -1.803323E-05       -1.556703E-05        6.184250E-10
3.370000        2.459780E-06       -1.802681E-05       -1.556703E-05        6.184250E-10
3.380000        2.453548E-06       -1.802058E-05       -1.556703E-05        6.184250E-10
3.390000        2.447505E-06       -1.801453E-05       -1.556703E-05        6.184250E-10
3.400000        2.441648E-06       -1.800868E-05       -1.556703E-05        6.184250E-10
3.410000        2.435979E-06       -1.800301E-05       -1.556703E-05        6.184250E-10
3.420000        2.430496E-06       -1.799753E-05       -1.556703E-05        6.184250E-10
3.430000        2.425200E-06       -1.799223E-05       -1.556703E-05        6.184250E-10
3.440000        2.420089E-06       -1.798712E-05       -1.556703E-05        6.184250E-10
3.450000        2.415164E-06       -1.798219E-05       -1.556703E-05        6.184250E-10
3.460000        2.410424E-06       -1.797745E-05       -1.556703E-05        6.184250E-10
3.470000        2.405868E-06       -1.797290E-05       -1.556703E-05        6.184250E-10
3.480000        2.401497E-06       -1.796853E-05       -1.556703E-05        6.184250E-10
3.490000        2.397310E-06       -1.796434E-05       -1.556703E-05        6.184250E-10
3.500000        2.393306E-06       -1.796034E-05       -1.556703E-05        6.184250E-10
3.510000        2.389486E-06       -1.795652E-05       -1.556703E-05        6.184250E-10
3.520000        2.385848E-06       -1.795288E-05       -1.556703E-05        6.184250E-10
3.530000        2.382394E-06       -1.794942E-05       -1.556703E-05        6.184250E-10
3.540000        2.379122E-06       -1.794615E-05       -1.556703E-05        6.184250E-10
3.550000        2.376032E-06       -1.794306E-05       -1.556703E-05        6.184250E-10
3.560000        2.373124E-06       -1.794015E-05       -1.556703E-05        6.184250E-10
3.570000        2.370397E-06       -1.793743E-05       -1.556703E-05        6.184250E-10
3.580000        2.367853E-06       -1.793488E-05       -1.556703E-05        6.184250E-10
3.590000        2.365489E-06       -1.793252E-05       -1.556703E-05        6.184250E-10
3.600000        2.363307E-06       -1.793034E-05       -1.556703E-05        6.184250E-10
3.610000        2.361306E-06       -1.792834E-05       -1.556703E-05        6.184250E-10
3.620000        2.359486E-06       -1.792652E-05       -1.556703E-05        6.184250E-10
3.630000        2.357846E-06       -1.792488E-05       -1.556703E-05        6.184250E-10
3.640000        2.356387E-06       -1.792342E-05       -1.556703E-05        6.184250E-10
3.650000        2.355109E-06       -1.792214E-05       -1.556703E-05        6.184250E-10
3.660000        2.354010E-06       -1.792104E-05       -1.556703E-05        6.184250E-10
3.670000        2.353092E-06       -1.792012E-05       -1.556703E-05        6.184250E-10
3.680000        2.352355E-06       -1.791938E-05       -1.556703E-05        6.184250E-10
3.690000        2.351797E-06       -1.791883E-05       -1.556703E-05        6.184250E-10
3.700000        2.351420E-06       -1.791845E-05       -1.556703E-05        6.184250E-10
3.710000        2.351222E-06       -1.791825E-05       -1.556703E-05        6.184250E-10
3.720000        2.351205E-06       -1.791823E-05       -1.556703E-05        6.184250E-10
3.730000        2.351368E-06       -1.791840E-05       -1.556703E-05        6.184250E-10
3.740000        2.351710E-06       -1.791874E-05       -1.556703E-05        6.184250E-10
3.750000        2.352233E-06       -1.791926E-05       -1.556703E-05        6.184250E-10
3.760000        2.352936E-06       -1.791997E-05       -1.556703E-05        6.184250E-10
3.770000        2.353820E-06       -1.792085E-05       -1.556703E-05        6.184250E-10
3.780000        2.354883E-06       -1.792191E-05       -1.556703E-05        6.184250E-10
3.790000        2.356127E-06       -1.792316E-05       -1.556703E-05        6.184250E-10
3.800000        2.357551E-06       -1.792458E-05       -1.556703E-05        6.184250E-10
3.810000        2.359156E-06       -1.792619E-05       -1.556703E-05        6.184250E-10
3.820000        2.360942E-06       -1.792797E-05       -1.556703E-05        6.184250E-10
3.830000        2.362908E-06       -1.792994E-05       -1.556703E-05        6.184250E-10
3.840000        2.365055E-06       -1.793208E-05       -1.556703E-05        6.184250E-10
3.850000        2.367384E-06       -1.793441E-05       -1.556703E-05        6.184250E-10
3.860000        2.369893E-06       -1.793692E-05       -1.556703E-05        6.184250E-10
3.870000        2.372585E-06       -1.793961E-05       -1.556703E-05        6.184250E-10
3.880000        2.375458E-06       -1.794249E-05       -1.556703E-05        6.184250E-10
3.890000        2.378512E-06       -1.794554E-05       -1.556703E-05        6.184250E-10
3.900000        2.381749E-06       -1.794878E-05       -1.556703E-05        6.184250E-10
3.910000        2.385169E-06       -1.795220E-05       -1.556703E-05        6.184250E-10
3.920000        2.388771E-06       -1.795580E-05       -1.556703E-05        6.184250E-10
3.930000        2.392556E-06       -1.795959E-05       -1.556703E-05        6.184250E-10
3.940000        2.396525E-06       -1.796355E-05       -1.556703E-05        6.184250E-10
3.950000        2.400677E-06       -1.796771E-05       -1.556703E-05        6.184250E-10
3.960000        2.405012E-06       -1.797204E-05       -1.556703E-05        6.184250E-10
3.970000        2.409532E-06       -1.797656E-05       -1.556703E-05        6.184250E-10
3.980000        2.414237E-06       -1.798127E-05       -1.556703E-05        6.184250E-10
3.990000        2.419127E-06       -1.798616E-05       -1.556703E-05        6.184250E-10
4.000000        2.424201E-06       -1.799123E-05       -1.556703E-05        6.184250E-10
4.010000        2.429462E-06       -1.799649E-05       -1.556703E-05        6.184250E-10
4.020000        2.434909E-06       -1.800194E-05       -1.556703E-05        6.184250E-10
4.030000        2.440542E-06       -1.800757E-05       -1.556703E-05        6.184250E-10
4.040000        2.446362E-06       -1.801339E-05       -1.556703E-05        6.184250E-10
4.050000        2.452370E-06       -1.801940E-05       -1.556703E-05        6.184250E-10
4.060000        2.458566E-06       -1.802559E-05       -1.556703E-05        6.184250E-10
4.070000        2.464950E-06       -1.803198E-05       -1.556703E-05        6.184250E-10
4.080000        2.471523E-06       -1.803855E-05       -1.556703E-05        6.184250E-10
4.090000        2.478285E-06       -1.804531E-05       -1.556703E-05        6.184250E-10
4.100000        2.485238E-06       -1.805227E-05       -1.556703E-05        6.184250E-10
4.110000        2.492381E-06       -1.805941E-05       -1.556703E-05        6.184250E-10
4.120000        2.499715E-06       -1.806674E-05       -1.556703E-05        6.184250E-10
4.130000        2.507240E-06       -1.807427E-05       -1.556703E-05        6.184250E-10
4.140000        2.514958E-06       -1.808199E-05       -1.556703E-05        6.184250E-10
4.150000        2.522869E-06       -1.808990E-05       -1.556703E-05        6.184250E-10
4.160000        2.530973E-06       -1.809800E-05       -1.556703E-05        6.184250E-10
4.170000        2.539272E-06       -1.810630E-05       -1.556703E-05        6.184250E-10
4.180000        2.547765E-06       -1.811479E-05       -1.556703E-05        6.184250E-10
4.190000        2.556454E-06       -1.812348E-05       -1.556703E-05        6.184250E-10
4.200000        2.565339E-06       -1.813237E-05       -1.556703E-05        6.184250E-10
4.210000        2.574421E-06       -1.814145E-05       -1.556703E-05        6.184250E-10
4.220000        2.583701E-06       -1.815073E-05       -1.556703E-05        6.184250E-10
4.230000        2.593179E-06       -1.816021E-05       -1.556703E-05        6.184250E-10
4.240000        2.602856E-06       -1.816988E-05       -1.556703E-05        6.184250E-10
4.250000        2.612733E-06       -1.817976E-05       -1.556703E-05        6.184250E-10
4.260000        2.622811E-06       -1.818984E-05       -1.556703E-05        6.184250E-10
4.270000        2.633091E-06       -1.820012E-05       -1.556703E-05        6.184250E-10
4.280000        2.643573E-06       -1.821060E-05       -1.556703E-05        6.184250E-10
4.290000        2.654258E-06       -1.822129E-05       -1.556703E-05        6.184250E-10
4.300000        2.665147E-06       -1.823218E-05       -1.556703E-05        6.184250E-10
4.310000        2.676242E-06       -1.824327E-05       -1.556703E-05        6.184250E-10
4.320000        2.687542E-06       -1.825457E-05       -1.556703E-05        6.184250E-10
4.330000        2.699050E-06       -1.826608E-05       -1.556703E-05        6.184250E-10
4.340000        2.710765E-06       -1.827779E-05       -1.556703E-05        6.184250E-10
4.350000        2.722689E-06       -1.828972E-05       -1.556703E-05        6.184250E-10
4.360000        2.734823E-06       -1.830185E-05       -1.556703E-05        6.184250E-10
4.370000        2.747168E-06       -1.831420E-05       -1.556703E-05        6.184250E-10
4.380000        2.759725E-06       -1.832675E-05       -1.556703E-05        6.184250E-10
4.390000        2.772495E-06       -1.833952E-05       -1.556703E-05        6.184250E-10
4.400000        2.785478E-06       -1.835251E-05       -1.556703E-05        6.184250E-10
4.410000        2.798677E-06       -1.836571E-05       -1.556703E-05        6.184250E-10
4.420000        2.812092E-06       -1.837912E-05       -1.556703E-05        6.184250E-10
4.430000        2.825725E-06       -1.839275E-05       -1.556703E-05        6.184250E-10
4.440000        2.839576E-06       -1.840660E-05       -1.556703E-05        6.184250E-10
4.450000        2.853647E-06       -1.842067E-05       -1.556703E-05        6.184250E-10
4.460000        2.867939E-06       -1.843497E-05       -1.556703E-05        6.184250E-10
4.470000        2.882453E-06       -1.844948E-05       -1.556703E-05        6.184250E-10
4.480000        2.897190E-06       -1.846422E-05       -1.556703E-05        6.184250E-10
4.490000        2.912152E-06       -1.847918E-05       -1.556703E-05        6.184250E-10
4.500000        2.927340E-06       -1.849437E-05       -1.556703E-05        6.184250E-10
4.510000        2.942756E-06       -1.850978E-05       -1.556703E-05        6.184250E-10
4.520000        2.958400E-06       -1.852543E-05       -1.556703E-05        6.184250E-10
4.530000        2.974274E-06       -1.854130E-05       -1.556703E-05        6.184250E-10
4.540000        2.990380E-06       -1.855741E-05       -1.556703E-05        6.184250E-10
4.550000        3.006719E-06       -1.857375E-05       -1.556703E-05        6.184250E-10
4.560000        3.023292E-06       -1.859032E-05       -1.556703E-05        6.184250E-10
4.570000        3.040100E-06       -1.860713E-05       -1.556703E-05        6.184250E-10
4.580000        3.057147E-06       -1.862417E-05       -1.556703E-05        6.184250E-10
4.590000        3.074432E-06       -1.864146E-05       -1.556703E-05        6.184250E-10
4.600000        3.091957E-06       -1.865898E-05       -1.556703E-05        6.184250E-10
4.610000        3.109724E-06       -1.867675E-05       -1.556703E-05        6.184250E-10
4.620000        3.127735E-06       -1.869476E-05       -1.556703E-05        6.184250E-10
4.630000        3.145992E-06       -1.871302E-05       -1.556703E-05        6.184250E-10
4.640000        3.164495E-06       -1.873152E-05       -1.556703E-05        6.184250E-10
4.650000        3.183247E-06       -1.875027E-05       -1.556703E-05        6.184250E-10
4.660000        3.202249E-06       -1.876927E-05       -1.556703E-05        6.184250E-10
4.670000        3.221503E-06       -1.878853E-05       -1.556703E-05        6.184250E-10
4.680000        3.241011E-06       -1.880804E-05       -1.556703E-05        6.184250E-10
4.690000        3.260775E-06       -1.882780E-05       -1.556703E-05        6.184250E-10
4.700000        3.280797E-06       -1.884782E-05       -1.556703E-05        6.184250E-10
4.710000        3.301078E-06       -1.886810E-05       -1.556703E-05        6.184250E-10
4.720000        3.321620E-06       -1.888864E-05       -1.556703E-05        6.184250E-10
4.730000        3.342425E-06       -1.890945E-05       -1.556702E-05        6.184250E-10
4.740000        3.363496E-06       -1.893052E-05       -1.556702E-05        6.184250E-10
4.750000        3.384835E-06       -1.895186E-05       -1.556702E-05        6.184250E-10
4.760000        3.406442E-06       -1.897347E-05       -1.556702E-05        6.184250E-10
4.770000        3.428321E-06       -1.899535E-05       -1.556702E-05        6.184250E-10
4.780000        3.450474E-06       -1.901750E-05       -1.556702E-05        6.184250E-10
4.790000        3.472903E-06       -1.903993E-05       -1.556702E-05        6.184250E-10
4.800000        3.495609E-06       -1.906263E-05       -1.556702E-05        6.184250E-10
4.810000        3.518596E-06       -1.908562E-05       -1.556702E-05        6.184250E-10
4.820000        3.541865E-06       -1.910889E-05       -1.556702E-05        6.184250E-10
4.830000        3.565419E-06       -1.913244E-05       -1.556702E-05        6.184250E-10
4.840000        3.589259E-06       -1.915628E-05       -1.556702E-05        6.184250E-10
4.850000        3.613390E-06       -1.918041E-05       -1.556702E-05        6.184250E-10
4.860000        3.637812E-06       -1.920484E-05       -1.556702E-05        6.184250E-10
4.870000        3.662529E-06       -1.922955E-05       -1.556702E-05        6.184250E-10
4.880000        3.687543E-06       -1.925457E-05       -1.556702E-05        6.184250E-10
4.890000        3.712856E-06       -1.927988E-05       -1.556702E-05        6.184250E-10
4.900000        3.738471E-06       -1.930549E-05       -1.556702E-05        6.184250E-10
4.910000        3.764392E-06       -1.933141E-05       -1.556702E-05        6.184250E-10
4.920000        3.790619E-06       -1.935764E-05       -1.556702E-05        6.184250E-10
4.930000        3.817157E-06       -1.938418E-05       -1.556702E-05        6.184250E-10
4.940000        3.844007E-06       -1.941103E-05       -1.556702E-05        6.184250E-10
4.950000        3.871174E-06       -1.943820E-05       -1.556702E-05        6.184250E-10
4.960000        3.898659E-06       -1.946568E-05       -1.556702E-05        6.184250E-10
4.970000        3.926466E-06       -1.949349E-05       -1.556702E-05        6.184250E-10
4.980000        3.954597E-06       -1.952162E-05       -1.556702E-05        6.184250E-10
4.990000        3.983056E-06       -1.955008E-05       -1.556702E-05        6.184250E-10
5.000000        4.011846E-06       -1.957887E-05       -1.556702E-05        6.184250E-10
5.010000        4.040969E-06       -1.960799E-05       -1.556702E-05        6.184250E-10
5.020000        4.070430E-06       -1.963745E-05       -1.556702E-05        6.184250E-10
5.030000        4.100231E-06       -1.966725E-05       -1.556702E-05        6.184250E-10
5.040000        4.130376E-06       -1.969740E-05       -1.556702E-05        6.184250E-10
5.050000        4.160867E-06       -1.972789E-05       -1.556702E-05        6.184250E-10
5.060000        4.191709E-06       -1.975873E-05       -1.556702E-05        6.184250E-10
5.070000        4.222905E-06       -1.978993E-05       -1.556702E-05        6.184250E-10
5.080000        4.254459E-06       -1.982148E-05       -1.556702E-05        6.184250E-10
5.090000        4.286373E-06       -1.985339E-05       -1.556702E-05        6.184250E-10
5.100000        4.318652E-06       -1.988567E-05       -1.556702E-05        6.184250E-10
5.110000        4.351300E-06       -1.991832E-05       -1.556702E-05        6.184250E-10
5.120000        4.384320E-06       -1.995134E-05       -1.556702E-05        6.184250E-10
5.130000        4.417716E-06       -1.998473E-05       -1.556702E-05        6.184250E-10
5.140000        4.451492E-06       -2.001851E-05       -1.556702E-05        6.184250E-10
5.150000        4.485652E-06       -2.005267E-05       -1.556702E-05        6.184250E-10
5.160000        4.520201E-06       -2.008722E-05       -1.556702E-05        6.184250E-10
5.170000        4.555142E-06       -2.012216E-05       -1.556702E-05        6.184250E-10
5.180000        4.590479E-06       -2.015750E-05       -1.556702E-05        6.184250E-10
5.190000        4.626217E-06       -2.019323E-05       -1.556702E-05        6.184250E-10
5.200000        4.662361E-06       -2.022938E-05       -1.556702E-05        6.184250E-10
5.210000        4.698914E-06       -2.026593E-05       -1.556702E-05        6.184250E-10
5.220000        4.735882E-06       -2.030290E-05       -1.556702E-05        6.184250E-10
5.230000        4.773268E-06       -2.034028E-05       -1.556702E-05        6.184250E-10
5.240000        4.811078E-06       -2.037809E-05       -1.556702E-05        6.184250E-10
5.250000        4.849317E-06       -2.041633E-05       -1.556702E-05        6.184250E-10
5.260000        4.887989E-06       -2.045500E-05       -1.556702E-05        6.184250E-10
5.270000        4.927099E-06       -2.049411E-05       -1.556701E-05        6.184250E-10
5.280000        4.966652E-06       -2.053367E-05       -1.556701E-05        6.184250E-10
5.290000        5.006654E-06       -2.057367E-05       -1.556701E-05        6.184250E-10
5.300000        5.047110E-06       -2.061412E-05       -1.556701E-05        6.184250E-10
5.310000        5.088025E-06       -2.065504E-05       -1.556701E-05        6.184250E-10
5.320000        5.129404E-06       -2.069642E-05       -1.556701E-05        6.184250E-10
5.330000        5.171254E-06       -2.073827E-05       -1.556701E-05        6.184250E-10
5.340000        5.213579E-06       -2.078059E-05       -1.556701E-05        6.184250E-10
5.350000        5.256386E-06       -2.082340E-05       -1.556701E-05        6.184250E-10
5.360000        5.299681E-06       -2.086669E-05       -1.556701E-05        6.184250E-10
5.370000        5.343469E-06       -2.091048E-05       -1.556701E-05        6.184250E-10
5.380000        5.387757E-06       -2.095477E-05       -1.556701E-05        6.184250E-10
5.390000        5.432550E-06       -2.099956E-05       -1.556701E-05        6.184250E-10
5.400000        5.477856E-06       -2.104487E-05       -1.556701E-05        6.184250E-10
5.410000        5.523680E-06       -2.109069E-05       -1.556701E-05        6.184250E-10
5.420000        5.570030E-06       -2.113704E-05       -1.556701E-05        6.184250E-10
5.430000        5.616911E-06       -2.118392E-05       -1.556701E-05        6.184250E-10
5.440000        5.664332E-06       -2.123134E-05       -1.556701E-05        6.184250E-10
5.450000        5.712298E-06       -2.127931E-05       -1.556701E-05        6.184250E-10
5.460000        5.760818E-06       -2.132783E-05       -1.556701E-05        6.184250E-10
5.470000        5.809897E-06       -2.137691E-05       -1.556701E-05        6.184250E-10
5.480000        5.859545E-06       -2.142655E-05       -1.556701E-05        6.184250E-10
5.490000        5.909767E-06       -2.147677E-05       -1.556701E-05        6.184250E-10
5.500000        5.960573E-06       -2.152758E-05       -1.556701E-05        6.184250E-10
5.510000        6.011969E-06       -2.157898E-05       -1.556701E-05        6.184250E-10
5.520000        6.063965E-06       -2.163097E-05       -1.556701E-05        6.184250E-10
5.530000        6.116567E-06       -2.168357E-05       -1.556701E-05        6.184250E-10
5.540000        6.169786E-06       -2.173679E-05       -1.556700E-05        6.184250E-10
5.550000        6.223628E-06       -2.179063E-05       -1.556700E-05        6.184250E-10
5.560000        6.278102E-06       -2.184511E-05       -1.556700E-05        6.184250E-10
5.570000        6.333219E-06       -2.190022E-05       -1.556700E-05        6.184250E-10
5.580000        6.388986E-06       -2.195599E-05       -1.556700E-05        6.184250E-10
5.590000        6.445414E-06       -2.201242E-05       -1.556700E-05        6.184250E-10
5.600000        6.502511E-06       -2.206951E-05       -1.556700E-05        6.184250E-10
5.610000        6.560287E-06       -2.212729E-05       -1.556700E-05        6.184250E-10
5.620000        6.618752E-06       -2.218575E-05       -1.556700E-05        6.184250E-10
5.630000        6.677916E-06       -2.224492E-05       -1.556700E-05        6.184250E-10
5.640000        6.737790E-06       -2.230479E-05       -1.556700E-05        6.184250E-10
5.650000        6.798384E-06       -2.236538E-05       -1.556700E-05        6.184250E-10
5.660000        6.859708E-06       -2.242671E-05       -1.556700E-05        6.184250E-10
5.670000        6.921774E-06       -2.248877E-05       -1.556700E-05        6.184250E-10
5.680000        6.984594E-06       -2.255159E-05       -1.556700E-05        6.184250E-10
5.690000        7.048178E-06       -2.261517E-05       -1.556700E-05        6.184250E-10
5.700000        7.112538E-06       -2.267953E-05       -1.556699E-05        6.184250E-10
5.710000        7.177686E-06       -2.274468E-05       -1.556699E-05        6.184250E-10
5.720000        7.243635E-06       -2.281063E-05       -1.556699E-05        6.184250E-10
5.730000        7.310396E-06       -2.287739E-05       -1.556699E-05        6.184250E-10
5.740000        7.377984E-06       -2.294498E-05       -1.556699E-05        6.184250E-10
5.750000        7.446411E-06       -2.301340E-05       -1.556699E-05        6.184250E-10
5.760000        7.515690E-06       -2.308268E-05       -1.556699E-05        6.184250E-10
5.770000        7.585835E-06       -2.315282E-05       -1.556699E-05        6.184250E-10
5.780000        7.656860E-06       -2.322385E-05       -1.556699E-05        6.184250E-10
5.790000        7.728780E-06       -2.329577E-05       -1.556699E-05        6.184250E-10
5.800000        7.801609E-06       -2.336860E-05       -1.556699E-05        6.184250E-10
5.810000        7.875362E-06       -2.344235E-05       -1.556699E-05        6.184250E-10
5.820000        7.950055E-06       -2.351704E-05       -1.556699E-05        6.184250E-10
5.830000        8.025703E-06       -2.359269E-05       -1.556698E-05        6.184250E-10
5.840000        8.102323E-06       -2.366931E-05       -1.556698E-05        6.184250E-10
5.850000        8.179931E-06       -2.374691E-05       -1.556698E-05        6.184250E-10
5.860000        8.258544E-06       -2.382553E-05       -1.556698E-05        6.184250E-10
5.870000        8.338180E-06       -2.390516E-05       -1.556698E-05        6.184250E-10
5.880000        8.418855E-06       -2.398583E-05       -1.556698E-05        6.184250E-10
5.890000        8.500589E-06       -2.406757E-05       -1.556698E-05        6.184250E-10
5.900000        8.583400E-06       -2.415038E-05       -1.556698E-05        6.184250E-10
5.910000        8.667307E-06       -2.423428E-05       -1.556698E-05        6.184250E-10
5.920000        8.752330E-06       -2.431930E-05       -1.556697E-05        6.184250E-10
5.930000        8.838489E-06       -2.440546E-05       -1.556697E-05        6.184250E-10
5.940000        8.925804E-06       -2.449278E-05       -1.556697E-05        6.184250E-10
5.950000        9.014296E-06       -2.458127E-05       -1.556697E-05        6.184250E-10
5.960000        9.103988E-06       -2.467096E-05       -1.556697E-05        6.184250E-10
5.970000        9.194901E-06       -2.476187E-05       -1.556697E-05        6.184250E-10
5.980000        9.287059E-06       -2.485403E-05       -1.556697E-05        6.184250E-10
5.990000        9.380484E-06       -2.494745E-05       -1.556697E-05        6.184250E-10
6.000000        9.475200E-06       -2.504216E-05       -1.556696E-05        6.184250E-10
6.010000        9.571233E-06       -2.513820E-05       -1.556696E-05        6.184250E-10
6.020000        9.668607E-06       -2.523557E-05       -1.556696E-05        6.184250E-10
6.030000        9.767349E-06       -2.533431E-05       -1.556696E-05        6.184250E-10
6.040000        9.867485E-06       -2.543444E-05       -1.556696E-05        6.184250E-10
6.050000        9.969043E-06       -2.553600E-05       -1.556696E-05        6.184250E-10
6.060000        1.007205E-05       -2.563900E-05       -1.556695E-05        6.184250E-10
6.070000        1.017654E-05       -2.574349E-05       -1.556695E-05        6.184250E-10
6.080000        1.028253E-05       -2.584948E-05       -1.556695E-05        6.184250E-10
6.090000        1.039006E-05       -2.595701E-05       -1.556695E-05        6.184250E-10
6.100000        1.049917E-05       -2.606612E-05       -1.556695E-05        6.184250E-10
6.110000        1.060988E-05       -2.617682E-05       -1.556694E-05        6.184250E-10
6.120000        1.072222E-05       -2.628916E-05       -1.556694E-05        6.184250E-10
6.130000        1.083623E-05       -2.640317E-05       -1.556694E-05        6.184250E-10
6.140000        1.095195E-05       -2.651889E-05       -1.556694E-05        6.184250E-10
6.150000        1.106941E-05       -2.663634E-05       -1.556694E-05        6.184250E-10
6.160000        1.118865E-05       -2.675558E-05       -1.556693E-05        6.184250E-10
6.170000        1.130970E-05       -2.687663E-05       -1.556693E-05        6.184250E-10
6.180000        1.143261E-05       -2.699954E-05       -1.556693E-05        6.184250E-10
6.190000        1.155742E-05       -2.712435E-05       -1.556693E-05        6.184250E-10
6.200000        1.168417E-05       -2.725110E-05       -1.556692E-05        6.184250E-10
6.210000        1.181290E-05       -2.737982E-05       -1.556692E-05        6.184250E-10
6.220000        1.194366E-05       -2.751058E-05       -1.556692E-05        6.184250E-10
6.230000        1.207649E-05       -2.764341E-05       -1.556692E-05        6.184250E-10
6.240000        1.221144E-05       -2.777835E-05       -1.556691E-05        6.184250E-10
6.250000        1.234856E-05       -2.791547E-05       -1.556691E-05        6.184250E-10
6.260000        1.248790E-05       -2.805481E-05       -1.556691E-05        6.184250E-10
6.270000        1.262951E-05       -2.819641E-05       -1.556690E-05        6.184250E-10
6.280000        1.277344E-05       -2.834034E-05       -1.556690E-05        6.184250E-10
6.290000        1.291976E-05       -2.848665E-05       -1.556690E-05        6.184250E-10
6.300000        1.306851E-05       -2.863540E-05       -1.556689E-05        6.184250E-10
6.310000        1.321975E-05       -2.878664E-05       -1.556689E-05        6.184250E-10
6.320000        1.337356E-05       -2.894044E-05       -1.556689E-05        6.184250E-10
6.330000        1.352998E-05       -2.909686E-05       -1.556688E-05        6.184250E-10
6.340000        1.368909E-05       -2.925596E-05       -1.556688E-05        6.184250E-10
6.350000        1.385095E-05       -2.941782E-05       -1.556687E-05        6.184250E-10
6.360000        1.401563E-05       -2.958250E-05       -1.556687E-05        6.184250E-10
6.370000        1.418321E-05       -2.975007E-05       -1.556686E-05        6.184250E-10
6.380000        1.435375E-05       -2.992061E-05       -1.556686E-05        6.184250E-10
6.390000        1.452734E-05       -3.009419E-05       -1.556686E-05        6.184250E-10
6.400000        1.470405E-05       -3.027090E-05       -1.556685E-05        6.184250E-10
6.410000        1.488397E-05       -3.045082E-05       -1.556684E-05        6.184250E-10
6.420000        1.506719E-05       -3.063403E-05       -1.556684E-05        6.184250E-10
6.430000        1.525379E-05       -3.082062E-05       -1.556683E-05        6.184250E-10
6.440000        1.544386E-05       -3.101069E-05       -1.556683E-05        6.184250E-10
6.450000        1.563750E-05       -3.120432E-05       -1.556682E-05        6.184250E-10
6.460000        1.583481E-05       -3.140162E-05       -1.556682E-05        6.184250E-10
6.470000        1.603589E-05       -3.160270E-05       -1.556681E-05        6.184250E-10
6.480000        1.624084E-05       -3.180765E-05       -1.556680E-05        6.184250E-10
6.490000        1.644979E-05       -3.201658E-05       -1.556680E-05        6.184250E-10
6.500000        1.666283E-05       -3.222962E-05       -1.556679E-05        6.184250E-10
6.510000        1.688010E-05       -3.244688E-05       -1.556678E-05        6.184250E-10
6.520000        1.710172E-05       -3.266849E-05       -1.556677E-05        6.184250E-10
6.530000        1.732781E-05       -3.289457E-05       -1.556677E-05        6.184250E-10
6.540000        1.755850E-05       -3.312526E-05       -1.556676E-05        6.184250E-10
6.550000        1.779395E-05       -3.336069E-05       -1.556675E-05        6.184250E-10
6.560000        1.803428E-05       -3.360102E-05       -1.556674E-05        6.184250E-10
6.570000        1.827966E-05       -3.384639E-05       -1.556673E-05        6.184250E-10
6.580000        1.853024E-05       -3.409696E-05       -1.556672E-05        6.184250E-10
6.590000        1.878619E-05       -3.435290E-05       -1.556671E-05        6.184250E-10
6.600000        1.904767E-05       -3.461437E-05       -1.556670E-05        6.184250E-10
6.610000        1.931486E-05       -3.488155E-05       -1.556669E-05        6.184250E-10
6.620000        1.958796E-05       -3.515464E-05       -1.556668E-05        6.184250E-10
6.630000        1.986714E-05       -3.543381E-05       -1.556667E-05        6.184250E-10
6.640000        2.015262E-05       -3.571928E-05       -1.556665E-05        6.184250E-10
6.650000        2.044461E-05       -3.601125E-05       -1.556664E-05        6.184250E-10
6.660000        2.074332E-05       -3.630995E-05       -1.556663E-05        6.184250E-10
6.670000        2.104899E-05       -3.661560E-05       -1.556661E-05        6.184250E-10
6.680000        2.136186E-05       -3.692845E-05       -1.556660E-05        6.184250E-10
6.690000        2.168217E-05       -3.724876E-05       -1.556658E-05        6.184250E-10
6.700000        2.201020E-05       -3.757677E-05       -1.556657E-05        6.184250E-10
6.710000        2.234623E-05       -3.791277E-05       -1.556655E-05        6.184250E-10
6.720000        2.269052E-05       -3.825706E-05       -1.556653E-05        6.184250E-10
6.730000        2.304341E-05       -3.860992E-05       -1.556651E-05        6.184250E-10
6.740000        2.340519E-05       -3.897168E-05       -1.556649E-05        6.184250E-10
6.750000        2.377620E-05       -3.934268E-05       -1.556647E-05        6.184250E-10
6.760000        2.415680E-05       -3.972325E-05       -1.556645E-05        6.184250E-10
6.770000        2.454735E-05       -4.011378E-05       -1.556643E-05        6.184250E-10
6.780000        2.494823E-05       -4.051464E-05       -1.556641E-05        6.184250E-10
6.790000        2.535986E-05       -4.092624E-05       -1.556638E-05        6.184250E-10
6.800000        2.578265E-05       -4.134900E-05       -1.556636E-05        6.184250E-10
6.810000        2.621705E-05       -4.178338E-05       -1.556633E-05        6.184250E-10
6.820000        2.666354E-05       -4.222984E-05       -1.556630E-05        6.184250E-10
6.830000        2.712261E-05       -4.268888E-05       -1.556627E-05        6.184250E-10
6.840000        2.759479E-05       -4.316102E-05       -1.556624E-05        6.184250E-10
6.850000        2.808061E-05       -4.364682E-05       -1.556621E-05        6.184250E-10
6.860000        2.858067E-05       -4.414684E-05       -1.556617E-05        6.184250E-10
6.870000        2.909557E-05       -4.466170E-05       -1.556614E-05        6.184250E-10
6.880000        2.962596E-05       -4.519206E-05       -1.556610E-05        6.184250E-10
6.890000        3.017251E-05       -4.573857E-05       -1.556606E-05        6.184250E-10
6.900000        3.073596E-05       -4.630198E-05       -1.556602E-05        6.184250E-10
6.910000        3.131705E-05       -4.688302E-05       -1.556597E-05        6.184250E-10
6.920000        3.191658E-05       -4.748251E-05       -1.556593E-05        6.184250E-10
6.930000        3.253541E-05       -4.810129E-05       -1.556588E-05        6.184250E-10
6.940000        3.317442E-05       -4.874025E-05       -1.556583E-05        6.184250E-10
6.950000        3.383457E-05       -4.940035E-05       -1.556578E-05        6.184250E-10
6.960000        3.451685E-05       -5.008257E-05       -1.556572E-05        6.184250E-10
6.970000        3.522231E-05       -5.078798E-05       -1.556567E-05        6.184250E-10
6.980000        3.595209E-05       -5.151769E-05       -1.556561E-05        6.184250E-10
6.990000        3.670735E-05       -5.227289E-05       -1.556554E-05        6.184250E-10
7.000000        3.748935E-05       -5.305483E-05       -1.556548E-05        6.184250E-10
7.010000        3.829941E-05       -5.386482E-05       -1.556541E-05        6.184250E-10
7.020000        3.913892E-05       -5.470426E-05       -1.556534E-05        6.184250E-10
7.030000        4.000935E-05       -5.557462E-05       -1.556527E-05        6.184250E-10
7.040000        4.091227E-05       -5.647746E-05       -1.556520E-05        6.184250E-10
7.050000        4.184930E-05       -5.741442E-05       -1.556512E-05        6.184250E-10
7.060000        4.282216E-05       -5.838721E-05       -1.556504E-05        6.184250E-10
7.070000        4.383268E-05       -5.939765E-05       -1.556497E-05        6.184250E-10
7.080000        4.488274E-05       -6.044763E-05       -1.556489E-05        6.184250E-10
7.090000        4.597434E-05       -6.153915E-05       -1.556482E-05        6.184250E-10
7.100000        4.710954E-05       -6.267428E-05       -1.556474E-05        6.184250E-10
7.110000        4.829049E-05       -6.385516E-05       -1.556468E-05        6.184250E-10
7.120000        4.951941E-05       -6.508403E-05       -1.556461E-05        6.184250E-10
7.130000        5.079860E-05       -6.636317E-05       -1.556456E-05        6.184250E-10
7.140000        5.213038E-05       -6.769490E-05       -1.556452E-05        6.184250E-10
7.150000        5.351709E-05       -6.908159E-05       -1.556450E-05        6.184250E-10
7.160000        5.496108E-05       -7.052559E-05       -1.556450E-05        6.184250E-10
7.170000        5.646465E-05       -7.202918E-05       -1.556454E-05        6.184250E-10
7.180000        5.802998E-05       -7.359458E-05       -1.556460E-05        6.184250E-10
7.190000        5.965911E-05       -7.522383E-05       -1.556472E-05        6.184250E-10
7.200000        6.135382E-05       -7.691871E-05       -1.556489E-05        6.184250E-10
7.210000        6.311554E-05       -7.868068E-05       -1.556513E-05        6.184250E-10
7.220000        6.494522E-05       -8.051069E-05       -1.556547E-05        6.184250E-10
7.230000        6.684316E-05       -8.240908E-05       -1.556591E-05        6.184250E-10
7.240000        6.880884E-05       -8.437533E-05       -1.556649E-05        6.184250E-10
7.250000        7.084065E-05       -8.640788E-05       -1.556723E-05        6.184250E-10
7.260000        7.293567E-05       -8.850383E-05       -1.556816E-05        6.184250E-10
7.270000        7.508931E-05       -9.065862E-05       -1.556931E-05        6.184250E-10
7.280000        7.729497E-05       -9.286570E-05       -1.557073E-05        6.184250E-10
7.290000        7.954367E-05       -9.511611E-05       -1.557244E-05        6.184250E-10
7.300000        8.182359E-05       -9.739807E-05       -1.557449E-05        6.184250E-10
7.310000        8.411971E-05       -9.969662E-05       -1.557690E-05        6.184250E-10
7.320000        8.641345E-05       -0.0001019931       -1.557970E-05        6.184250E-10
7.330000        8.868233E-05       -0.0001042652       -1.558289E-05        6.184250E-10
7.340000        9.089992E-05       -0.0001064864       -1.558645E-05        6.184250E-10
7.350000        9.303589E-05       -0.0001086262       -1.559033E-05        6.184250E-10
7.360000        9.505644E-05       -0.0001106509       -1.559445E-05        6.184250E-10
7.370000        9.692511E-05       -0.0001125238       -1.559866E-05        6.184250E-10
7.380000        9.860395E-05       -0.0001142068       -1.560282E-05        6.184250E-10
7.390000        0.0001000552       -0.0001156619       -1.560670E-05        6.184250E-10
7.400000        0.0001012431       -0.0001168532       -1.561009E-05        6.184250E-10
7.410000        0.0001021364       -0.0001177492       -1.561277E-05        6.184250E-10
7.420000        0.0001027102       -0.0001183248       -1.561456E-05        6.184250E-10
7.430000        0.0001029478       -0.0001185631       -1.561531E-05        6.184250E-10
7.440000        0.0001028421       -0.0001184571       -1.561497E-05        6.184250E-10
7.450000        0.0001023963       -0.0001180099       -1.561358E-05        6.184250E-10
7.460000        0.0001016236       -0.0001172348       -1.561122E-05        6.184250E-10
7.470000        0.0001005457       -0.0001161537       -1.560808E-05        6.184250E-10
7.480000        9.919179E-05       -0.0001147962       -1.560436E-05        6.184250E-10
7.490000        9.759621E-05       -0.0001131965       -1.560028E-05        6.184250E-10
7.500000        9.579612E-05       -0.0001113922       -1.559607E-05        6.184250E-10
7.510000        9.382963E-05       -0.0001094215       -1.559189E-05        6.184250E-10
7.520000        9.173394E-05       -0.0001073218       -1.558791E-05        6.184250E-10
7.530000        8.954399E-05       -0.0001051282       -1.558422E-05        6.184250E-10
7.540000        8.729151E-05       -0.0001028724       -1.558088E-05        6.184250E-10
7.550000        8.500447E-05       -0.0001005824       -1.557793E-05        6.184250E-10
7.560000        8.270685E-05       -9.828223E-05       -1.557537E-05        6.184250E-10
7.570000        8.041873E-05       -9.599191E-05       -1.557319E-05        6.184250E-10
7.580000        7.815644E-05       -9.372779E-05       -1.557135E-05        6.184250E-10
7.590000        7.593300E-05       -9.150282E-05       -1.556982E-05        6.184250E-10
7.600000        7.375842E-05       -8.932699E-05       -1.556857E-05        6.184250E-10
7.610000        7.164018E-05       -8.720774E-05       -1.556756E-05        6.184250E-10
7.620000        6.958360E-05       -8.515035E-05       -1.556675E-05        6.184250E-10
7.630000        6.759220E-05       -8.315832E-05       -1.556612E-05        6.184250E-10
7.640000        6.566806E-05       -8.123368E-05       -1.556563E-05        6.184250E-10
7.650000        6.381208E-05       -7.937734E-05       -1.556525E-05        6.184250E-10
7.660000        6.202427E-05       -7.758925E-05       -1.556497E-05        6.184250E-10
7.670000        6.030390E-05       -7.586868E-05       -1.556478E-05        6.184250E-10
7.680000        5.864971E-05       -7.421435E-05       -1.556464E-05        6.184250E-10
7.690000        5.706004E-05       -7.262459E-05       -1.556456E-05        6.184250E-10
7.700000        5.553294E-05       -7.109745E-05       -1.556451E-05        6.184250E-10
7.710000        5.406627E-05       -6.963077E-05       -1.556450E-05        6.184250E-10
7.720000        5.265778E-05       -6.822229E-05       -1.556451E-05        6.184250E-10
7.730000        5.130512E-05       -6.686967E-05       -1.556455E-05        6.184250E-10
7.740000        5.000596E-05       -6.557055E-05       -1.556459E-05        6.184250E-10
7.750000        4.875795E-05       -6.432260E-05       -1.556465E-05        6.184250E-10
7.760000        4.755879E-05       -6.312351E-05       -1.556472E-05        6.184250E-10
7.770000        4.640623E-05       -6.197102E-05       -1.556479E-05        6.184250E-10
7.780000        4.529809E-05       -6.086295E-05       -1.556486E-05        6.184250E-10
7.790000        4.423228E-05       -5.979721E-05       -1.556494E-05        6.184250E-10
7.800000        4.320676E-05       -5.877177E-05       -1.556501E-05        6.184250E-10
7.810000        4.221961E-05       -5.778470E-05       -1.556509E-05        6.184250E-10
7.820000        4.126899E-05       -5.683416E-05       -1.556517E-05        6.184250E-10
7.830000        4.035314E-05       -5.591838E-05       -1.556524E-05        6.184250E-10
7.840000        3.947038E-05       -5.503570E-05       -1.556531E-05        6.184250E-10
7.850000        3.861914E-05       -5.418453E-05       -1.556538E-05        6.184250E-10
7.860000        3.779791E-05       -5.336336E-05       -1.556545E-05        6.184250E-10
7.870000        3.700527E-05       -5.257078E-05       -1.556552E-05        6.184250E-10
7.880000        3.623986E-05       -5.180544E-05       -1.556558E-05        6.184250E-10
7.890000        3.550041E-05       -5.106606E-05       -1.556564E-05        6.184250E-10
7.900000        3.478572E-05       -5.035142E-05       -1.556570E-05        6.184250E-10
7.910000        3.409464E-05       -4.966040E-05       -1.556576E-05        6.184250E-10
7.920000        3.342609E-05       -4.899190E-05       -1.556581E-05        6.184250E-10
7.930000        3.277906E-05       -4.834492E-05       -1.556586E-05        6.184250E-10
7.940000        3.215256E-05       -4.771847E-05       -1.556591E-05        6.184250E-10
7.950000        3.154570E-05       -4.711166E-05       -1.556596E-05        6.184250E-10
7.960000        3.095761E-05       -4.652361E-05       -1.556600E-05        6.184250E-10
7.970000        3.038746E-05       -4.595350E-05       -1.556604E-05        6.184250E-10
7.980000        2.983449E-05       -4.540057E-05       -1.556608E-05        6.184250E-10
7.990000        2.929795E-05       -4.486408E-05       -1.556612E-05        6.184250E-10
8.000000        2.877717E-05       -4.434333E-05       -1.556616E-05        6.184250E-10
8.010000        2.827147E-05       -4.383766E-05       -1.556619E-05        6.184250E-10
8.020000        2.778023E-05       -4.334646E-05       -1.556623E-05        6.184250E-10
8.030000        2.730287E-05       -4.286913E-05       -1.556626E-05        6.184250E-10
8.040000        2.683882E-05       -4.240510E-05       -1.556629E-05        6.184250E-10
8.050000        2.638754E-05       -4.195386E-05       -1.556632E-05        6.184250E-10
8.060000        2.594854E-05       -4.151489E-05       -1.556635E-05        6.184250E-10
8.070000        2.552133E-05       -4.108770E-05       -1.556637E-05        6.184250E-10
8.080000        2.510546E-05       -4.067186E-05       -1.556640E-05        6.184250E-10
8.090000        2.470049E-05       -4.026691E-05       -1.556642E-05        6.184250E-10
8.100000        2.430601E-05       -3.987245E-05       -1.556644E-05        6.184250E-10
8.110000        2.392162E-05       -3.948809E-05       -1.556646E-05        6.184250E-10
8.120000        2.354696E-05       -3.911344E-05       -1.556649E-05        6.184250E-10
8.130000        2.318166E-05       -3.874816E-05       -1.556650E-05        6.184250E-10
8.140000        2.282539E-05       -3.839191E-05       -1.556652E-05        6.184250E-10
8.150000        2.247782E-05       -3.804436E-05       -1.556654E-05        6.184250E-10
8.160000        2.213865E-05       -3.770521E-05       -1.556656E-05        6.184250E-10
8.170000        2.180757E-05       -3.737415E-05       -1.556658E-05        6.184250E-10
8.180000        2.148432E-05       -3.705091E-05       -1.556659E-05        6.184250E-10
8.190000        2.116861E-05       -3.673522E-05       -1.556661E-05        6.184250E-10
8.200000        2.086020E-05       -3.642682E-05       -1.556662E-05        6.184250E-10
8.210000        2.055884E-05       -3.612547E-05       -1.556663E-05        6.184250E-10
8.220000        2.026429E-05       -3.583093E-05       -1.556665E-05        6.184250E-10
8.230000        1.997633E-05       -3.554299E-05       -1.556666E-05        6.184250E-10
8.240000        1.969474E-05       -3.526141E-05       -1.556667E-05        6.184250E-10
8.250000        1.941933E-05       -3.498601E-05       -1.556668E-05        6.184250E-10
8.260000        1.914988E-05       -3.471658E-05       -1.556670E-05        6.184250E-10
8.270000        1.888622E-05       -3.445293E-05       -1.556671E-05        6.184250E-10
8.280000        1.862817E-05       -3.419488E-05       -1.556672E-05        6.184250E-10
8.290000        1.837554E-05       -3.394227E-05       -1.556673E-05        6.184250E-10
8.300000        1.812817E-05       -3.369491E-05       -1.556674E-05        6.184250E-10
8.310000        1.788591E-05       -3.345266E-05       -1.556675E-05        6.184250E-10
8.320000        1.764860E-05       -3.321536E-05       -1.556675E-05        6.184250E-10
8.330000        1.741609E-05       -3.298286E-05       -1.556676E-05        6.184250E-10
8.340000        1.718825E-05       -3.275502E-05       -1.556677E-05        6.184250E-10
8.350000        1.696493E-05       -3.253171E-05       -1.556678E-05        6.184250E-10
8.360000        1.674600E-05       -3.231279E-05       -1.556679E-05        6.184250E-10
8.370000        1.653134E-05       -3.209814E-05       -1.556679E-05        6.184250E-10
8.380000        1.632083E-05       -3.188763E-05       -1.556680E-05        6.184250E-10
8.390000        1.611435E-05       -3.168116E-05       -1.556681E-05        6.184250E-10
8.400000        1.591179E-05       -3.147861E-05       -1.556681E-05        6.184250E-10
8.410000        1.571304E-05       -3.127986E-05       -1.556682E-05        6.184250E-10
8.420000        1.551800E-05       -3.108483E-05       -1.556683E-05        6.184250E-10
8.430000        1.532657E-05       -3.089340E-05       -1.556683E-05        6.184250E-10
8.440000        1.513864E-05       -3.070548E-05       -1.556684E-05        6.184250E-10
8.450000        1.495414E-05       -3.052098E-05       -1.556684E-05        6.184250E-10
8.460000        1.477296E-05       -3.033981E-05       -1.556685E-05        6.184250E-10
8.470000        1.459502E-05       -3.016187E-05       -1.556685E-05        6.184250E-10
8.480000        1.442023E-05       -2.998709E-05       -1.556686E-05        6.184250E-10
8.490000        1.424853E-05       -2.981539E-05       -1.556686E-05        6.184250E-10
8.500000        1.407982E-05       -2.964668E-05       -1.556687E-05        6.184250E-10
8.510000        1.391403E-05       -2.948090E-05       -1.556687E-05        6.184250E-10
8.520000        1.375109E-05       -2.931797E-05       -1.556688E-05        6.184250E-10
8.530000        1.359093E-05       -2.915781E-05       -1.556688E-05        6.184250E-10
8.540000        1.343348E-05       -2.900037E-05       -1.556688E-05        6.184250E-10
8.550000        1.327868E-05       -2.884556E-05       -1.556689E-05        6.184250E-10
8.560000        1.312645E-05       -2.869334E-05       -1.556689E-05        6.184250E-10
8.570000        1.297675E-05       -2.854364E-05       -1.556690E-05        6.184250E-10
8.580000        1.282950E-05       -2.839640E-05       -1.556690E-05        6.184250E-10
8.590000        1.268466E-05       -2.825156E-05       -1.556690E-05        6.184250E-10
8.600000        1.254216E-05       -2.810907E-05       -1.556691E-05        6.184250E-10
8.610000        1.240195E-05       -2.796886E-05       -1.556691E-05        6.184250E-10
8.620000        1.226399E-05       -2.783090E-05       -1.556691E-05        6.184250E-10
8.630000        1.212821E-05       -2.769512E-05       -1.556691E-05        6.184250E-10
8.640000        1.199457E-05       -2.756148E-05       -1.556692E-05        6.184250E-10
8.650000        1.186302E-05       -2.742994E-05       -1.556692E-05        6.184250E-10
8.660000        1.173351E-05       -2.730043E-05       -1.556692E-05        6.184250E-10
8.670000        1.160600E-05       -2.717293E-05       -1.556693E-05        6.184250E-10
8.680000        1.148045E-05       -2.704738E-05       -1.556693E-05        6.184250E-10
8.690000        1.135681E-05       -2.692375E-05       -1.556693E-05        6.184250E-10
8.700000        1.123505E-05       -2.680198E-05       -1.556693E-05        6.184250E-10
8.710000        1.111512E-05       -2.668205E-05       -1.556694E-05        6.184250E-10
8.720000        1.099698E-05       -2.656391E-05       -1.556694E-05        6.184250E-10
8.730000        1.088059E-05       -2.644753E-05       -1.556694E-05        6.184250E-10
8.740000        1.076593E-05       -2.633287E-05       -1.556694E-05        6.184250E-10
8.750000        1.065294E-05       -2.621989E-05       -1.556694E-05        6.184250E-10
8.760000        1.054161E-05       -2.610856E-05       -1.556695E-05        6.184250E-10
8.770000        1.043189E-05       -2.599884E-05       -1.556695E-05        6.184250E-10
8.780000        1.032376E-05       -2.589071E-05       -1.556695E-05        6.184250E-10
8.790000        1.021718E-05       -2.578413E-05       -1.556695E-05        6.184250E-10
8.800000        1.011211E-05       -2.567907E-05       -1.556695E-05        6.184250E-10
8.810000        1.000854E-05       -2.557549E-05       -1.556695E-05        6.184250E-10
8.820000        9.906426E-06       -2.547338E-05       -1.556696E-05        6.184250E-10
8.830000        9.805746E-06       -2.537270E-05       -1.556696E-05        6.184250E-10
8.840000        9.706470E-06       -2.527343E-05       -1.556696E-05        6.184250E-10
8.850000        9.608572E-06       -2.517553E-05       -1.556696E-05        6.184250E-10
8.860000        9.512026E-06       -2.507899E-05       -1.556696E-05        6.184250E-10
8.870000        9.416805E-06       -2.498377E-05       -1.556696E-05        6.184250E-10
8.880000        9.322886E-06       -2.488985E-05       -1.556697E-05        6.184250E-10
8.890000        9.230243E-06       -2.479721E-05       -1.556697E-05        6.184250E-10
8.900000        9.138854E-06       -2.470582E-05       -1.556697E-05        6.184250E-10
8.910000        9.048694E-06       -2.461566E-05       -1.556697E-05        6.184250E-10
8.920000        8.959742E-06       -2.452671E-05       -1.556697E-05        6.184250E-10
8.930000        8.871976E-06       -2.443895E-05       -1.556697E-05        6.184250E-10
8.940000        8.785375E-06       -2.435235E-05       -1.556697E-05        6.184250E-10
8.950000        8.699917E-06       -2.426689E-05       -1.556698E-05        6.184250E-10
8.960000        8.615583E-06       -2.418256E-05       -1.556698E-05        6.184250E-10
8.970000        8.532352E-06       -2.409933E-05       -1.556698E-05        6.184250E-10
8.980000        8.450205E-06       -2.401718E-05       -1.556698E-05        6.184250E-10
8.990000        8.369124E-06       -2.393610E-05       -1.556698E-05        6.184250E-10
9.000000        8.289090E-06       -2.385607E-05       -1.556698E-05        6.184250E-10
9.010000        8.210086E-06       -2.377707E-05       -1.556698E-05        6.184250E-10
9.020000        8.132092E-06       -2.369908E-05       -1.556698E-05        6.184250E-10
9.030000        8.055094E-06       -2.362208E-05       -1.556698E-05        6.184250E-10
9.040000        7.979073E-06       -2.354606E-05       -1.556698E-05        6.184250E-10
9.050000        7.904014E-06       -2.347100E-05       -1.556699E-05        6.184250E-10
9.060000        7.829901E-06       -2.339689E-05       -1.556699E-05        6.184250E-10
9.070000        7.756718E-06       -2.332371E-05       -1.556699E-05        6.184250E-10
9.080000        7.684450E-06       -2.325144E-05       -1.556699E-05        6.184250E-10
9.090000        7.613082E-06       -2.318007E-05       -1.556699E-05        6.184250E-10
9.100000        7.542600E-06       -2.310959E-05       -1.556699E-05        6.184250E-10
9.110000        7.472989E-06       -2.303998E-05       -1.556699E-05        6.184250E-10
9.120000        7.404235E-06       -2.297123E-05       -1.556699E-05        6.184250E-10
9.130000        7.336326E-06       -2.290332E-05       -1.556699E-05        6.184250E-10
9.140000        7.269248E-06       -2.283624E-05       -1.556699E-05        6.184250E-10
9.150000        7.202988E-06       -2.276998E-05       -1.556699E-05        6.184250E-10
9.160000        7.137533E-06       -2.270453E-05       -1.556699E-05        6.184250E-10
9.170000        7.072870E-06       -2.263987E-05       -1.556700E-05        6.184250E-10
9.180000        7.008989E-06       -2.257599E-05       -1.556700E-05        6.184250E-10
9.190000        6.945877E-06       -2.251287E-05       -1.556700E-05        6.184250E-10
9.200000        6.883522E-06       -2.245052E-05       -1.556700E-05        6.184250E-10
9.210000        6.821913E-06       -2.238891E-05       -1.556700E-05        6.184250E-10
9.220000        6.761039E-06       -2.232804E-05       -1.556700E-05        6.184250E-10
9.230000        6.700889E-06       -2.226789E-05       -1.556700E-05        6.184250E-10
9.240000        6.641453E-06       -2.220845E-05       -1.556700E-05        6.184250E-10
9.250000        6.582720E-06       -2.214972E-05       -1.556700E-05        6.184250E-10
9.260000        6.524680E-06       -2.209168E-05       -1.556700E-05        6.184250E-10
9.270000        6.467322E-06       -2.203432E-05       -1.556700E-05        6.184250E-10
9.280000        6.410638E-06       -2.197764E-05       -1.556700E-05        6.184250E-10
9.290000        6.354618E-06       -2.192162E-05       -1.556700E-05        6.184250E-10
9.300000        6.299252E-06       -2.186626E-05       -1.556700E-05        6.184250E-10
9.310000        6.244531E-06       -2.181153E-05       -1.556700E-05        6.184250E-10
9.320000        6.190446E-06       -2.175745E-05       -1.556700E-05        6.184250E-10
9.330000        6.136989E-06       -2.170399E-05       -1.556700E-05        6.184250E-10
9.340000        6.084150E-06       -2.165116E-05       -1.556701E-05        6.184250E-10
9.350000        6.031922E-06       -2.159893E-05       -1.556701E-05        6.184250E-10
9.360000        5.980296E-06       -2.154730E-05       -1.556701E-05        6.184250E-10
9.370000        5.929263E-06       -2.149627E-05       -1.556701E-05        6.184250E-10
9.380000        5.878817E-06       -2.144582E-05       -1.556701E-05        6.184250E-10
9.390000        5.828949E-06       -2.139596E-05       -1.556701E-05        6.184250E-10
9.400000        5.779652E-06       -2.134666E-05       -1.556701E-05        6.184250E-10
9.410000        5.730918E-06       -2.129793E-05       -1.556701E-05        6.184250E-10
9.420000        5.682739E-06       -2.124975E-05       -1.556701E-05        6.184250E-10
9.430000        5.635109E-06       -2.120212E-05       -1.556701E-05        6.184250E-10
9.440000        5.588021E-06       -2.115503E-05       -1.556701E-05        6.184250E-10
9.450000        5.541467E-06       -2.110848E-05       -1.556701E-05        6.184250E-10
9.460000        5.495441E-06       -2.106245E-05       -1.556701E-05        6.184250E-10
9.470000        5.449937E-06       -2.101695E-05       -1.556701E-05        6.184250E-10
9.480000        5.404947E-06       -2.097196E-05       -1.556701E-05        6.184250E-10
9.490000        5.360465E-06       -2.092748E-05       -1.556701E-05        6.184250E-10
9.500000        5.316485E-06       -2.088350E-05       -1.556701E-05        6.184250E-10
9.510000        5.273001E-06       -2.084001E-05       -1.556701E-05        6.184250E-10
9.520000        5.230007E-06       -2.079702E-05       -1.556701E-05        6.184250E-10
9.530000        5.187497E-06       -2.075451E-05       -1.556701E-05        6.184250E-10
9.540000        5.145465E-06       -2.071248E-05       -1.556701E-05        6.184250E-10
9.550000        5.103905E-06       -2.067092E-05       -1.556701E-05        6.184250E-10
9.560000        5.062812E-06       -2.062983E-05       -1.556701E-05        6.184250E-10
9.570000        5.022180E-06       -2.058919E-05       -1.556701E-05        6.184250E-10
9.580000        4.982004E-06       -2.054902E-05       -1.556701E-05        6.184250E-10
9.590000        4.942278E-06       -2.050929E-05       -1.556701E-05        6.184250E-10
9.600000        4.902998E-06       -2.047001E-05       -1.556702E-05        6.184250E-10
9.610000        4.864158E-06       -2.043117E-05       -1.556702E-05        6.184250E-10
9.620000        4.825753E-06       -2.039277E-05       -1.556702E-05        6.184250E-10
9.630000        4.787779E-06       -2.035479E-05       -1.556702E-05        6.184250E-10
9.640000        4.750230E-06       -2.031725E-05       -1.556702E-05        6.184250E-10
9.650000        4.713101E-06       -2.028012E-05       -1.556702E-05        6.184250E-10
9.660000        4.676389E-06       -2.024341E-05       -1.556702E-05        6.184250E-10
9.670000        4.640088E-06       -2.020711E-05       -1.556702E-05        6.184250E-10
9.680000        4.604194E-06       -2.017121E-05       -1.556702E-05        6.184250E-10
9.690000        4.568703E-06       -2.013572E-05       -1.556702E-05        6.184250E-10
9.700000        4.533610E-06       -2.010063E-05       -1.556702E-05        6.184250E-10
9.710000        4.498911E-06       -2.006593E-05       -1.556702E-05        6.184250E-10
9.720000        4.464602E-06       -2.003162E-05       -1.556702E-05        6.184250E-10
9.730000        4.430678E-06       -1.999770E-05       -1.556702E-05        6.184250E-10
9.740000        4.397136E-06       -1.996415E-05       -1.556702E-05        6.184250E-10
9.750000        4.363972E-06       -1.993099E-05       -1.556702E-05        6.184250E-10
9.760000        4.331181E-06       -1.989820E-05       -1.556702E-05        6.184250E-10
9.770000        4.298761E-06       -1.986578E-05       -1.556702E-05        6.184250E-10
9.780000        4.266706E-06       -1.983373E-05       -1.556702E-05        6.184250E-10
9.790000        4.235014E-06       -1.980203E-05       -1.556702E-05        6.184250E-10
9.800000        4.203681E-06       -1.977070E-05       -1.556702E-05        6.184250E-10
9.810000        4.172703E-06       -1.973972E-05       -1.556702E-05        6.184250E-10
9.820000        4.142077E-06       -1.970910E-05       -1.556702E-05        6.184250E-10
9.830000        4.111799E-06       -1.967882E-05       -1.556702E-05        6.184250E-10
9.840000        4.081866E-06       -1.964889E-05       -1.556702E-05        6.184250E-10
9.850000        4.052275E-06       -1.961930E-05       -1.556702E-05        6.184250E-10
9.860000        4.023022E-06       -1.959004E-05       -1.556702E-05        6.184250E-10
9.870000        3.994104E-06       -1.956113E-05       -1.556702E-05        6.184250E-10
9.880000        3.965518E-06       -1.953254E-05       -1.556702E-05        6.184250E-10
9.890000        3.937261E-06       -1.950428E-05       -1.556702E-05        6.184250E-10
9.900000        3.909329E-06       -1.947635E-05       -1.556702E-05        6.184250E-10
9.910000        3.881721E-06       -1.944874E-05       -1.556702E-05        6.184250E-10
9.920000        3.854432E-06       -1.942145E-05       -1.556702E-05        6.184250E-10
9.930000        3.827460E-06       -1.939448E-05       -1.556702E-05        6.184250E-10
9.940000        3.800802E-06       -1.936782E-05       -1.556702E-05        6.184250E-10
9.950000        3.774455E-06       -1.934148E-05       -1.556702E-05        6.184250E-10
9.960000        3.748417E-06       -1.931544E-05       -1.556702E-05        6.184250E-10
9.970000        3.722685E-06       -1.928971E-05       -1.556702E-05        6.184250E-10
9.980000        3.697256E-06       -1.926428E-05       -1.556702E-05        6.184250E-10
9.990000        3.672127E-06       -1.923915E-05       -1.556702E-05        6.184250E-10
10.00000        3.647296E-06       -1.921432E-05       -1.556702E-05        6.184250E-10
