#Time(Yr)                K_Ea                U_Ea             Etot_Ea                L_Ea
0.00000         0.000102954        -0.000118569        -1.56153E-05        6.184250E-10
0.01000000        0.0001027822       -0.0001183975       -1.561533E-05        6.184250E-10
0.02000000        0.0001022714       -0.0001178867       -1.561533E-05        6.184250E-10
0.03000000        0.0001014367       -0.0001170521       -1.561533E-05        6.184250E-10
0.04000000        0.0001003018       -0.0001159171       -1.561533E-05        6.184250E-10
0.05000000        9.889691E-05       -0.0001145122       -1.561534E-05        6.184250E-10
0.06000000        9.725728E-05       -0.0001128726       -1.561534E-05        6.184250E-10
0.07000000        9.542054E-05       -0.0001110359       -1.561534E-05        6.184250E-10
0.08000000        9.342481E-05       -0.0001090402       -1.561534E-05        6.184250E-10
0.09000000        9.130703E-05       -0.0001069224       -1.561534E-05        6.184250E-10
0.1000000        8.910159E-05       -0.0001047169       -1.561534E-05        6.184250E-10
0.1100000        8.683956E-05       -0.0001024549       -1.561534E-05        6.184250E-10
0.1200000        8.454812E-05       -0.0001001635       -1.561534E-05        6.184250E-10
0.1300000        8.225047E-05       -9.786581E-05       -1.561534E-05        6.184250E-10
0.1400000        7.996591E-05       -9.558125E-05       -1.561534E-05        6.184250E-10
0.1500000        7.771008E-05       -9.332543E-05       -1.561534E-05        6.184250E-10
0.1600000        7.549536E-05       -9.111070E-05       -1.561534E-05        6.184250E-10
0.1700000        7.333120E-05       -8.894655E-05       -1.561534E-05        6.184250E-10
0.1800000        7.122462E-05       -8.683997E-05       -1.561534E-05        6.184250E-10
0.1900000        6.918054E-05       -8.479589E-05       -1.561534E-05        6.184250E-10
0.2000000        6.720216E-05       -8.281751E-05       -1.561534E-05        6.184250E-10
0.2100000        6.529131E-05       -8.090665E-05       -1.561534E-05        6.184250E-10
0.2200000        6.344868E-05       -7.906402E-05       -1.561534E-05        6.184250E-10
0.2300000        6.167410E-05       -7.728945E-05       -1.561534E-05        6.184250E-10
0.2400000        5.996675E-05       -7.558209E-05       -1.561534E-05        6.184250E-10
0.2500000        5.832526E-05       -7.394060E-05       -1.561534E-05        6.184250E-10
0.2600000        5.674791E-05       -7.236325E-05       -1.561534E-05        6.184250E-10
0.2700000        5.523271E-05       -7.084805E-05       -1.561534E-05        6.184250E-10
0.2800000        5.377749E-05       -6.939284E-05       -1.561534E-05        6.184250E-10
0.2900000        5.237998E-05       -6.799532E-05       -1.561534E-05        6.184250E-10
0.3000000        5.103784E-05       -6.665318E-05       -1.561534E-05        6.184250E-10
0.3100000        4.974871E-05       -6.536406E-05       -1.561534E-05        6.184250E-10
0.3200000        4.851027E-05       -6.412562E-05       -1.561534E-05        6.184250E-10
0.3300000        4.732023E-05       -6.293558E-05       -1.561534E-05        6.184250E-10
0.3400000        4.617635E-05       -6.179169E-05       -1.561534E-05        6.184250E-10
0.3500000        4.507647E-05       -6.069181E-05       -1.561534E-05        6.184250E-10
0.3600000        4.401849E-05       -5.963384E-05       -1.561534E-05        6.184250E-10
0.3700000        4.300044E-05       -5.861578E-05       -1.561534E-05        6.184250E-10
0.3800000        4.202038E-05       -5.763572E-05       -1.561534E-05        6.184250E-10
0.3900000        4.107649E-05       -5.669183E-05       -1.561534E-05        6.184250E-10
0.4000000        4.016703E-05       -5.578238E-05       -1.561534E-05        6.184250E-10
0.4100000        3.929036E-05       -5.490571E-05       -1.561534E-05        6.184250E-10
0.4200000        3.844490E-05       -5.406025E-05       -1.561534E-05        6.184250E-10
0.4300000        3.762917E-05       -5.324452E-05       -1.561534E-05        6.184250E-10
0.4400000        3.684176E-05       -5.245710E-05       -1.561534E-05        6.184250E-10
0.4500000        3.608133E-05       -5.169667E-05       -1.561534E-05        6.184250E-10
0.4600000        3.534662E-05       -5.096196E-05       -1.561534E-05        6.184250E-10
0.4700000        3.463644E-05       -5.025178E-05       -1.561534E-05        6.184250E-10
0.4800000        3.394966E-05       -4.956500E-05       -1.561534E-05        6.184250E-10
0.4900000        3.328521E-05       -4.890055E-05       -1.561534E-05        6.184250E-10
0.5000000        3.264208E-05       -4.825743E-05       -1.561534E-05        6.184250E-10
0.5100000        3.201932E-05       -4.763466E-05       -1.561534E-05        6.184250E-10
0.5200000        3.141602E-05       -4.703136E-05       -1.561534E-05        6.184250E-10
0.5300000        3.083132E-05       -4.644667E-05       -1.561534E-05        6.184250E-10
0.5400000        3.026443E-05       -4.587977E-05       -1.561534E-05        6.184250E-10
0.5500000        2.971456E-05       -4.532990E-05       -1.561534E-05        6.184250E-10
0.5600000        2.918100E-05       -4.479634E-05       -1.561534E-05        6.184250E-10
0.5700000        2.866306E-05       -4.427840E-05       -1.561534E-05        6.184250E-10
0.5800000        2.816008E-05       -4.377543E-05       -1.561534E-05        6.184250E-10
0.5900000        2.767146E-05       -4.328680E-05       -1.561534E-05        6.184250E-10
0.6000000        2.719660E-05       -4.281194E-05       -1.561534E-05        6.184250E-10
0.6100000        2.673495E-05       -4.235029E-05       -1.561534E-05        6.184250E-10
0.6200000        2.628598E-05       -4.190132E-05       -1.561534E-05        6.184250E-10
0.6300000        2.584919E-05       -4.146453E-05       -1.561534E-05        6.184250E-10
0.6400000        2.542410E-05       -4.103945E-05       -1.561534E-05        6.184250E-10
0.6500000        2.501027E-05       -4.062562E-05       -1.561534E-05        6.184250E-10
0.6600000        2.460727E-05       -4.022261E-05       -1.561534E-05        6.184250E-10
0.6700000        2.421467E-05       -3.983002E-05       -1.561534E-05        6.184250E-10
0.6800000        2.383211E-05       -3.944745E-05       -1.561534E-05        6.184250E-10
0.6900000        2.345920E-05       -3.907454E-05       -1.561534E-05        6.184250E-10
0.7000000        2.309559E-05       -3.871093E-05       -1.561534E-05        6.184250E-10
0.7100000        2.274094E-05       -3.835629E-05       -1.561534E-05        6.184250E-10
0.7200000        2.239494E-05       -3.801029E-05       -1.561534E-05        6.184250E-10
0.7300000        2.205728E-05       -3.767263E-05       -1.561534E-05        6.184250E-10
0.7400000        2.172767E-05       -3.734301E-05       -1.561534E-05        6.184250E-10
0.7500000        2.140582E-05       -3.702117E-05       -1.561534E-05        6.184250E-10
0.7600000        2.109148E-05       -3.670682E-05       -1.561534E-05        6.184250E-10
0.7700000        2.078438E-05       -3.639973E-05       -1.561534E-05        6.184250E-10
0.7800000        2.048430E-05       -3.609964E-05       -1.561534E-05        6.184250E-10
0.7900000        2.019098E-05       -3.580632E-05       -1.561534E-05        6.184250E-10
0.8000000        1.990421E-05       -3.551955E-05       -1.561534E-05        6.184250E-10
0.8100000        1.962378E-05       -3.523912E-05       -1.561534E-05        6.184250E-10
0.8200000        1.934948E-05       -3.496483E-05       -1.561534E-05        6.184250E-10
0.8300000        1.908112E-05       -3.469647E-05       -1.561534E-05        6.184250E-10
0.8400000        1.881851E-05       -3.443386E-05       -1.561534E-05        6.184250E-10
0.8500000        1.856147E-05       -3.417682E-05       -1.561534E-05        6.184250E-10
0.8600000        1.830984E-05       -3.392518E-05       -1.561534E-05        6.184250E-10
0.8700000        1.806343E-05       -3.367877E-05       -1.561534E-05        6.184250E-10
0.8800000        1.782210E-05       -3.343745E-05       -1.561534E-05        6.184250E-10
0.8900000        1.758569E-05       -3.320104E-05       -1.561534E-05        6.184250E-10
0.9000000        1.735406E-05       -3.296941E-05       -1.561534E-05        6.184250E-10
0.9100000        1.712707E-05       -3.274242E-05       -1.561534E-05        6.184250E-10
0.9200000        1.690458E-05       -3.251993E-05       -1.561534E-05        6.184250E-10
0.9300000        1.668646E-05       -3.230181E-05       -1.561534E-05        6.184250E-10
0.9400000        1.647259E-05       -3.208793E-05       -1.561534E-05        6.184250E-10
0.9500000        1.626284E-05       -3.187819E-05       -1.561534E-05        6.184250E-10
0.9600000        1.605711E-05       -3.167246E-05       -1.561534E-05        6.184250E-10
0.9700000        1.585528E-05       -3.147062E-05       -1.561534E-05        6.184250E-10
0.9800000        1.565723E-05       -3.127258E-05       -1.561534E-05        6.184250E-10
0.9900000        1.546288E-05       -3.107823E-05       -1.561534E-05        6.184250E-10
1.000000        1.527212E-05       -3.088747E-05       -1.561534E-05        6.184250E-10
1.010000        1.508485E-05       -3.070020E-05       -1.561534E-05        6.184250E-10
1.020000        1.490098E-05       -3.051633E-05       -1.561534E-05        6.184250E-10
1.030000        1.472043E-05       -3.033577E-05       -1.561534E-05        6.184250E-10
1.040000        1.454310E-05       -3.015844E-05       -1.561534E-05        6.184250E-10
1.050000        1.436891E-05       -2.998426E-05       -1.561534E-05        6.184250E-10
1.060000        1.419778E-05       -2.981313E-05       -1.561534E-05        6.184250E-10
1.070000        1.402964E-05       -2.964499E-05       -1.561534E-05        6.184250E-10
1.080000        1.386441E-05       -2.947976E-05       -1.561534E-05        6.184250E-10
1.090000        1.370201E-05       -2.931736E-05       -1.561534E-05        6.184250E-10
1.100000        1.354239E-05       -2.915773E-05       -1.561534E-05        6.184250E-10
1.110000        1.338546E-05       -2.900080E-05       -1.561534E-05        6.184250E-10
1.120000        1.323116E-05       -2.884651E-05       -1.561534E-05        6.184250E-10
1.130000        1.307944E-05       -2.869478E-05       -1.561534E-05        6.184250E-10
1.140000        1.293022E-05       -2.854556E-05       -1.561534E-05        6.184250E-10
1.150000        1.278345E-05       -2.839880E-05       -1.561534E-05        6.184250E-10
1.160000        1.263908E-05       -2.825442E-05       -1.561534E-05        6.184250E-10
1.170000        1.249704E-05       -2.811238E-05       -1.561534E-05        6.184250E-10
1.180000        1.235728E-05       -2.797263E-05       -1.561534E-05        6.184250E-10
1.190000        1.221976E-05       -2.783510E-05       -1.561534E-05        6.184250E-10
1.200000        1.208441E-05       -2.769975E-05       -1.561534E-05        6.184250E-10
1.210000        1.195119E-05       -2.756654E-05       -1.561534E-05        6.184250E-10
1.220000        1.182006E-05       -2.743540E-05       -1.561534E-05        6.184250E-10
1.230000        1.169096E-05       -2.730631E-05       -1.561534E-05        6.184250E-10
1.240000        1.156386E-05       -2.717920E-05       -1.561534E-05        6.184250E-10
1.250000        1.143870E-05       -2.705405E-05       -1.561534E-05        6.184250E-10
1.260000        1.131545E-05       -2.693080E-05       -1.561534E-05        6.184250E-10
1.270000        1.119407E-05       -2.680941E-05       -1.561534E-05        6.184250E-10
1.280000        1.107451E-05       -2.668986E-05       -1.561534E-05        6.184250E-10
1.290000        1.095674E-05       -2.657209E-05       -1.561534E-05        6.184250E-10
1.300000        1.084072E-05       -2.645606E-05       -1.561534E-05        6.184250E-10
1.310000        1.072641E-05       -2.634176E-05       -1.561534E-05        6.184250E-10
1.320000        1.061378E-05       -2.622913E-05       -1.561534E-05        6.184250E-10
1.330000        1.050279E-05       -2.611814E-05       -1.561534E-05        6.184250E-10
1.340000        1.039342E-05       -2.600876E-05       -1.561534E-05        6.184250E-10
1.350000        1.028562E-05       -2.590096E-05       -1.561534E-05        6.184250E-10
1.360000        1.017937E-05       -2.579471E-05       -1.561534E-05        6.184250E-10
1.370000        1.007463E-05       -2.568997E-05       -1.561534E-05        6.184250E-10
1.380000        9.971376E-06       -2.558672E-05       -1.561534E-05        6.184250E-10
1.390000        9.869580E-06       -2.548492E-05       -1.561534E-05        6.184250E-10
1.400000        9.769212E-06       -2.538456E-05       -1.561534E-05        6.184250E-10
1.410000        9.670244E-06       -2.528559E-05       -1.561534E-05        6.184250E-10
1.420000        9.572650E-06       -2.518799E-05       -1.561534E-05        6.184250E-10
1.430000        9.476403E-06       -2.509175E-05       -1.561534E-05        6.184250E-10
1.440000        9.381479E-06       -2.499682E-05       -1.561534E-05        6.184250E-10
1.450000        9.287851E-06       -2.490320E-05       -1.561534E-05        6.184250E-10
1.460000        9.195497E-06       -2.481084E-05       -1.561534E-05        6.184250E-10
1.470000        9.104392E-06       -2.471974E-05       -1.561534E-05        6.184250E-10
1.480000        9.014514E-06       -2.462986E-05       -1.561534E-05        6.184250E-10
1.490000        8.925841E-06       -2.454119E-05       -1.561534E-05        6.184250E-10
1.500000        8.838350E-06       -2.445369E-05       -1.561534E-05        6.184250E-10
1.510000        8.752020E-06       -2.436737E-05       -1.561534E-05        6.184250E-10
1.520000        8.666831E-06       -2.428218E-05       -1.561534E-05        6.184250E-10
1.530000        8.582762E-06       -2.419811E-05       -1.561534E-05        6.184250E-10
1.540000        8.499794E-06       -2.411514E-05       -1.561534E-05        6.184250E-10
1.550000        8.417908E-06       -2.403325E-05       -1.561534E-05        6.184250E-10
1.560000        8.337084E-06       -2.395243E-05       -1.561534E-05        6.184250E-10
1.570000        8.257305E-06       -2.387265E-05       -1.561534E-05        6.184250E-10
1.580000        8.178553E-06       -2.379390E-05       -1.561534E-05        6.184250E-10
1.590000        8.100809E-06       -2.371615E-05       -1.561534E-05        6.184250E-10
1.600000        8.024058E-06       -2.363940E-05       -1.561534E-05        6.184250E-10
1.610000        7.948283E-06       -2.356363E-05       -1.561534E-05        6.184250E-10
1.620000        7.873467E-06       -2.348881E-05       -1.561534E-05        6.184250E-10
1.630000        7.799594E-06       -2.341494E-05       -1.561534E-05        6.184250E-10
1.640000        7.726649E-06       -2.334199E-05       -1.561534E-05        6.184250E-10
1.650000        7.654618E-06       -2.326996E-05       -1.561534E-05        6.184250E-10
1.660000        7.583484E-06       -2.319883E-05       -1.561534E-05        6.184250E-10
1.670000        7.513234E-06       -2.312858E-05       -1.561534E-05        6.184250E-10
1.680000        7.443854E-06       -2.305920E-05       -1.561534E-05        6.184250E-10
1.690000        7.375330E-06       -2.299067E-05       -1.561534E-05        6.184250E-10
1.700000        7.307648E-06       -2.292299E-05       -1.561534E-05        6.184250E-10
1.710000        7.240795E-06       -2.285614E-05       -1.561534E-05        6.184250E-10
1.720000        7.174758E-06       -2.279010E-05       -1.561534E-05        6.184250E-10
1.730000        7.109525E-06       -2.272487E-05       -1.561534E-05        6.184250E-10
1.740000        7.045084E-06       -2.266043E-05       -1.561534E-05        6.184250E-10
1.750000        6.981422E-06       -2.259677E-05       -1.561534E-05        6.184250E-10
1.760000        6.918527E-06       -2.253387E-05       -1.561534E-05        6.184250E-10
1.770000        6.856388E-06       -2.247173E-05       -1.561534E-05        6.184250E-10
1.780000        6.794994E-06       -2.241034E-05       -1.561534E-05        6.184250E-10
1.790000        6.734334E-06       -2.234968E-05       -1.561534E-05        6.184250E-10
1.800000        6.674396E-06       -2.228974E-05       -1.561534E-05        6.184250E-10
1.810000        6.615171E-06       -2.223052E-05       -1.561534E-05        6.184250E-10
1.820000        6.556648E-06       -2.217199E-05       -1.561534E-05        6.184250E-10
1.830000        6.498816E-06       -2.211416E-05       -1.561534E-05        6.184250E-10
1.840000        6.441667E-06       -2.205701E-05       -1.561534E-05        6.184250E-10
1.850000        6.385189E-06       -2.200053E-05       -1.561534E-05        6.184250E-10
1.860000        6.329374E-06       -2.194472E-05       -1.561534E-05        6.184250E-10
1.870000        6.274213E-06       -2.188956E-05       -1.561534E-05        6.184250E-10
1.880000        6.219696E-06       -2.183504E-05       -1.561534E-05        6.184250E-10
1.890000        6.165813E-06       -2.178116E-05       -1.561534E-05        6.184250E-10
1.900000        6.112558E-06       -2.172790E-05       -1.561534E-05        6.184250E-10
1.910000        6.059920E-06       -2.167527E-05       -1.561534E-05        6.184250E-10
1.920000        6.007892E-06       -2.162324E-05       -1.561534E-05        6.184250E-10
1.930000        5.956465E-06       -2.157181E-05       -1.561534E-05        6.184250E-10
1.940000        5.905631E-06       -2.152098E-05       -1.561534E-05        6.184250E-10
1.950000        5.855383E-06       -2.147073E-05       -1.561534E-05        6.184250E-10
1.960000        5.805712E-06       -2.142106E-05       -1.561534E-05        6.184250E-10
1.970000        5.756611E-06       -2.137196E-05       -1.561534E-05        6.184250E-10
1.980000        5.708073E-06       -2.132342E-05       -1.561534E-05        6.184250E-10
1.990000        5.660089E-06       -2.127543E-05       -1.561534E-05        6.184250E-10
2.000000        5.612654E-06       -2.122800E-05       -1.561534E-05        6.184250E-10
2.010000        5.565760E-06       -2.118110E-05       -1.561534E-05        6.184250E-10
2.020000        5.519400E-06       -2.113474E-05       -1.561534E-05        6.184250E-10
2.030000        5.473567E-06       -2.108891E-05       -1.561534E-05        6.184250E-10
2.040000        5.428255E-06       -2.104360E-05       -1.561534E-05        6.184250E-10
2.050000        5.383457E-06       -2.099880E-05       -1.561534E-05        6.184250E-10
2.060000        5.339167E-06       -2.095451E-05       -1.561534E-05        6.184250E-10
2.070000        5.295378E-06       -2.091072E-05       -1.561534E-05        6.184250E-10
2.080000        5.252085E-06       -2.086743E-05       -1.561534E-05        6.184250E-10
2.090000        5.209281E-06       -2.082463E-05       -1.561534E-05        6.184250E-10
2.100000        5.166961E-06       -2.078231E-05       -1.561534E-05        6.184250E-10
2.110000        5.125119E-06       -2.074046E-05       -1.561534E-05        6.184250E-10
2.120000        5.083749E-06       -2.069909E-05       -1.561534E-05        6.184250E-10
2.130000        5.042845E-06       -2.065819E-05       -1.561534E-05        6.184250E-10
2.140000        5.002402E-06       -2.061775E-05       -1.561534E-05        6.184250E-10
2.150000        4.962415E-06       -2.057776E-05       -1.561534E-05        6.184250E-10
2.160000        4.922878E-06       -2.053822E-05       -1.561534E-05        6.184250E-10
2.170000        4.883786E-06       -2.049913E-05       -1.561534E-05        6.184250E-10
2.180000        4.845134E-06       -2.046048E-05       -1.561534E-05        6.184250E-10
2.190000        4.806918E-06       -2.042226E-05       -1.561534E-05        6.184250E-10
2.200000        4.769131E-06       -2.038448E-05       -1.561534E-05        6.184250E-10
2.210000        4.731770E-06       -2.034712E-05       -1.561534E-05        6.184250E-10
2.220000        4.694830E-06       -2.031017E-05       -1.561534E-05        6.184250E-10
2.230000        4.658305E-06       -2.027365E-05       -1.561534E-05        6.184250E-10
2.240000        4.622192E-06       -2.023754E-05       -1.561534E-05        6.184250E-10
2.250000        4.586486E-06       -2.020183E-05       -1.561534E-05        6.184250E-10
2.260000        4.551182E-06       -2.016653E-05       -1.561534E-05        6.184250E-10
2.270000        4.516277E-06       -2.013162E-05       -1.561534E-05        6.184250E-10
2.280000        4.481766E-06       -2.009711E-05       -1.561534E-05        6.184250E-10
2.290000        4.447644E-06       -2.006299E-05       -1.561534E-05        6.184250E-10
2.300000        4.413908E-06       -2.002925E-05       -1.561534E-05        6.184250E-10
2.310000        4.380554E-06       -1.999590E-05       -1.561534E-05        6.184250E-10
2.320000        4.347578E-06       -1.996292E-05       -1.561534E-05        6.184250E-10
2.330000        4.314975E-06       -1.993032E-05       -1.561534E-05        6.184250E-10
2.340000        4.282743E-06       -1.989809E-05       -1.561534E-05        6.184250E-10
2.350000        4.250877E-06       -1.986622E-05       -1.561534E-05        6.184250E-10
2.360000        4.219373E-06       -1.983472E-05       -1.561534E-05        6.184250E-10
2.370000        4.188229E-06       -1.980357E-05       -1.561534E-05        6.184250E-10
2.380000        4.157440E-06       -1.977278E-05       -1.561534E-05        6.184250E-10
2.390000        4.127003E-06       -1.974235E-05       -1.561534E-05        6.184250E-10
2.400000        4.096914E-06       -1.971226E-05       -1.561534E-05        6.184250E-10
2.410000        4.067171E-06       -1.968252E-05       -1.561534E-05        6.184250E-10
2.420000        4.037769E-06       -1.965311E-05       -1.561534E-05        6.184250E-10
2.430000        4.008706E-06       -1.962405E-05       -1.561534E-05        6.184250E-10
2.440000        3.979979E-06       -1.959532E-05       -1.561534E-05        6.184250E-10
2.450000        3.951583E-06       -1.956693E-05       -1.561534E-05        6.184250E-10
2.460000        3.923517E-06       -1.953886E-05       -1.561534E-05        6.184250E-10
2.470000        3.895777E-06       -1.951112E-05       -1.561534E-05        6.184250E-10
2.480000        3.868360E-06       -1.948370E-05       -1.561534E-05        6.184250E-10
2.490000        3.841263E-06       -1.945661E-05       -1.561534E-05        6.184250E-10
2.500000        3.814483E-06       -1.942983E-05       -1.561534E-05        6.184250E-10
2.510000        3.788018E-06       -1.940336E-05       -1.561534E-05        6.184250E-10
2.520000        3.761865E-06       -1.937721E-05       -1.561534E-05        6.184250E-10
2.530000        3.736020E-06       -1.935136E-05       -1.561534E-05        6.184250E-10
2.540000        3.710482E-06       -1.932583E-05       -1.561534E-05        6.184250E-10
2.550000        3.685247E-06       -1.930059E-05       -1.561534E-05        6.184250E-10
2.560000        3.660313E-06       -1.927566E-05       -1.561534E-05        6.184250E-10
2.570000        3.635677E-06       -1.925102E-05       -1.561534E-05        6.184250E-10
2.580000        3.611338E-06       -1.922668E-05       -1.561534E-05        6.184250E-10
2.590000        3.587291E-06       -1.920264E-05       -1.561534E-05        6.184250E-10
2.600000        3.563536E-06       -1.917888E-05       -1.561534E-05        6.184250E-10
2.610000        3.540069E-06       -1.915541E-05       -1.561534E-05        6.184250E-10
2.620000        3.516889E-06       -1.913223E-05       -1.561534E-05        6.184250E-10
2.630000        3.493992E-06       -1.910934E-05       -1.561534E-05        6.184250E-10
2.640000        3.471377E-06       -1.908672E-05       -1.561534E-05        6.184250E-10
2.650000        3.449041E-06       -1.906439E-05       -1.561534E-05        6.184250E-10
2.660000        3.426983E-06       -1.904233E-05       -1.561534E-05        6.184250E-10
2.670000        3.405199E-06       -1.902054E-05       -1.561534E-05        6.184250E-10
2.680000        3.383689E-06       -1.899903E-05       -1.561534E-05        6.184250E-10
2.690000        3.362449E-06       -1.897779E-05       -1.561534E-05        6.184250E-10
2.700000        3.341478E-06       -1.895682E-05       -1.561534E-05        6.184250E-10
2.710000        3.320774E-06       -1.893612E-05       -1.561534E-05        6.184250E-10
2.720000        3.300334E-06       -1.891568E-05       -1.561534E-05        6.184250E-10
2.730000        3.280158E-06       -1.889550E-05       -1.561534E-05        6.184250E-10
2.740000        3.260242E-06       -1.887559E-05       -1.561534E-05        6.184250E-10
2.750000        3.240585E-06       -1.885593E-05       -1.561534E-05        6.184250E-10
2.760000        3.221185E-06       -1.883653E-05       -1.561534E-05        6.184250E-10
2.770000        3.202041E-06       -1.881739E-05       -1.561534E-05        6.184250E-10
2.780000        3.183150E-06       -1.879850E-05       -1.561534E-05        6.184250E-10
2.790000        3.164511E-06       -1.877986E-05       -1.561534E-05        6.184250E-10
2.800000        3.146122E-06       -1.876147E-05       -1.561534E-05        6.184250E-10
2.810000        3.127982E-06       -1.874333E-05       -1.561534E-05        6.184250E-10
2.820000        3.110088E-06       -1.872543E-05       -1.561534E-05        6.184250E-10
2.830000        3.092439E-06       -1.870778E-05       -1.561534E-05        6.184250E-10
2.840000        3.075034E-06       -1.869038E-05       -1.561534E-05        6.184250E-10
2.850000        3.057870E-06       -1.867322E-05       -1.561534E-05        6.184250E-10
2.860000        3.040947E-06       -1.865629E-05       -1.561534E-05        6.184250E-10
2.870000        3.024263E-06       -1.863961E-05       -1.561534E-05        6.184250E-10
2.880000        3.007816E-06       -1.862316E-05       -1.561534E-05        6.184250E-10
2.890000        2.991605E-06       -1.860695E-05       -1.561534E-05        6.184250E-10
2.900000        2.975628E-06       -1.859097E-05       -1.561534E-05        6.184250E-10
2.910000        2.959884E-06       -1.857523E-05       -1.561534E-05        6.184250E-10
2.920000        2.944371E-06       -1.855972E-05       -1.561534E-05        6.184250E-10
2.930000        2.929089E-06       -1.854443E-05       -1.561534E-05        6.184250E-10
2.940000        2.914035E-06       -1.852938E-05       -1.561534E-05        6.184250E-10
2.950000        2.899210E-06       -1.851455E-05       -1.561534E-05        6.184250E-10
2.960000        2.884610E-06       -1.849995E-05       -1.561534E-05        6.184250E-10
2.970000        2.870235E-06       -1.848558E-05       -1.561534E-05        6.184250E-10
2.980000        2.856084E-06       -1.847143E-05       -1.561534E-05        6.184250E-10
2.990000        2.842155E-06       -1.845750E-05       -1.561534E-05        6.184250E-10
3.000000        2.828448E-06       -1.844379E-05       -1.561534E-05        6.184250E-10
3.010000        2.814961E-06       -1.843031E-05       -1.561534E-05        6.184250E-10
3.020000        2.801692E-06       -1.841704E-05       -1.561534E-05        6.184250E-10
3.030000        2.788642E-06       -1.840399E-05       -1.561534E-05        6.184250E-10
3.040000        2.775808E-06       -1.839115E-05       -1.561534E-05        6.184250E-10
3.050000        2.763189E-06       -1.837853E-05       -1.561534E-05        6.184250E-10
3.060000        2.750785E-06       -1.836613E-05       -1.561534E-05        6.184250E-10
3.070000        2.738595E-06       -1.835394E-05       -1.561534E-05        6.184250E-10
3.080000        2.726617E-06       -1.834196E-05       -1.561534E-05        6.184250E-10
3.090000        2.714850E-06       -1.833020E-05       -1.561534E-05        6.184250E-10
3.100000        2.703294E-06       -1.831864E-05       -1.561534E-05        6.184250E-10
3.110000        2.691948E-06       -1.830729E-05       -1.561534E-05        6.184250E-10
3.120000        2.680809E-06       -1.829615E-05       -1.561534E-05        6.184250E-10
3.130000        2.669879E-06       -1.828522E-05       -1.561534E-05        6.184250E-10
3.140000        2.659155E-06       -1.827450E-05       -1.561534E-05        6.184250E-10
3.150000        2.648637E-06       -1.826398E-05       -1.561534E-05        6.184250E-10
3.160000        2.638324E-06       -1.825367E-05       -1.561534E-05        6.184250E-10
3.170000        2.628214E-06       -1.824356E-05       -1.561534E-05        6.184250E-10
3.180000        2.618308E-06       -1.823365E-05       -1.561534E-05        6.184250E-10
3.190000        2.608605E-06       -1.822395E-05       -1.561534E-05        6.184250E-10
3.200000        2.599103E-06       -1.821445E-05       -1.561534E-05        6.184250E-10
3.210000        2.589802E-06       -1.820515E-05       -1.561534E-05        6.184250E-10
3.220000        2.580701E-06       -1.819605E-05       -1.561534E-05        6.184250E-10
3.230000        2.571799E-06       -1.818714E-05       -1.561534E-05        6.184250E-10
3.240000        2.563096E-06       -1.817844E-05       -1.561534E-05        6.184250E-10
3.250000        2.554591E-06       -1.816994E-05       -1.561534E-05        6.184250E-10
3.260000        2.546283E-06       -1.816163E-05       -1.561534E-05        6.184250E-10
3.270000        2.538172E-06       -1.815352E-05       -1.561534E-05        6.184250E-10
3.280000        2.530257E-06       -1.814560E-05       -1.561534E-05        6.184250E-10
3.290000        2.522536E-06       -1.813788E-05       -1.561534E-05        6.184250E-10
3.300000        2.515011E-06       -1.813036E-05       -1.561534E-05        6.184250E-10
3.310000        2.507679E-06       -1.812302E-05       -1.561534E-05        6.184250E-10
3.320000        2.500541E-06       -1.811589E-05       -1.561534E-05        6.184250E-10
3.330000        2.493596E-06       -1.810894E-05       -1.561534E-05        6.184250E-10
3.340000        2.486843E-06       -1.810219E-05       -1.561534E-05        6.184250E-10
3.350000        2.480282E-06       -1.809563E-05       -1.561534E-05        6.184250E-10
3.360000        2.473912E-06       -1.808926E-05       -1.561534E-05        6.184250E-10
3.370000        2.467733E-06       -1.808308E-05       -1.561534E-05        6.184250E-10
3.380000        2.461745E-06       -1.807709E-05       -1.561534E-05        6.184250E-10
3.390000        2.455946E-06       -1.807129E-05       -1.561534E-05        6.184250E-10
3.400000        2.450336E-06       -1.806568E-05       -1.561534E-05        6.184250E-10
3.410000        2.444915E-06       -1.806026E-05       -1.561534E-05        6.184250E-10
3.420000        2.439683E-06       -1.805503E-05       -1.561534E-05        6.184250E-10
3.430000        2.434639E-06       -1.804998E-05       -1.561534E-05        6.184250E-10
3.440000        2.429782E-06       -1.804513E-05       -1.561534E-05        6.184250E-10
3.450000        2.425113E-06       -1.804046E-05       -1.561534E-05        6.184250E-10
3.460000        2.420630E-06       -1.803597E-05       -1.561534E-05        6.184250E-10
3.470000        2.416334E-06       -1.803168E-05       -1.561534E-05        6.184250E-10
3.480000        2.412224E-06       -1.802757E-05       -1.561534E-05        6.184250E-10
3.490000        2.408301E-06       -1.802365E-05       -1.561534E-05        6.184250E-10
3.500000        2.404562E-06       -1.801991E-05       -1.561534E-05        6.184250E-10
3.510000        2.401009E-06       -1.801635E-05       -1.561534E-05        6.184250E-10
3.520000        2.397641E-06       -1.801299E-05       -1.561534E-05        6.184250E-10
3.530000        2.394458E-06       -1.800980E-05       -1.561534E-05        6.184250E-10
3.540000        2.391459E-06       -1.800680E-05       -1.561534E-05        6.184250E-10
3.550000        2.388645E-06       -1.800399E-05       -1.561534E-05        6.184250E-10
3.560000        2.386015E-06       -1.800136E-05       -1.561534E-05        6.184250E-10
3.570000        2.383568E-06       -1.799891E-05       -1.561534E-05        6.184250E-10
3.580000        2.381305E-06       -1.799665E-05       -1.561534E-05        6.184250E-10
3.590000        2.379226E-06       -1.799457E-05       -1.561534E-05        6.184250E-10
3.600000        2.377330E-06       -1.799267E-05       -1.561534E-05        6.184250E-10
3.610000        2.375617E-06       -1.799096E-05       -1.561534E-05        6.184250E-10
3.620000        2.374087E-06       -1.798943E-05       -1.561534E-05        6.184250E-10
3.630000        2.372740E-06       -1.798808E-05       -1.561534E-05        6.184250E-10
3.640000        2.371576E-06       -1.798692E-05       -1.561534E-05        6.184250E-10
3.650000        2.370594E-06       -1.798594E-05       -1.561534E-05        6.184250E-10
3.660000        2.369795E-06       -1.798514E-05       -1.561534E-05        6.184250E-10
3.670000        2.369179E-06       -1.798452E-05       -1.561534E-05        6.184250E-10
3.680000        2.368745E-06       -1.798409E-05       -1.561534E-05        6.184250E-10
3.690000        2.368494E-06       -1.798384E-05       -1.561534E-05        6.184250E-10
3.700000        2.368425E-06       -1.798377E-05       -1.561534E-05        6.184250E-10
3.710000        2.368539E-06       -1.798388E-05       -1.561534E-05        6.184250E-10
3.720000        2.368835E-06       -1.798418E-05       -1.561534E-05        6.184250E-10
3.730000        2.369314E-06       -1.798466E-05       -1.561534E-05        6.184250E-10
3.740000        2.369975E-06       -1.798532E-05       -1.561534E-05        6.184250E-10
3.750000        2.370819E-06       -1.798616E-05       -1.561534E-05        6.184250E-10
3.760000        2.371846E-06       -1.798719E-05       -1.561534E-05        6.184250E-10
3.770000        2.373055E-06       -1.798840E-05       -1.561534E-05        6.184250E-10
3.780000        2.374447E-06       -1.798979E-05       -1.561534E-05        6.184250E-10
3.790000        2.376022E-06       -1.799137E-05       -1.561534E-05        6.184250E-10
3.800000        2.377780E-06       -1.799313E-05       -1.561534E-05        6.184250E-10
3.810000        2.379721E-06       -1.799507E-05       -1.561534E-05        6.184250E-10
3.820000        2.381846E-06       -1.799719E-05       -1.561534E-05        6.184250E-10
3.830000        2.384154E-06       -1.799950E-05       -1.561534E-05        6.184250E-10
3.840000        2.386646E-06       -1.800199E-05       -1.561534E-05        6.184250E-10
3.850000        2.389322E-06       -1.800467E-05       -1.561534E-05        6.184250E-10
3.860000        2.392182E-06       -1.800753E-05       -1.561534E-05        6.184250E-10
3.870000        2.395226E-06       -1.801057E-05       -1.561534E-05        6.184250E-10
3.880000        2.398455E-06       -1.801380E-05       -1.561534E-05        6.184250E-10
3.890000        2.401868E-06       -1.801721E-05       -1.561534E-05        6.184250E-10
3.900000        2.405467E-06       -1.802081E-05       -1.561534E-05        6.184250E-10
3.910000        2.409251E-06       -1.802460E-05       -1.561534E-05        6.184250E-10
3.920000        2.413220E-06       -1.802857E-05       -1.561534E-05        6.184250E-10
3.930000        2.417376E-06       -1.803272E-05       -1.561534E-05        6.184250E-10
3.940000        2.421718E-06       -1.803706E-05       -1.561534E-05        6.184250E-10
3.950000        2.426246E-06       -1.804159E-05       -1.561534E-05        6.184250E-10
3.960000        2.430962E-06       -1.804631E-05       -1.561534E-05        6.184250E-10
3.970000        2.435865E-06       -1.805121E-05       -1.561534E-05        6.184250E-10
3.980000        2.440955E-06       -1.805630E-05       -1.561534E-05        6.184250E-10
3.990000        2.446234E-06       -1.806158E-05       -1.561534E-05        6.184250E-10
4.000000        2.451701E-06       -1.806705E-05       -1.561534E-05        6.184250E-10
4.010000        2.457358E-06       -1.807270E-05       -1.561534E-05        6.184250E-10
4.020000        2.463203E-06       -1.807855E-05       -1.561534E-05        6.184250E-10
4.030000        2.469239E-06       -1.808458E-05       -1.561534E-05        6.184250E-10
4.040000        2.475465E-06       -1.809081E-05       -1.561534E-05        6.184250E-10
4.050000        2.481882E-06       -1.809723E-05       -1.561534E-05        6.184250E-10
4.060000        2.488490E-06       -1.810384E-05       -1.561534E-05        6.184250E-10
4.070000        2.495291E-06       -1.811064E-05       -1.561534E-05        6.184250E-10
4.080000        2.502283E-06       -1.811763E-05       -1.561534E-05        6.184250E-10
4.090000        2.509469E-06       -1.812481E-05       -1.561534E-05        6.184250E-10
4.100000        2.516848E-06       -1.813219E-05       -1.561534E-05        6.184250E-10
4.110000        2.524422E-06       -1.813977E-05       -1.561534E-05        6.184250E-10
4.120000        2.532190E-06       -1.814753E-05       -1.561534E-05        6.184250E-10
4.130000        2.540154E-06       -1.815550E-05       -1.561534E-05        6.184250E-10
4.140000        2.548313E-06       -1.816366E-05       -1.561534E-05        6.184250E-10
4.150000        2.556670E-06       -1.817201E-05       -1.561534E-05        6.184250E-10
4.160000        2.565224E-06       -1.818057E-05       -1.561534E-05        6.184250E-10
4.170000        2.573975E-06       -1.818932E-05       -1.561534E-05        6.184250E-10
4.180000        2.582926E-06       -1.819827E-05       -1.561534E-05        6.184250E-10
4.190000        2.592076E-06       -1.820742E-05       -1.561534E-05        6.184250E-10
4.200000        2.601427E-06       -1.821677E-05       -1.561534E-05        6.184250E-10
4.210000        2.610978E-06       -1.822632E-05       -1.561534E-05        6.184250E-10
4.220000        2.620732E-06       -1.823608E-05       -1.561534E-05        6.184250E-10
4.230000        2.630688E-06       -1.824603E-05       -1.561534E-05        6.184250E-10
4.240000        2.640847E-06       -1.825619E-05       -1.561534E-05        6.184250E-10
4.250000        2.651211E-06       -1.826656E-05       -1.561534E-05        6.184250E-10
4.260000        2.661780E-06       -1.827712E-05       -1.561534E-05        6.184250E-10
4.270000        2.672554E-06       -1.828790E-05       -1.561534E-05        6.184250E-10
4.280000        2.683536E-06       -1.829888E-05       -1.561534E-05        6.184250E-10
4.290000        2.694726E-06       -1.831007E-05       -1.561534E-05        6.184250E-10
4.300000        2.706124E-06       -1.832147E-05       -1.561534E-05        6.184250E-10
4.310000        2.717732E-06       -1.833308E-05       -1.561534E-05        6.184250E-10
4.320000        2.729550E-06       -1.834490E-05       -1.561534E-05        6.184250E-10
4.330000        2.741581E-06       -1.835693E-05       -1.561534E-05        6.184250E-10
4.340000        2.753824E-06       -1.836917E-05       -1.561534E-05        6.184250E-10
4.350000        2.766280E-06       -1.838163E-05       -1.561534E-05        6.184250E-10
4.360000        2.778952E-06       -1.839430E-05       -1.561534E-05        6.184250E-10
4.370000        2.791839E-06       -1.840718E-05       -1.561534E-05        6.184250E-10
4.380000        2.804943E-06       -1.842029E-05       -1.561534E-05        6.184250E-10
4.390000        2.818265E-06       -1.843361E-05       -1.561534E-05        6.184250E-10
4.400000        2.831807E-06       -1.844715E-05       -1.561534E-05        6.184250E-10
4.410000        2.845569E-06       -1.846091E-05       -1.561534E-05        6.184250E-10
4.420000        2.859552E-06       -1.847490E-05       -1.561534E-05        6.184250E-10
4.430000        2.873758E-06       -1.848910E-05       -1.561534E-05        6.184250E-10
4.440000        2.888188E-06       -1.850353E-05       -1.561534E-05        6.184250E-10
4.450000        2.902844E-06       -1.851819E-05       -1.561534E-05        6.184250E-10
4.460000        2.917725E-06       -1.853307E-05       -1.561534E-05        6.184250E-10
4.470000        2.932835E-06       -1.854818E-05       -1.561534E-05        6.184250E-10
4.480000        2.948174E-06       -1.856352E-05       -1.561534E-05        6.184250E-10
4.490000        2.963743E-06       -1.857909E-05       -1.561534E-05        6.184250E-10
4.500000        2.979545E-06       -1.859489E-05       -1.561534E-05        6.184250E-10
4.510000        2.995579E-06       -1.861092E-05       -1.561534E-05        6.184250E-10
4.520000        3.011849E-06       -1.862719E-05       -1.561534E-05        6.184250E-10
4.530000        3.028354E-06       -1.864370E-05       -1.561534E-05        6.184250E-10
4.540000        3.045097E-06       -1.866044E-05       -1.561534E-05        6.184250E-10
4.550000        3.062079E-06       -1.867742E-05       -1.561534E-05        6.184250E-10
4.560000        3.079302E-06       -1.869465E-05       -1.561534E-05        6.184250E-10
4.570000        3.096768E-06       -1.871211E-05       -1.561534E-05        6.184250E-10
4.580000        3.114477E-06       -1.872982E-05       -1.561534E-05        6.184250E-10
4.590000        3.132431E-06       -1.874778E-05       -1.561534E-05        6.184250E-10
4.600000        3.150633E-06       -1.876598E-05       -1.561534E-05        6.184250E-10
4.610000        3.169083E-06       -1.878443E-05       -1.561534E-05        6.184250E-10
4.620000        3.187784E-06       -1.880313E-05       -1.561534E-05        6.184250E-10
4.630000        3.206737E-06       -1.882208E-05       -1.561534E-05        6.184250E-10
4.640000        3.225944E-06       -1.884129E-05       -1.561534E-05        6.184250E-10
4.650000        3.245407E-06       -1.886075E-05       -1.561534E-05        6.184250E-10
4.660000        3.265128E-06       -1.888047E-05       -1.561534E-05        6.184250E-10
4.670000        3.285108E-06       -1.890045E-05       -1.561534E-05        6.184250E-10
4.680000        3.305349E-06       -1.892069E-05       -1.561534E-05        6.184250E-10
4.690000        3.325853E-06       -1.894120E-05       -1.561534E-05        6.184250E-10
4.700000        3.346623E-06       -1.896197E-05       -1.561534E-05        6.184250E-10
4.710000        3.367660E-06       -1.898301E-05       -1.561534E-05        6.184250E-10
4.720000        3.388967E-06       -1.900431E-05       -1.561534E-05        6.184250E-10
4.730000        3.410544E-06       -1.902589E-05       -1.561534E-05        6.184250E-10
4.740000        3.432395E-06       -1.904774E-05       -1.561534E-05        6.184250E-10
4.750000        3.454522E-06       -1.906987E-05       -1.561534E-05        6.184250E-10
4.760000        3.476926E-06       -1.909227E-05       -1.561534E-05        6.184250E-10
4.770000        3.499611E-06       -1.911496E-05       -1.561534E-05        6.184250E-10
4.780000        3.522577E-06       -1.913792E-05       -1.561534E-05        6.184250E-10
4.790000        3.545828E-06       -1.916117E-05       -1.561534E-05        6.184250E-10
4.800000        3.569366E-06       -1.918471E-05       -1.561534E-05        6.184250E-10
4.810000        3.593192E-06       -1.920854E-05       -1.561534E-05        6.184250E-10
4.820000        3.617311E-06       -1.923266E-05       -1.561534E-05        6.184250E-10
4.830000        3.641723E-06       -1.925707E-05       -1.561534E-05        6.184250E-10
4.840000        3.666432E-06       -1.928178E-05       -1.561534E-05        6.184250E-10
4.850000        3.691440E-06       -1.930678E-05       -1.561534E-05        6.184250E-10
4.860000        3.716749E-06       -1.933209E-05       -1.561534E-05        6.184250E-10
4.870000        3.742363E-06       -1.935771E-05       -1.561534E-05        6.184250E-10
4.880000        3.768284E-06       -1.938363E-05       -1.561534E-05        6.184250E-10
4.890000        3.794514E-06       -1.940986E-05       -1.561534E-05        6.184250E-10
4.900000        3.821056E-06       -1.943640E-05       -1.561534E-05        6.184250E-10
4.910000        3.847914E-06       -1.946326E-05       -1.561534E-05        6.184250E-10
4.920000        3.875089E-06       -1.949043E-05       -1.561534E-05        6.184250E-10
4.930000        3.902586E-06       -1.951793E-05       -1.561534E-05        6.184250E-10
4.940000        3.930406E-06       -1.954575E-05       -1.561534E-05        6.184250E-10
4.950000        3.958553E-06       -1.957390E-05       -1.561534E-05        6.184250E-10
4.960000        3.987030E-06       -1.960237E-05       -1.561534E-05        6.184250E-10
4.970000        4.015840E-06       -1.963118E-05       -1.561534E-05        6.184250E-10
4.980000        4.044986E-06       -1.966033E-05       -1.561534E-05        6.184250E-10
4.990000        4.074471E-06       -1.968982E-05       -1.561534E-05        6.184250E-10
5.000000        4.104300E-06       -1.971964E-05       -1.561534E-05        6.184250E-10
5.010000        4.134474E-06       -1.974982E-05       -1.561534E-05        6.184250E-10
5.020000        4.164997E-06       -1.978034E-05       -1.561534E-05        6.184250E-10
5.030000        4.195874E-06       -1.981122E-05       -1.561534E-05        6.184250E-10
5.040000        4.227106E-06       -1.984245E-05       -1.561534E-05        6.184250E-10
5.050000        4.258699E-06       -1.987404E-05       -1.561534E-05        6.184250E-10
5.060000        4.290655E-06       -1.990600E-05       -1.561534E-05        6.184250E-10
5.070000        4.322978E-06       -1.993832E-05       -1.561534E-05        6.184250E-10
5.080000        4.355673E-06       -1.997102E-05       -1.561534E-05        6.184250E-10
5.090000        4.388742E-06       -2.000409E-05       -1.561534E-05        6.184250E-10
5.100000        4.422190E-06       -2.003753E-05       -1.561534E-05        6.184250E-10
5.110000        4.456020E-06       -2.007137E-05       -1.561534E-05        6.184250E-10
5.120000        4.490237E-06       -2.010558E-05       -1.561534E-05        6.184250E-10
5.130000        4.524845E-06       -2.014019E-05       -1.561534E-05        6.184250E-10
5.140000        4.559849E-06       -2.017519E-05       -1.561534E-05        6.184250E-10
5.150000        4.595251E-06       -2.021060E-05       -1.561534E-05        6.184250E-10
5.160000        4.631057E-06       -2.024640E-05       -1.561534E-05        6.184250E-10
5.170000        4.667271E-06       -2.028262E-05       -1.561534E-05        6.184250E-10
5.180000        4.703898E-06       -2.031924E-05       -1.561534E-05        6.184250E-10
5.190000        4.740942E-06       -2.035629E-05       -1.561534E-05        6.184250E-10
5.200000        4.778407E-06       -2.039375E-05       -1.561534E-05        6.184250E-10
5.210000        4.816299E-06       -2.043164E-05       -1.561534E-05        6.184250E-10
5.220000        4.854623E-06       -2.046997E-05       -1.561534E-05        6.184250E-10
5.230000        4.893382E-06       -2.050873E-05       -1.561534E-05        6.184250E-10
5.240000        4.932583E-06       -2.054793E-05       -1.561534E-05        6.184250E-10
5.250000        4.972231E-06       -2.058758E-05       -1.561534E-05        6.184250E-10
5.260000        5.012330E-06       -2.062767E-05       -1.561534E-05        6.184250E-10
5.270000        5.052886E-06       -2.066823E-05       -1.561534E-05        6.184250E-10
5.280000        5.093904E-06       -2.070925E-05       -1.561534E-05        6.184250E-10
5.290000        5.135390E-06       -2.075074E-05       -1.561534E-05        6.184250E-10
5.300000        5.177350E-06       -2.079269E-05       -1.561534E-05        6.184250E-10
5.310000        5.219789E-06       -2.083513E-05       -1.561534E-05        6.184250E-10
5.320000        5.262712E-06       -2.087806E-05       -1.561534E-05        6.184250E-10
5.330000        5.306127E-06       -2.092147E-05       -1.561534E-05        6.184250E-10
5.340000        5.350039E-06       -2.096538E-05       -1.561534E-05        6.184250E-10
5.350000        5.394453E-06       -2.100980E-05       -1.561534E-05        6.184250E-10
5.360000        5.439377E-06       -2.105472E-05       -1.561534E-05        6.184250E-10
5.370000        5.484817E-06       -2.110016E-05       -1.561534E-05        6.184250E-10
5.380000        5.530780E-06       -2.114612E-05       -1.561534E-05        6.184250E-10
5.390000        5.577271E-06       -2.119262E-05       -1.561534E-05        6.184250E-10
5.400000        5.624298E-06       -2.123964E-05       -1.561534E-05        6.184250E-10
5.410000        5.671868E-06       -2.128721E-05       -1.561534E-05        6.184250E-10
5.420000        5.719987E-06       -2.133533E-05       -1.561534E-05        6.184250E-10
5.430000        5.768664E-06       -2.138401E-05       -1.561534E-05        6.184250E-10
5.440000        5.817904E-06       -2.143325E-05       -1.561534E-05        6.184250E-10
5.450000        5.867717E-06       -2.148306E-05       -1.561534E-05        6.184250E-10
5.460000        5.918109E-06       -2.153345E-05       -1.561534E-05        6.184250E-10
5.470000        5.969088E-06       -2.158443E-05       -1.561534E-05        6.184250E-10
5.480000        6.020663E-06       -2.163601E-05       -1.561534E-05        6.184250E-10
5.490000        6.072840E-06       -2.168819E-05       -1.561534E-05        6.184250E-10
5.500000        6.125629E-06       -2.174097E-05       -1.561534E-05        6.184250E-10
5.510000        6.179039E-06       -2.179438E-05       -1.561534E-05        6.184250E-10
5.520000        6.233077E-06       -2.184842E-05       -1.561534E-05        6.184250E-10
5.530000        6.287752E-06       -2.190310E-05       -1.561534E-05        6.184250E-10
5.540000        6.343074E-06       -2.195842E-05       -1.561534E-05        6.184250E-10
5.550000        6.399051E-06       -2.201440E-05       -1.561534E-05        6.184250E-10
5.560000        6.455693E-06       -2.207104E-05       -1.561534E-05        6.184250E-10
5.570000        6.513010E-06       -2.212835E-05       -1.561534E-05        6.184250E-10
5.580000        6.571011E-06       -2.218636E-05       -1.561534E-05        6.184250E-10
5.590000        6.629706E-06       -2.224505E-05       -1.561534E-05        6.184250E-10
5.600000        6.689106E-06       -2.230445E-05       -1.561534E-05        6.184250E-10
5.610000        6.749221E-06       -2.236457E-05       -1.561534E-05        6.184250E-10
5.620000        6.810061E-06       -2.242541E-05       -1.561534E-05        6.184250E-10
5.630000        6.871638E-06       -2.248698E-05       -1.561534E-05        6.184250E-10
5.640000        6.933962E-06       -2.254931E-05       -1.561534E-05        6.184250E-10
5.650000        6.997045E-06       -2.261239E-05       -1.561534E-05        6.184250E-10
5.660000        7.060898E-06       -2.267624E-05       -1.561534E-05        6.184250E-10
5.670000        7.125533E-06       -2.274088E-05       -1.561534E-05        6.184250E-10
5.680000        7.190963E-06       -2.280631E-05       -1.561534E-05        6.184250E-10
5.690000        7.257200E-06       -2.287254E-05       -1.561534E-05        6.184250E-10
5.700000        7.324256E-06       -2.293960E-05       -1.561534E-05        6.184250E-10
5.710000        7.392144E-06       -2.300749E-05       -1.561534E-05        6.184250E-10
5.720000        7.460879E-06       -2.307622E-05       -1.561534E-05        6.184250E-10
5.730000        7.530472E-06       -2.314582E-05       -1.561534E-05        6.184250E-10
5.740000        7.600938E-06       -2.321628E-05       -1.561534E-05        6.184250E-10
5.750000        7.672292E-06       -2.328764E-05       -1.561534E-05        6.184250E-10
5.760000        7.744547E-06       -2.335989E-05       -1.561534E-05        6.184250E-10
5.770000        7.817719E-06       -2.343306E-05       -1.561534E-05        6.184250E-10
5.780000        7.891823E-06       -2.350717E-05       -1.561534E-05        6.184250E-10
5.790000        7.966874E-06       -2.358222E-05       -1.561534E-05        6.184250E-10
5.800000        8.042889E-06       -2.365823E-05       -1.561534E-05        6.184250E-10
5.810000        8.119883E-06       -2.373523E-05       -1.561534E-05        6.184250E-10
5.820000        8.197873E-06       -2.381322E-05       -1.561534E-05        6.184250E-10
5.830000        8.276877E-06       -2.389222E-05       -1.561534E-05        6.184250E-10
5.840000        8.356912E-06       -2.397226E-05       -1.561534E-05        6.184250E-10
5.850000        8.437996E-06       -2.405334E-05       -1.561534E-05        6.184250E-10
5.860000        8.520147E-06       -2.413549E-05       -1.561534E-05        6.184250E-10
5.870000        8.603385E-06       -2.421873E-05       -1.561534E-05        6.184250E-10
5.880000        8.687728E-06       -2.430307E-05       -1.561534E-05        6.184250E-10
5.890000        8.773196E-06       -2.438854E-05       -1.561534E-05        6.184250E-10
5.900000        8.859810E-06       -2.447516E-05       -1.561534E-05        6.184250E-10
5.910000        8.947591E-06       -2.456294E-05       -1.561534E-05        6.184250E-10
5.920000        9.036560E-06       -2.465190E-05       -1.561534E-05        6.184250E-10
5.930000        9.126738E-06       -2.474208E-05       -1.561534E-05        6.184250E-10
5.940000        9.218148E-06       -2.483349E-05       -1.561534E-05        6.184250E-10
5.950000        9.310814E-06       -2.492616E-05       -1.561534E-05        6.184250E-10
5.960000        9.404759E-06       -2.502010E-05       -1.561534E-05        6.184250E-10
5.970000        9.500007E-06       -2.511535E-05       -1.561534E-05        6.184250E-10
5.980000        9.596584E-06       -2.521193E-05       -1.561534E-05        6.184250E-10
5.990000        9.694514E-06       -2.530986E-05       -1.561534E-05        6.184250E-10
6.000000        9.793824E-06       -2.540917E-05       -1.561534E-05        6.184250E-10
6.010000        9.894542E-06       -2.550989E-05       -1.561534E-05        6.184250E-10
6.020000        9.996694E-06       -2.561204E-05       -1.561534E-05        6.184250E-10
6.030000        1.010031E-05       -2.571566E-05       -1.561534E-05        6.184250E-10
6.040000        1.020542E-05       -2.582076E-05       -1.561534E-05        6.184250E-10
6.050000        1.031205E-05       -2.592739E-05       -1.561534E-05        6.184250E-10
6.060000        1.042023E-05       -2.603558E-05       -1.561534E-05        6.184250E-10
6.070000        1.053001E-05       -2.614535E-05       -1.561534E-05        6.184250E-10
6.080000        1.064139E-05       -2.625674E-05       -1.561534E-05        6.184250E-10
6.090000        1.075443E-05       -2.636978E-05       -1.561534E-05        6.184250E-10
6.100000        1.086916E-05       -2.648451E-05       -1.561534E-05        6.184250E-10
6.110000        1.098561E-05       -2.660096E-05       -1.561534E-05        6.184250E-10
6.120000        1.110382E-05       -2.671916E-05       -1.561534E-05        6.184250E-10
6.130000        1.122382E-05       -2.683917E-05       -1.561534E-05        6.184250E-10
6.140000        1.134566E-05       -2.696101E-05       -1.561534E-05        6.184250E-10
6.150000        1.146938E-05       -2.708472E-05       -1.561534E-05        6.184250E-10
6.160000        1.159501E-05       -2.721036E-05       -1.561534E-05        6.184250E-10
6.170000        1.172260E-05       -2.733795E-05       -1.561534E-05        6.184250E-10
6.180000        1.185220E-05       -2.746754E-05       -1.561534E-05        6.184250E-10
6.190000        1.198384E-05       -2.759918E-05       -1.561534E-05        6.184250E-10
6.200000        1.211758E-05       -2.773292E-05       -1.561534E-05        6.184250E-10
6.210000        1.225346E-05       -2.786880E-05       -1.561534E-05        6.184250E-10
6.220000        1.239153E-05       -2.800687E-05       -1.561534E-05        6.184250E-10
6.230000        1.253184E-05       -2.814719E-05       -1.561534E-05        6.184250E-10
6.240000        1.267445E-05       -2.828980E-05       -1.561534E-05        6.184250E-10
6.250000        1.281941E-05       -2.843475E-05       -1.561534E-05        6.184250E-10
6.260000        1.296678E-05       -2.858212E-05       -1.561534E-05        6.184250E-10
6.270000        1.311661E-05       -2.873195E-05       -1.561534E-05        6.184250E-10
6.280000        1.326896E-05       -2.888430E-05       -1.561534E-05        6.184250E-10
6.290000        1.342390E-05       -2.903924E-05       -1.561534E-05        6.184250E-10
6.300000        1.358149E-05       -2.919683E-05       -1.561534E-05        6.184250E-10
6.310000        1.374179E-05       -2.935714E-05       -1.561534E-05        6.184250E-10
6.320000        1.390488E-05       -2.952022E-05       -1.561534E-05        6.184250E-10
6.330000        1.407082E-05       -2.968617E-05       -1.561534E-05        6.184250E-10
6.340000        1.423969E-05       -2.985504E-05       -1.561534E-05        6.184250E-10
6.350000        1.441157E-05       -3.002691E-05       -1.561534E-05        6.184250E-10
6.360000        1.458652E-05       -3.020187E-05       -1.561534E-05        6.184250E-10
6.370000        1.476464E-05       -3.037998E-05       -1.561534E-05        6.184250E-10
6.380000        1.494600E-05       -3.056135E-05       -1.561534E-05        6.184250E-10
6.390000        1.513070E-05       -3.074605E-05       -1.561534E-05        6.184250E-10
6.400000        1.531882E-05       -3.093417E-05       -1.561534E-05        6.184250E-10
6.410000        1.551046E-05       -3.112580E-05       -1.561534E-05        6.184250E-10
6.420000        1.570571E-05       -3.132106E-05       -1.561534E-05        6.184250E-10
6.430000        1.590468E-05       -3.152002E-05       -1.561534E-05        6.184250E-10
6.440000        1.610746E-05       -3.172281E-05       -1.561534E-05        6.184250E-10
6.450000        1.631418E-05       -3.192952E-05       -1.561534E-05        6.184250E-10
6.460000        1.652493E-05       -3.214027E-05       -1.561534E-05        6.184250E-10
6.470000        1.673984E-05       -3.235518E-05       -1.561534E-05        6.184250E-10
6.480000        1.695902E-05       -3.257437E-05       -1.561534E-05        6.184250E-10
6.490000        1.718261E-05       -3.279795E-05       -1.561534E-05        6.184250E-10
6.500000        1.741073E-05       -3.302608E-05       -1.561534E-05        6.184250E-10
6.510000        1.764353E-05       -3.325887E-05       -1.561534E-05        6.184250E-10
6.520000        1.788113E-05       -3.349648E-05       -1.561534E-05        6.184250E-10
6.530000        1.812370E-05       -3.373904E-05       -1.561534E-05        6.184250E-10
6.540000        1.837138E-05       -3.398672E-05       -1.561534E-05        6.184250E-10
6.550000        1.862433E-05       -3.423968E-05       -1.561534E-05        6.184250E-10
6.560000        1.888273E-05       -3.449807E-05       -1.561534E-05        6.184250E-10
6.570000        1.914674E-05       -3.476208E-05       -1.561534E-05        6.184250E-10
6.580000        1.941655E-05       -3.503189E-05       -1.561534E-05        6.184250E-10
6.590000        1.969234E-05       -3.530768E-05       -1.561534E-05        6.184250E-10
6.600000        1.997431E-05       -3.558966E-05       -1.561534E-05        6.184250E-10
6.610000        2.026267E-05       -3.587802E-05       -1.561534E-05        6.184250E-10
6.620000        2.055764E-05       -3.617298E-05       -1.561534E-05        6.184250E-10
6.630000        2.085943E-05       -3.647478E-05       -1.561534E-05        6.184250E-10
6.640000        2.116829E-05       -3.678364E-05       -1.561534E-05        6.184250E-10
6.650000        2.148446E-05       -3.709981E-05       -1.561534E-05        6.184250E-10
6.660000        2.180820E-05       -3.742354E-05       -1.561534E-05        6.184250E-10
6.670000        2.213977E-05       -3.775511E-05       -1.561534E-05        6.184250E-10
6.680000        2.247945E-05       -3.809480E-05       -1.561534E-05        6.184250E-10
6.690000        2.282756E-05       -3.844290E-05       -1.561534E-05        6.184250E-10
6.700000        2.318438E-05       -3.879973E-05       -1.561534E-05        6.184250E-10
6.710000        2.355025E-05       -3.916560E-05       -1.561534E-05        6.184250E-10
6.720000        2.392551E-05       -3.954086E-05       -1.561534E-05        6.184250E-10
6.730000        2.431052E-05       -3.992586E-05       -1.561534E-05        6.184250E-10
6.740000        2.470564E-05       -4.032098E-05       -1.561534E-05        6.184250E-10
6.750000        2.511127E-05       -4.072662E-05       -1.561534E-05        6.184250E-10
6.760000        2.552784E-05       -4.114318E-05       -1.561534E-05        6.184250E-10
6.770000        2.595577E-05       -4.157111E-05       -1.561534E-05        6.184250E-10
6.780000        2.639551E-05       -4.201086E-05       -1.561534E-05        6.184250E-10
6.790000        2.684756E-05       -4.246291E-05       -1.561534E-05        6.184250E-10
6.800000        2.731242E-05       -4.292776E-05       -1.561534E-05        6.184250E-10
6.810000        2.779062E-05       -4.340596E-05       -1.561534E-05        6.184250E-10
6.820000        2.828273E-05       -4.389807E-05       -1.561534E-05        6.184250E-10
6.830000        2.878933E-05       -4.440468E-05       -1.561534E-05        6.184250E-10
6.840000        2.931106E-05       -4.492641E-05       -1.561534E-05        6.184250E-10
6.850000        2.984858E-05       -4.546392E-05       -1.561534E-05        6.184250E-10
6.860000        3.040257E-05       -4.601792E-05       -1.561534E-05        6.184250E-10
6.870000        3.097379E-05       -4.658913E-05       -1.561534E-05        6.184250E-10
6.880000        3.156299E-05       -4.717833E-05       -1.561534E-05        6.184250E-10
6.890000        3.217101E-05       -4.778635E-05       -1.561534E-05        6.184250E-10
6.900000        3.279871E-05       -4.841405E-05       -1.561534E-05        6.184250E-10
6.910000        3.344700E-05       -4.906234E-05       -1.561534E-05        6.184250E-10
6.920000        3.411686E-05       -4.973220E-05       -1.561534E-05        6.184250E-10
6.930000        3.480931E-05       -5.042465E-05       -1.561534E-05        6.184250E-10
6.940000        3.552542E-05       -5.114077E-05       -1.561534E-05        6.184250E-10
6.950000        3.626636E-05       -5.188171E-05       -1.561534E-05        6.184250E-10
6.960000        3.703332E-05       -5.264867E-05       -1.561534E-05        6.184250E-10
6.970000        3.782759E-05       -5.344294E-05       -1.561534E-05        6.184250E-10
6.980000        3.865052E-05       -5.426586E-05       -1.561534E-05        6.184250E-10
6.990000        3.950353E-05       -5.511888E-05       -1.561534E-05        6.184250E-10
7.000000        4.038814E-05       -5.600348E-05       -1.561534E-05        6.184250E-10
7.010000        4.130592E-05       -5.692127E-05       -1.561534E-05        6.184250E-10
7.020000        4.225856E-05       -5.787391E-05       -1.561534E-05        6.184250E-10
7.030000        4.324782E-05       -5.886316E-05       -1.561534E-05        6.184250E-10
7.040000        4.427554E-05       -5.989088E-05       -1.561534E-05        6.184250E-10
7.050000        4.534365E-05       -6.095900E-05       -1.561534E-05        6.184250E-10
7.060000        4.645418E-05       -6.206953E-05       -1.561534E-05        6.184250E-10
7.070000        4.760924E-05       -6.322459E-05       -1.561534E-05        6.184250E-10
7.080000        4.881101E-05       -6.442635E-05       -1.561534E-05        6.184250E-10
7.090000        5.006172E-05       -6.567707E-05       -1.561534E-05        6.184250E-10
7.100000        5.136370E-05       -6.697905E-05       -1.561534E-05        6.184250E-10
7.110000        5.271928E-05       -6.833462E-05       -1.561534E-05        6.184250E-10
7.120000        5.413080E-05       -6.974615E-05       -1.561534E-05        6.184250E-10
7.130000        5.560060E-05       -7.121594E-05       -1.561534E-05        6.184250E-10
7.140000        5.713092E-05       -7.274627E-05       -1.561534E-05        6.184250E-10
7.150000        5.872391E-05       -7.433925E-05       -1.561534E-05        6.184250E-10
7.160000        6.038149E-05       -7.599683E-05       -1.561534E-05        6.184250E-10
7.170000        6.210531E-05       -7.772065E-05       -1.561534E-05        6.184250E-10
7.180000        6.389660E-05       -7.951195E-05       -1.561534E-05        6.184250E-10
7.190000        6.575607E-05       -8.137141E-05       -1.561534E-05        6.184250E-10
7.200000        6.768367E-05       -8.329902E-05       -1.561534E-05        6.184250E-10
7.210000        6.967847E-05       -8.529381E-05       -1.561534E-05        6.184250E-10
7.220000        7.173832E-05       -8.735366E-05       -1.561534E-05        6.184250E-10
7.230000        7.385962E-05       -8.947497E-05       -1.561534E-05        6.184250E-10
7.240000        7.603698E-05       -9.165233E-05       -1.561534E-05        6.184250E-10
7.250000        7.826282E-05       -9.387817E-05       -1.561534E-05        6.184250E-10
7.260000        8.052700E-05       -9.614234E-05       -1.561534E-05        6.184250E-10
7.270000        8.281638E-05       -9.843172E-05       -1.561534E-05        6.184250E-10
7.280000        8.511443E-05       -0.0001007298       -1.561534E-05        6.184250E-10
7.290000        8.740094E-05       -0.0001030163       -1.561534E-05        6.184250E-10
7.300000        8.965169E-05       -0.0001052670       -1.561534E-05        6.184250E-10
7.310000        9.183854E-05       -0.0001074539       -1.561534E-05        6.184250E-10
7.320000        9.392955E-05       -0.0001095449       -1.561534E-05        6.184250E-10
7.330000        9.588958E-05       -0.0001115049       -1.561534E-05        6.184250E-10
7.340000        9.768129E-05       -0.0001132966       -1.561534E-05        6.184250E-10
7.350000        9.926647E-05       -0.0001148818       -1.561534E-05        6.184250E-10
7.360000        0.0001006079       -0.0001162232       -1.561534E-05        6.184250E-10
7.370000        0.0001016714       -0.0001172868       -1.561534E-05        6.184250E-10
7.380000        0.0001024281       -0.0001180435       -1.561534E-05        6.184250E-10
7.390000        0.0001028564       -0.0001184717       -1.561534E-05        6.184250E-10
7.400000        0.0001029437       -0.0001185590       -1.561534E-05        6.184250E-10
7.410000        0.0001026873       -0.0001183026       -1.561534E-05        6.184250E-10
7.420000        0.0001020949       -0.0001177103       -1.561534E-05        6.184250E-10
7.430000        0.0001011837       -0.0001167991       -1.561534E-05        6.184249E-10
7.440000        9.997920E-05       -0.0001155945       -1.561534E-05        6.184249E-10
7.450000        9.851306E-05       -0.0001141284       -1.561534E-05        6.184249E-10
7.460000        9.682129E-05       -0.0001124366       -1.561534E-05        6.184249E-10
7.470000        9.494183E-05       -0.0001105572       -1.561534E-05        6.184249E-10
7.480000        9.291266E-05       -0.0001085280       -1.561535E-05        6.184249E-10
7.490000        9.077019E-05       -0.0001063855       -1.561535E-05        6.184249E-10
7.500000        8.854807E-05       -0.0001041634       -1.561535E-05        6.184249E-10
7.510000        8.627641E-05       -0.0001018918       -1.561535E-05        6.184249E-10
7.520000        8.398144E-05       -9.959679E-05       -1.561535E-05        6.184249E-10
7.530000        8.168537E-05       -9.730072E-05       -1.561535E-05        6.184249E-10
7.540000        7.940657E-05       -9.502192E-05       -1.561535E-05        6.184249E-10
7.550000        7.715985E-05       -9.277520E-05       -1.561535E-05        6.184249E-10
7.560000        7.495682E-05       -9.057217E-05       -1.561535E-05        6.184249E-10
7.570000        7.280629E-05       -8.842164E-05       -1.561535E-05        6.184249E-10
7.580000        7.071474E-05       -8.633009E-05       -1.561535E-05        6.184249E-10
7.590000        6.868661E-05       -8.430196E-05       -1.561535E-05        6.184249E-10
7.600000        6.672476E-05       -8.234011E-05       -1.561535E-05        6.184249E-10
7.610000        6.483069E-05       -8.044604E-05       -1.561535E-05        6.184249E-10
7.620000        6.300489E-05       -7.862024E-05       -1.561535E-05        6.184249E-10
7.630000        6.124698E-05       -7.686233E-05       -1.561535E-05        6.184249E-10
7.640000        5.955601E-05       -7.517136E-05       -1.561535E-05        6.184249E-10
7.650000        5.793050E-05       -7.354585E-05       -1.561535E-05        6.184249E-10
7.660000        5.636867E-05       -7.198402E-05       -1.561535E-05        6.184249E-10
7.670000        5.486846E-05       -7.048382E-05       -1.561535E-05        6.184249E-10
7.680000        5.342769E-05       -6.904304E-05       -1.561535E-05        6.184249E-10
7.690000        5.204404E-05       -6.765939E-05       -1.561535E-05        6.184249E-10
7.700000        5.071519E-05       -6.633054E-05       -1.561535E-05        6.184249E-10
7.710000        4.943878E-05       -6.505413E-05       -1.561535E-05        6.184249E-10
7.720000        4.821248E-05       -6.382783E-05       -1.561535E-05        6.184249E-10
7.730000        4.703402E-05       -6.264937E-05       -1.561535E-05        6.184249E-10
7.740000        4.590119E-05       -6.151654E-05       -1.561535E-05        6.184249E-10
7.750000        4.481183E-05       -6.042718E-05       -1.561535E-05        6.184249E-10
7.760000        4.376388E-05       -5.937923E-05       -1.561535E-05        6.184249E-10
7.770000        4.275536E-05       -5.837071E-05       -1.561535E-05        6.184249E-10
7.780000        4.178438E-05       -5.739974E-05       -1.561535E-05        6.184249E-10
7.790000        4.084914E-05       -5.646449E-05       -1.561535E-05        6.184249E-10
7.800000        3.994792E-05       -5.556327E-05       -1.561535E-05        6.184249E-10
7.810000        3.907909E-05       -5.469444E-05       -1.561535E-05        6.184249E-10
7.820000        3.824109E-05       -5.385644E-05       -1.561535E-05        6.184249E-10
7.830000        3.743247E-05       -5.304782E-05       -1.561535E-05        6.184249E-10
7.840000        3.665183E-05       -5.226718E-05       -1.561535E-05        6.184249E-10
7.850000        3.589785E-05       -5.151320E-05       -1.561535E-05        6.184249E-10
7.860000        3.516930E-05       -5.078465E-05       -1.561535E-05        6.184249E-10
7.870000        3.446499E-05       -5.008034E-05       -1.561535E-05        6.184249E-10
7.880000        3.378381E-05       -4.939916E-05       -1.561535E-05        6.184249E-10
7.890000        3.312471E-05       -4.874006E-05       -1.561535E-05        6.184249E-10
7.900000        3.248669E-05       -4.810204E-05       -1.561535E-05        6.184249E-10
7.910000        3.186881E-05       -4.748416E-05       -1.561535E-05        6.184249E-10
7.920000        3.127017E-05       -4.688552E-05       -1.561535E-05        6.184249E-10
7.930000        3.068994E-05       -4.630529E-05       -1.561535E-05        6.184249E-10
7.940000        3.012731E-05       -4.574266E-05       -1.561535E-05        6.184249E-10
7.950000        2.958153E-05       -4.519688E-05       -1.561535E-05        6.184249E-10
7.960000        2.905188E-05       -4.466723E-05       -1.561535E-05        6.184249E-10
7.970000        2.853769E-05       -4.415304E-05       -1.561535E-05        6.184249E-10
7.980000        2.803831E-05       -4.365366E-05       -1.561535E-05        6.184249E-10
7.990000        2.755313E-05       -4.316848E-05       -1.561535E-05        6.184249E-10
8.000000        2.708158E-05       -4.269693E-05       -1.561535E-05        6.184249E-10
8.010000        2.662310E-05       -4.223845E-05       -1.561535E-05        6.184249E-10
8.020000        2.617718E-05       -4.179253E-05       -1.561535E-05        6.184249E-10
8.030000        2.574332E-05       -4.135867E-05       -1.561535E-05        6.184249E-10
8.040000        2.532105E-05       -4.093640E-05       -1.561535E-05        6.184249E-10
8.050000        2.490993E-05       -4.052528E-05       -1.561535E-05        6.184249E-10
8.060000        2.450953E-05       -4.012488E-05       -1.561535E-05        6.184249E-10
8.070000        2.411944E-05       -3.973479E-05       -1.561535E-05        6.184249E-10
8.080000        2.373929E-05       -3.935464E-05       -1.561535E-05        6.184249E-10
8.090000        2.336870E-05       -3.898405E-05       -1.561535E-05        6.184249E-10
8.100000        2.300733E-05       -3.862268E-05       -1.561535E-05        6.184249E-10
8.110000        2.265485E-05       -3.827020E-05       -1.561535E-05        6.184249E-10
8.120000        2.231093E-05       -3.792628E-05       -1.561535E-05        6.184249E-10
8.130000        2.197528E-05       -3.759063E-05       -1.561535E-05        6.184249E-10
8.140000        2.164761E-05       -3.726296E-05       -1.561535E-05        6.184249E-10
8.150000        2.132764E-05       -3.694299E-05       -1.561535E-05        6.184249E-10
8.160000        2.101510E-05       -3.663046E-05       -1.561535E-05        6.184249E-10
8.170000        2.070976E-05       -3.632511E-05       -1.561535E-05        6.184249E-10
8.180000        2.041136E-05       -3.602671E-05       -1.561535E-05        6.184249E-10
8.190000        2.011968E-05       -3.573503E-05       -1.561535E-05        6.184249E-10
8.200000        1.983449E-05       -3.544984E-05       -1.561535E-05        6.184249E-10
8.210000        1.955559E-05       -3.517094E-05       -1.561535E-05        6.184249E-10
8.220000        1.928278E-05       -3.489813E-05       -1.561535E-05        6.184249E-10
8.230000        1.901585E-05       -3.463120E-05       -1.561535E-05        6.184249E-10
8.240000        1.875463E-05       -3.436998E-05       -1.561535E-05        6.184249E-10
8.250000        1.849894E-05       -3.411429E-05       -1.561535E-05        6.184249E-10
8.260000        1.824861E-05       -3.386396E-05       -1.561535E-05        6.184249E-10
8.270000        1.800347E-05       -3.361882E-05       -1.561535E-05        6.184249E-10
8.280000        1.776336E-05       -3.337872E-05       -1.561535E-05        6.184249E-10
8.290000        1.752815E-05       -3.314350E-05       -1.561535E-05        6.184249E-10
8.300000        1.729768E-05       -3.291303E-05       -1.561535E-05        6.184249E-10
8.310000        1.707180E-05       -3.268716E-05       -1.561535E-05        6.184249E-10
8.320000        1.685040E-05       -3.246575E-05       -1.561535E-05        6.184249E-10
8.330000        1.663334E-05       -3.224869E-05       -1.561535E-05        6.184249E-10
8.340000        1.642050E-05       -3.203585E-05       -1.561535E-05        6.184249E-10
8.350000        1.621175E-05       -3.182710E-05       -1.561535E-05        6.184249E-10
8.360000        1.600699E-05       -3.162234E-05       -1.561535E-05        6.184249E-10
8.370000        1.580610E-05       -3.142145E-05       -1.561535E-05        6.184249E-10
8.380000        1.560898E-05       -3.122433E-05       -1.561535E-05        6.184249E-10
8.390000        1.541552E-05       -3.103087E-05       -1.561535E-05        6.184249E-10
8.400000        1.522563E-05       -3.084098E-05       -1.561535E-05        6.184249E-10
8.410000        1.503921E-05       -3.065456E-05       -1.561535E-05        6.184249E-10
8.420000        1.485616E-05       -3.047152E-05       -1.561535E-05        6.184249E-10
8.430000        1.467641E-05       -3.029176E-05       -1.561535E-05        6.184249E-10
8.440000        1.449986E-05       -3.011521E-05       -1.561535E-05        6.184249E-10
8.450000        1.432644E-05       -2.994179E-05       -1.561535E-05        6.184249E-10
8.460000        1.415605E-05       -2.977141E-05       -1.561535E-05        6.184249E-10
8.470000        1.398864E-05       -2.960399E-05       -1.561535E-05        6.184249E-10
8.480000        1.382411E-05       -2.943946E-05       -1.561535E-05        6.184249E-10
8.490000        1.366240E-05       -2.927776E-05       -1.561535E-05        6.184249E-10
8.500000        1.350345E-05       -2.911880E-05       -1.561535E-05        6.184249E-10
8.510000        1.334717E-05       -2.896252E-05       -1.561535E-05        6.184249E-10
8.520000        1.319352E-05       -2.880887E-05       -1.561535E-05        6.184249E-10
8.530000        1.304242E-05       -2.865777E-05       -1.561535E-05        6.184249E-10
8.540000        1.289381E-05       -2.850916E-05       -1.561535E-05        6.184249E-10
8.550000        1.274764E-05       -2.836299E-05       -1.561535E-05        6.184249E-10
8.560000        1.260384E-05       -2.821919E-05       -1.561535E-05        6.184249E-10
8.570000        1.246237E-05       -2.807772E-05       -1.561535E-05        6.184249E-10
8.580000        1.232317E-05       -2.793852E-05       -1.561535E-05        6.184249E-10
8.590000        1.218618E-05       -2.780154E-05       -1.561535E-05        6.184249E-10
8.600000        1.205137E-05       -2.766672E-05       -1.561535E-05        6.184249E-10
8.610000        1.191867E-05       -2.753402E-05       -1.561535E-05        6.184249E-10
8.620000        1.178804E-05       -2.740339E-05       -1.561535E-05        6.184249E-10
8.630000        1.165944E-05       -2.727479E-05       -1.561535E-05        6.184249E-10
8.640000        1.153282E-05       -2.714817E-05       -1.561535E-05        6.184249E-10
8.650000        1.140814E-05       -2.702349E-05       -1.561535E-05        6.184249E-10
8.660000        1.128535E-05       -2.690071E-05       -1.561535E-05        6.184249E-10
8.670000        1.116442E-05       -2.677978E-05       -1.561535E-05        6.184249E-10
8.680000        1.104531E-05       -2.666066E-05       -1.561535E-05        6.184249E-10
8.690000        1.092797E-05       -2.654332E-05       -1.561535E-05        6.184249E-10
8.700000        1.081238E-05       -2.642773E-05       -1.561535E-05        6.184249E-10
8.710000        1.069849E-05       -2.631384E-05       -1.561535E-05        6.184249E-10
8.720000        1.058627E-05       -2.620162E-05       -1.561535E-05        6.184249E-10
8.730000        1.047568E-05       -2.609103E-05       -1.561535E-05        6.184249E-10
8.740000        1.036669E-05       -2.598204E-05       -1.561535E-05        6.184249E-10
8.750000        1.025928E-05       -2.587463E-05       -1.561535E-05        6.184249E-10
8.760000        1.015340E-05       -2.576875E-05       -1.561535E-05        6.184249E-10
8.770000        1.004903E-05       -2.566438E-05       -1.561535E-05        6.184249E-10
8.780000        9.946143E-06       -2.556149E-05       -1.561535E-05        6.184249E-10
8.790000        9.844702E-06       -2.546005E-05       -1.561535E-05        6.184249E-10
8.800000        9.744682E-06       -2.536003E-05       -1.561535E-05        6.184249E-10
8.810000        9.646055E-06       -2.526141E-05       -1.561535E-05        6.184249E-10
8.820000        9.548795E-06       -2.516415E-05       -1.561535E-05        6.184249E-10
8.830000        9.452877E-06       -2.506823E-05       -1.561535E-05        6.184249E-10
8.840000        9.358275E-06       -2.497363E-05       -1.561535E-05        6.184249E-10
8.850000        9.264963E-06       -2.488031E-05       -1.561535E-05        6.184249E-10
8.860000        9.172919E-06       -2.478827E-05       -1.561535E-05        6.184249E-10
8.870000        9.082119E-06       -2.469747E-05       -1.561535E-05        6.184249E-10
8.880000        8.992540E-06       -2.460789E-05       -1.561535E-05        6.184249E-10
8.890000        8.904160E-06       -2.451951E-05       -1.561535E-05        6.184249E-10
8.900000        8.816957E-06       -2.443231E-05       -1.561535E-05        6.184249E-10
8.910000        8.730911E-06       -2.434626E-05       -1.561535E-05        6.184249E-10
8.920000        8.646000E-06       -2.426135E-05       -1.561535E-05        6.184249E-10
8.930000        8.562204E-06       -2.417756E-05       -1.561535E-05        6.184249E-10
8.940000        8.479505E-06       -2.409486E-05       -1.561535E-05        6.184249E-10
8.950000        8.397882E-06       -2.401323E-05       -1.561535E-05        6.184249E-10
8.960000        8.317318E-06       -2.393267E-05       -1.561535E-05        6.184249E-10
8.970000        8.237793E-06       -2.385314E-05       -1.561535E-05        6.184249E-10
8.980000        8.159291E-06       -2.377464E-05       -1.561535E-05        6.184249E-10
8.990000        8.081794E-06       -2.369714E-05       -1.561535E-05        6.184249E-10
9.000000        8.005285E-06       -2.362064E-05       -1.561535E-05        6.184249E-10
9.010000        7.929747E-06       -2.354510E-05       -1.561535E-05        6.184249E-10
9.020000        7.855165E-06       -2.347052E-05       -1.561535E-05        6.184249E-10
9.030000        7.781523E-06       -2.339687E-05       -1.561535E-05        6.184249E-10
9.040000        7.708805E-06       -2.332416E-05       -1.561535E-05        6.184249E-10
9.050000        7.636996E-06       -2.325235E-05       -1.561535E-05        6.184249E-10
9.060000        7.566082E-06       -2.318143E-05       -1.561535E-05        6.184249E-10
9.070000        7.496047E-06       -2.311140E-05       -1.561535E-05        6.184249E-10
9.080000        7.426880E-06       -2.304223E-05       -1.561535E-05        6.184249E-10
9.090000        7.358564E-06       -2.297391E-05       -1.561535E-05        6.184249E-10
9.100000        7.291088E-06       -2.290644E-05       -1.561535E-05        6.184249E-10
9.110000        7.224437E-06       -2.283979E-05       -1.561535E-05        6.184249E-10
9.120000        7.158600E-06       -2.277395E-05       -1.561535E-05        6.184249E-10
9.130000        7.093563E-06       -2.270891E-05       -1.561535E-05        6.184249E-10
9.140000        7.029315E-06       -2.264467E-05       -1.561535E-05        6.184249E-10
9.150000        6.965843E-06       -2.258119E-05       -1.561535E-05        6.184249E-10
9.160000        6.903136E-06       -2.251849E-05       -1.561535E-05        6.184249E-10
9.170000        6.841182E-06       -2.245653E-05       -1.561535E-05        6.184249E-10
9.180000        6.779970E-06       -2.239532E-05       -1.561535E-05        6.184249E-10
9.190000        6.719489E-06       -2.233484E-05       -1.561535E-05        6.184249E-10
9.200000        6.659728E-06       -2.227508E-05       -1.561535E-05        6.184249E-10
9.210000        6.600676E-06       -2.221603E-05       -1.561535E-05        6.184249E-10
9.220000        6.542325E-06       -2.215768E-05       -1.561535E-05        6.184249E-10
9.230000        6.484662E-06       -2.210001E-05       -1.561535E-05        6.184249E-10
9.240000        6.427679E-06       -2.204303E-05       -1.561535E-05        6.184249E-10
9.250000        6.371366E-06       -2.198672E-05       -1.561535E-05        6.184249E-10
9.260000        6.315713E-06       -2.193106E-05       -1.561535E-05        6.184249E-10
9.270000        6.260711E-06       -2.187606E-05       -1.561535E-05        6.184249E-10
9.280000        6.206351E-06       -2.182170E-05       -1.561535E-05        6.184249E-10
9.290000        6.152625E-06       -2.176798E-05       -1.561535E-05        6.184249E-10
9.300000        6.099522E-06       -2.171487E-05       -1.561535E-05        6.184249E-10
9.310000        6.047035E-06       -2.166239E-05       -1.561535E-05        6.184249E-10
9.320000        5.995156E-06       -2.161051E-05       -1.561535E-05        6.184249E-10
9.330000        5.943876E-06       -2.155923E-05       -1.561535E-05        6.184249E-10
9.340000        5.893188E-06       -2.150854E-05       -1.561535E-05        6.184249E-10
9.350000        5.843082E-06       -2.145843E-05       -1.561535E-05        6.184249E-10
9.360000        5.793553E-06       -2.140890E-05       -1.561535E-05        6.184249E-10
9.370000        5.744591E-06       -2.135994E-05       -1.561535E-05        6.184249E-10
9.380000        5.696190E-06       -2.131154E-05       -1.561535E-05        6.184249E-10
9.390000        5.648343E-06       -2.126369E-05       -1.561535E-05        6.184249E-10
9.400000        5.601041E-06       -2.121639E-05       -1.561535E-05        6.184249E-10
9.410000        5.554279E-06       -2.116963E-05       -1.561535E-05        6.184249E-10
9.420000        5.508050E-06       -2.112340E-05       -1.561535E-05        6.184249E-10
9.430000        5.462346E-06       -2.107770E-05       -1.561535E-05        6.184249E-10
9.440000        5.417161E-06       -2.103251E-05       -1.561535E-05        6.184249E-10
9.450000        5.372489E-06       -2.098784E-05       -1.561535E-05        6.184249E-10
9.460000        5.328323E-06       -2.094367E-05       -1.561535E-05        6.184249E-10
9.470000        5.284657E-06       -2.090001E-05       -1.561535E-05        6.184249E-10
9.480000        5.241486E-06       -2.085684E-05       -1.561535E-05        6.184249E-10
9.490000        5.198802E-06       -2.081415E-05       -1.561535E-05        6.184249E-10
9.500000        5.156600E-06       -2.077195E-05       -1.561535E-05        6.184249E-10
9.510000        5.114875E-06       -2.073023E-05       -1.561535E-05        6.184249E-10
9.520000        5.073620E-06       -2.068897E-05       -1.561535E-05        6.184249E-10
9.530000        5.032830E-06       -2.064818E-05       -1.561535E-05        6.184249E-10
9.540000        4.992500E-06       -2.060785E-05       -1.561535E-05        6.184249E-10
9.550000        4.952624E-06       -2.056798E-05       -1.561535E-05        6.184249E-10
9.560000        4.913198E-06       -2.052855E-05       -1.561535E-05        6.184249E-10
9.570000        4.874215E-06       -2.048957E-05       -1.561535E-05        6.184249E-10
9.580000        4.835671E-06       -2.045102E-05       -1.561535E-05        6.184249E-10
9.590000        4.797561E-06       -2.041291E-05       -1.561535E-05        6.184249E-10
9.600000        4.759880E-06       -2.037523E-05       -1.561535E-05        6.184249E-10
9.610000        4.722623E-06       -2.033797E-05       -1.561535E-05        6.184249E-10
9.620000        4.685785E-06       -2.030114E-05       -1.561535E-05        6.184249E-10
9.630000        4.649363E-06       -2.026471E-05       -1.561535E-05        6.184249E-10
9.640000        4.613350E-06       -2.022870E-05       -1.561535E-05        6.184249E-10
9.650000        4.577744E-06       -2.019309E-05       -1.561535E-05        6.184249E-10
9.660000        4.542539E-06       -2.015789E-05       -1.561535E-05        6.184249E-10
9.670000        4.507731E-06       -2.012308E-05       -1.561535E-05        6.184249E-10
9.680000        4.473316E-06       -2.008867E-05       -1.561535E-05        6.184249E-10
9.690000        4.439290E-06       -2.005464E-05       -1.561535E-05        6.184249E-10
9.700000        4.405649E-06       -2.002100E-05       -1.561535E-05        6.184249E-10
9.710000        4.372388E-06       -1.998774E-05       -1.561535E-05        6.184249E-10
9.720000        4.339504E-06       -1.995485E-05       -1.561535E-05        6.184249E-10
9.730000        4.306993E-06       -1.992234E-05       -1.561535E-05        6.184249E-10
9.740000        4.274852E-06       -1.989020E-05       -1.561535E-05        6.184249E-10
9.750000        4.243075E-06       -1.985843E-05       -1.561535E-05        6.184249E-10
9.760000        4.211661E-06       -1.982701E-05       -1.561535E-05        6.184249E-10
9.770000        4.180604E-06       -1.979595E-05       -1.561535E-05        6.184249E-10
9.780000        4.149902E-06       -1.976525E-05       -1.561535E-05        6.184249E-10
9.790000        4.119551E-06       -1.973490E-05       -1.561535E-05        6.184249E-10
9.800000        4.089548E-06       -1.970490E-05       -1.561535E-05        6.184249E-10
9.810000        4.059889E-06       -1.967524E-05       -1.561535E-05        6.184249E-10
9.820000        4.030572E-06       -1.964592E-05       -1.561535E-05        6.184249E-10
9.830000        4.001592E-06       -1.961694E-05       -1.561535E-05        6.184249E-10
9.840000        3.972946E-06       -1.958830E-05       -1.561535E-05        6.184249E-10
9.850000        3.944632E-06       -1.955998E-05       -1.561535E-05        6.184249E-10
9.860000        3.916647E-06       -1.953200E-05       -1.561535E-05        6.184249E-10
9.870000        3.888987E-06       -1.950434E-05       -1.561535E-05        6.184249E-10
9.880000        3.861649E-06       -1.947700E-05       -1.561535E-05        6.184249E-10
9.890000        3.834630E-06       -1.944998E-05       -1.561535E-05        6.184249E-10
9.900000        3.807929E-06       -1.942328E-05       -1.561535E-05        6.184249E-10
9.910000        3.781541E-06       -1.939689E-05       -1.561535E-05        6.184249E-10
9.920000        3.755463E-06       -1.937081E-05       -1.561535E-05        6.184249E-10
9.930000        3.729695E-06       -1.934505E-05       -1.561535E-05        6.184249E-10
9.940000        3.704231E-06       -1.931958E-05       -1.561535E-05        6.184249E-10
9.950000        3.679071E-06       -1.929442E-05       -1.561535E-05        6.184249E-10
9.960000        3.654211E-06       -1.926956E-05       -1.561535E-05        6.184249E-10
9.970000        3.629648E-06       -1.924500E-05       -1.561535E-05        6.184249E-10
9.980000        3.605381E-06       -1.922073E-05       -1.561535E-05        6.184249E-10
9.990000        3.581407E-06       -1.919676E-05       -1.561535E-05        6.184249E-10
10.00000        3.557723E-06       -1.917307E-05       -1.561535E-05        6.184249E-10
