#Time(Yr)                X_Ea                Y_Ea                Z_Ea             R_earth
0.00000             1.00000             0.00000             0.00000             1.00000
0.0100000            0.998026           0.0828000             0.00000             1.00145
0.0200000            0.992129            0.165275             0.00000             1.00580
0.0300000            0.982383            0.247108             0.00000             1.01299
0.0400000            0.968906            0.328003             0.00000             1.02292
0.0500000            0.951855            0.407688             0.00000             1.03549
0.0600000            0.931419            0.485923             0.00000             1.05055
0.0700000            0.907813            0.562504             0.00000             1.06796
0.0800000            0.881263            0.637262             0.00000             1.08753
0.0900000            0.852009            0.710063             0.00000             1.10910
0.100000            0.820290            0.780810             0.00000             1.13249
0.110000            0.786341            0.849435             0.00000             1.15753
0.120000            0.750390            0.915898             0.00000             1.18404
0.130000            0.712655            0.980182             0.00000             1.21187
0.140000            0.673339             1.04229             0.00000             1.24087
0.150000            0.632632             1.10225             0.00000             1.27090
0.160000            0.590708             1.16009             0.00000             1.30182
0.170000            0.547727             1.21585             0.00000             1.33352
0.180000            0.503834             1.26958             0.00000             1.36590
0.190000            0.459161             1.32135             0.00000             1.39886
0.200000            0.413825             1.37122             0.00000             1.43230
0.210000            0.367934             1.41924             0.00000             1.46616
0.220000            0.321581             1.46548             0.00000             1.50035
0.230000            0.274853             1.51002             0.00000             1.53483
0.240000            0.227825             1.55290             0.00000             1.56952
0.250000            0.180564             1.59419             0.00000             1.60439
0.260000            0.133130             1.63397             0.00000             1.63938
0.270000           0.0855770             1.67228             0.00000             1.67446
0.280000           0.0379521             1.70918             0.00000             1.70960
0.290000         -0.00970277             1.74473             0.00000             1.74476
0.300000          -0.0573505             1.77899             0.00000             1.77991
0.310000           -0.104958             1.81200             0.00000             1.81503
0.320000           -0.152496             1.84381             0.00000             1.85010
0.330000           -0.199939             1.87447             0.00000             1.88511
0.340000           -0.247265             1.90403             0.00000             1.92002
0.350000           -0.294452             1.93253             0.00000             1.95483
0.360000           -0.341484             1.96001             0.00000             1.98953
0.370000           -0.388345             1.98650             0.00000             2.02410
0.380000           -0.435020             2.01205             0.00000             2.05854
0.390000           -0.481499             2.03668             0.00000             2.09283
0.400000           -0.527771             2.06044             0.00000             2.12696
0.410000           -0.573826             2.08336             0.00000             2.16094
0.420000           -0.619656             2.10546             0.00000             2.19475
0.430000           -0.665255             2.12677             0.00000             2.22839
0.440000           -0.710617             2.14733             0.00000             2.26186
0.450000           -0.755736             2.16715             0.00000             2.29514
0.460000           -0.800609             2.18626             0.00000             2.32824
0.470000           -0.845231             2.20469             0.00000             2.36116
0.480000           -0.889599             2.22246             0.00000             2.39389
0.490000           -0.933712             2.23959             0.00000             2.42644
0.500000           -0.977567             2.25610             0.00000             2.45879
0.510000            -1.02116             2.27202             0.00000             2.49095
0.520000            -1.06450             2.28735             0.00000             2.52292
0.530000            -1.10757             2.30212             0.00000             2.55469
0.540000            -1.15038             2.31634             0.00000             2.58627
0.550000            -1.19293             2.33003             0.00000             2.61766
0.560000            -1.23521             2.34322             0.00000             2.64885
0.570000            -1.27723             2.35590             0.00000             2.67985
0.580000            -1.31899             2.36810             0.00000             2.71066
0.590000            -1.36049             2.37984             0.00000             2.74127
0.600000            -1.40173             2.39111             0.00000             2.77169
0.610000            -1.44271             2.40194             0.00000             2.80192
0.620000            -1.48343             2.41235             0.00000             2.83196
0.630000            -1.52389             2.42233             0.00000             2.86180
0.640000            -1.56410             2.43190             0.00000             2.89146
0.650000            -1.60405             2.44108             0.00000             2.92093
0.660000            -1.64374             2.44987             0.00000             2.95021
0.670000            -1.68319             2.45828             0.00000             2.97931
0.680000            -1.72238             2.46633             0.00000             3.00822
0.690000            -1.76132             2.47402             0.00000             3.03694
0.700000            -1.80001             2.48136             0.00000             3.06548
0.710000            -1.83846             2.48836             0.00000             3.09384
0.720000            -1.87666             2.49503             0.00000             3.12202
0.730000            -1.91462             2.50137             0.00000             3.15002
0.740000            -1.95234             2.50740             0.00000             3.17784
0.750000            -1.98981             2.51312             0.00000             3.20549
0.760000            -2.02705             2.51854             0.00000             3.23295
0.770000            -2.06405             2.52367             0.00000             3.26025
0.780000            -2.10082             2.52851             0.00000             3.28737
0.790000            -2.13735             2.53306             0.00000             3.31431
0.800000            -2.17365             2.53734             0.00000             3.34109
0.810000            -2.20972             2.54136             0.00000             3.36769
0.820000            -2.24556             2.54511             0.00000             3.39413
0.830000            -2.28118             2.54860             0.00000             3.42040
0.840000            -2.31657             2.55184             0.00000             3.44651
0.850000            -2.35174             2.55484             0.00000             3.47244
0.860000            -2.38668             2.55759             0.00000             3.49822
0.870000            -2.42141             2.56011             0.00000             3.52383
0.880000            -2.45591             2.56240             0.00000             3.54928
0.890000            -2.49020             2.56446             0.00000             3.57458
0.900000            -2.52428             2.56631             0.00000             3.59971
0.910000            -2.55814             2.56793             0.00000             3.62468
0.920000            -2.59179             2.56934             0.00000             3.64950
0.930000            -2.62523             2.57054             0.00000             3.67417
0.940000            -2.65846             2.57154             0.00000             3.69868
0.950000            -2.69148             2.57233             0.00000             3.72303
0.960000            -2.72429             2.57293             0.00000             3.74724
0.970000            -2.75691             2.57334             0.00000             3.77129
0.980000            -2.78932             2.57356             0.00000             3.79519
0.990000            -2.82152             2.57359             0.00000             3.81895
1.00000            -2.85353             2.57344             0.00000             3.84255
1.01000            -2.88534             2.57311             0.00000             3.86601
1.02000            -2.91695             2.57260             0.00000             3.88933
1.03000            -2.94837             2.57192             0.00000             3.91250
1.04000            -2.97959             2.57108             0.00000             3.93553
1.05000            -3.01062             2.57006             0.00000             3.95841
1.06000            -3.04145             2.56888             0.00000             3.98116
1.07000            -3.07210             2.56754             0.00000             4.00376
1.08000            -3.10256             2.56605             0.00000             4.02622
1.09000            -3.13283             2.56440             0.00000             4.04855
1.10000            -3.16291             2.56259             0.00000             4.07074
1.11000            -3.19281             2.56064             0.00000             4.09279
1.12000            -3.22253             2.55853             0.00000             4.11470
1.13000            -3.25206             2.55629             0.00000             4.13648
1.14000            -3.28141             2.55390             0.00000             4.15813
1.15000            -3.31058             2.55137             0.00000             4.17964
1.16000            -3.33957             2.54870             0.00000             4.20102
1.17000            -3.36838             2.54590             0.00000             4.22228
1.18000            -3.39702             2.54296             0.00000             4.24340
1.19000            -3.42548             2.53989             0.00000             4.26439
1.20000            -3.45377             2.53669             0.00000             4.28525
1.21000            -3.48188             2.53337             0.00000             4.30598
1.22000            -3.50983             2.52992             0.00000             4.32659
1.23000            -3.53760             2.52635             0.00000             4.34707
1.24000            -3.56520             2.52265             0.00000             4.36742
1.25000            -3.59263             2.51884             0.00000             4.38766
1.26000            -3.61989             2.51490             0.00000             4.40776
1.27000            -3.64699             2.51086             0.00000             4.42775
1.28000            -3.67392             2.50669             0.00000             4.44761
1.29000            -3.70069             2.50242             0.00000             4.46735
1.30000            -3.72729             2.49803             0.00000             4.48696
1.31000            -3.75373             2.49354             0.00000             4.50646
1.32000            -3.78001             2.48894             0.00000             4.52584
1.33000            -3.80612             2.48423             0.00000             4.54510
1.34000            -3.83208             2.47941             0.00000             4.56424
1.35000            -3.85788             2.47450             0.00000             4.58327
1.36000            -3.88352             2.46948             0.00000             4.60218
1.37000            -3.90900             2.46436             0.00000             4.62097
1.38000            -3.93432             2.45915             0.00000             4.63965
1.39000            -3.95949             2.45384             0.00000             4.65821
1.40000            -3.98451             2.44843             0.00000             4.67665
1.41000            -4.00937             2.44292             0.00000             4.69499
1.42000            -4.03408             2.43733             0.00000             4.71321
1.43000            -4.05864             2.43164             0.00000             4.73132
1.44000            -4.08304             2.42586             0.00000             4.74932
1.45000            -4.10730             2.41999             0.00000             4.76720
1.46000            -4.13140             2.41403             0.00000             4.78498
1.47000            -4.15536             2.40799             0.00000             4.80265
1.48000            -4.17916             2.40186             0.00000             4.82020
1.49000            -4.20283             2.39565             0.00000             4.83765
1.50000            -4.22634             2.38935             0.00000             4.85499
1.51000            -4.24971             2.38297             0.00000             4.87222
1.52000            -4.27293             2.37651             0.00000             4.88935
1.53000            -4.29601             2.36997             0.00000             4.90637
1.54000            -4.31895             2.36334             0.00000             4.92328
1.55000            -4.34174             2.35665             0.00000             4.94009
1.56000            -4.36439             2.34987             0.00000             4.95679
1.57000            -4.38690             2.34302             0.00000             4.97339
1.58000            -4.40927             2.33609             0.00000             4.98988
1.59000            -4.43149             2.32909             0.00000             5.00627
1.60000            -4.45358             2.32201             0.00000             5.02256
1.61000            -4.47553             2.31486             0.00000             5.03875
1.62000            -4.49734             2.30764             0.00000             5.05483
1.63000            -4.51902             2.30036             0.00000             5.07082
1.64000            -4.54056             2.29300             0.00000             5.08670
1.65000            -4.56196             2.28557             0.00000             5.10248
1.66000            -4.58322             2.27807             0.00000             5.11816
1.67000            -4.60435             2.27051             0.00000             5.13374
1.68000            -4.62535             2.26288             0.00000             5.14922
1.69000            -4.64621             2.25519             0.00000             5.16461
1.70000            -4.66694             2.24743             0.00000             5.17989
1.71000            -4.68754             2.23960             0.00000             5.19508
1.72000            -4.70800             2.23172             0.00000             5.21017
1.73000            -4.72834             2.22377             0.00000             5.22516
1.74000            -4.74854             2.21576             0.00000             5.24006
1.75000            -4.76861             2.20769             0.00000             5.25486
1.76000            -4.78856             2.19956             0.00000             5.26957
1.77000            -4.80837             2.19137             0.00000             5.28417
1.78000            -4.82805             2.18312             0.00000             5.29869
1.79000            -4.84761             2.17481             0.00000             5.31311
1.80000            -4.86704             2.16645             0.00000             5.32744
1.81000            -4.88634             2.15803             0.00000             5.34167
1.82000            -4.90552             2.14955             0.00000             5.35581
1.83000            -4.92457             2.14102             0.00000             5.36985
1.84000            -4.94349             2.13243             0.00000             5.38381
1.85000            -4.96229             2.12379             0.00000             5.39767
1.86000            -4.98096             2.11510             0.00000             5.41144
1.87000            -4.99951             2.10635             0.00000             5.42511
1.88000            -5.01794             2.09755             0.00000             5.43870
1.89000            -5.03624             2.08870             0.00000             5.45220
1.90000            -5.05442             2.07980             0.00000             5.46560
1.91000            -5.07248             2.07085             0.00000             5.47891
1.92000            -5.09042             2.06185             0.00000             5.49214
1.93000            -5.10823             2.05280             0.00000             5.50528
1.94000            -5.12593             2.04370             0.00000             5.51832
1.95000            -5.14350             2.03456             0.00000             5.53128
1.96000            -5.16096             2.02536             0.00000             5.54415
1.97000            -5.17829             2.01612             0.00000             5.55693
1.98000            -5.19551             2.00684             0.00000             5.56962
1.99000            -5.21260             1.99750             0.00000             5.58223
2.00000            -5.22958             1.98812             0.00000             5.59474
2.01000            -5.24644             1.97870             0.00000             5.60718
2.02000            -5.26319             1.96923             0.00000             5.61952
2.03000            -5.27981             1.95972             0.00000             5.63178
2.04000            -5.29632             1.95017             0.00000             5.64395
2.05000            -5.31271             1.94057             0.00000             5.65604
2.06000            -5.32899             1.93093             0.00000             5.66804
2.07000            -5.34515             1.92125             0.00000             5.67995
2.08000            -5.36120             1.91153             0.00000             5.69178
2.09000            -5.37713             1.90176             0.00000             5.70353
2.10000            -5.39295             1.89196             0.00000             5.71519
2.11000            -5.40865             1.88211             0.00000             5.72677
2.12000            -5.42424             1.87223             0.00000             5.73826
2.13000            -5.43972             1.86231             0.00000             5.74967
2.14000            -5.45508             1.85234             0.00000             5.76100
2.15000            -5.47033             1.84234             0.00000             5.77224
2.16000            -5.48547             1.83231             0.00000             5.78340
2.17000            -5.50049             1.82223             0.00000             5.79448
2.18000            -5.51541             1.81212             0.00000             5.80547
2.19000            -5.53021             1.80197             0.00000             5.81639
2.20000            -5.54490             1.79179             0.00000             5.82722
2.21000            -5.55949             1.78156             0.00000             5.83797
2.22000            -5.57396             1.77131             0.00000             5.84864
2.23000            -5.58832             1.76102             0.00000             5.85922
2.24000            -5.60257             1.75069             0.00000             5.86973
2.25000            -5.61671             1.74033             0.00000             5.88015
2.26000            -5.63075             1.72994             0.00000             5.89050
2.27000            -5.64467             1.71951             0.00000             5.90077
2.28000            -5.65849             1.70905             0.00000             5.91095
2.29000            -5.67219             1.69856             0.00000             5.92106
2.30000            -5.68579             1.68803             0.00000             5.93108
2.31000            -5.69929             1.67748             0.00000             5.94103
2.32000            -5.71267             1.66689             0.00000             5.95089
2.33000            -5.72595             1.65627             0.00000             5.96068
2.34000            -5.73912             1.64562             0.00000             5.97039
2.35000            -5.75219             1.63494             0.00000             5.98002
2.36000            -5.76515             1.62423             0.00000             5.98958
2.37000            -5.77800             1.61349             0.00000             5.99905
2.38000            -5.79075             1.60271             0.00000             6.00845
2.39000            -5.80339             1.59191             0.00000             6.01777
2.40000            -5.81592             1.58109             0.00000             6.02701
2.41000            -5.82836             1.57023             0.00000             6.03617
2.42000            -5.84068             1.55934             0.00000             6.04526
2.43000            -5.85291             1.54843             0.00000             6.05427
2.44000            -5.86502             1.53749             0.00000             6.06320
2.45000            -5.87704             1.52652             0.00000             6.07206
2.46000            -5.88895             1.51553             0.00000             6.08084
2.47000            -5.90076             1.50451             0.00000             6.08954
2.48000            -5.91246             1.49346             0.00000             6.09817
2.49000            -5.92406             1.48238             0.00000             6.10672
2.50000            -5.93556             1.47128             0.00000             6.11519
2.51000            -5.94696             1.46016             0.00000             6.12359
2.52000            -5.95825             1.44901             0.00000             6.13192
2.53000            -5.96945             1.43783             0.00000             6.14017
2.54000            -5.98054             1.42664             0.00000             6.14834
2.55000            -5.99153             1.41541             0.00000             6.15644
2.56000            -6.00241             1.40416             0.00000             6.16447
2.57000            -6.01320             1.39289             0.00000             6.17242
2.58000            -6.02389             1.38160             0.00000             6.18029
2.59000            -6.03447             1.37028             0.00000             6.18809
2.60000            -6.04495             1.35894             0.00000             6.19582
2.61000            -6.05534             1.34758             0.00000             6.20347
2.62000            -6.06562             1.33619             0.00000             6.21105
2.63000            -6.07581             1.32478             0.00000             6.21856
2.64000            -6.08589             1.31336             0.00000             6.22599
2.65000            -6.09587             1.30191             0.00000             6.23335
2.66000            -6.10576             1.29043             0.00000             6.24063
2.67000            -6.11554             1.27894             0.00000             6.24785
2.68000            -6.12523             1.26743             0.00000             6.25498
2.69000            -6.13482             1.25589             0.00000             6.26205
2.70000            -6.14431             1.24434             0.00000             6.26904
2.71000            -6.15370             1.23277             0.00000             6.27596
2.72000            -6.16299             1.22117             0.00000             6.28281
2.73000            -6.17219             1.20956             0.00000             6.28959
2.74000            -6.18128             1.19793             0.00000             6.29629
2.75000            -6.19028             1.18627             0.00000             6.30292
2.76000            -6.19918             1.17460             0.00000             6.30948
2.77000            -6.20799             1.16292             0.00000             6.31597
2.78000            -6.21669             1.15121             0.00000             6.32239
2.79000            -6.22530             1.13948             0.00000             6.32873
2.80000            -6.23382             1.12774             0.00000             6.33500
2.81000            -6.24223             1.11598             0.00000             6.34120
2.82000            -6.25055             1.10421             0.00000             6.34733
2.83000            -6.25877             1.09241             0.00000             6.35339
2.84000            -6.26690             1.08060             0.00000             6.35938
2.85000            -6.27493             1.06877             0.00000             6.36530
2.86000            -6.28286             1.05693             0.00000             6.37114
2.87000            -6.29070             1.04507             0.00000             6.37692
2.88000            -6.29844             1.03319             0.00000             6.38262
2.89000            -6.30609             1.02130             0.00000             6.38826
2.90000            -6.31364             1.00939             0.00000             6.39382
2.91000            -6.32110            0.997470             0.00000             6.39931
2.92000            -6.32846            0.985533             0.00000             6.40474
2.93000            -6.33572            0.973581             0.00000             6.41009
2.94000            -6.34289            0.961614             0.00000             6.41537
2.95000            -6.34997            0.949632             0.00000             6.42059
2.96000            -6.35695            0.937637             0.00000             6.42573
2.97000            -6.36384            0.925628             0.00000             6.43080
2.98000            -6.37063            0.913605             0.00000             6.43581
2.99000            -6.37733            0.901568             0.00000             6.44074
3.00000            -6.38393            0.889518             0.00000             6.44560
3.01000            -6.39044            0.877455             0.00000             6.45040
3.02000            -6.39685            0.865379             0.00000             6.45512
3.03000            -6.40318            0.853290             0.00000             6.45978
3.04000            -6.40940            0.841189             0.00000             6.46437
3.05000            -6.41554            0.829075             0.00000             6.46889
3.06000            -6.42158            0.816950             0.00000             6.47334
3.07000            -6.42752            0.804812             0.00000             6.47772
3.08000            -6.43338            0.792663             0.00000             6.48203
3.09000            -6.43914            0.780503             0.00000             6.48627
3.10000            -6.44481            0.768331             0.00000             6.49044
3.11000            -6.45038            0.756148             0.00000             6.49455
3.12000            -6.45586            0.743954             0.00000             6.49859
3.13000            -6.46125            0.731749             0.00000             6.50255
3.14000            -6.46654            0.719534             0.00000             6.50645
3.15000            -6.47175            0.707308             0.00000             6.51028
3.16000            -6.47686            0.695073             0.00000             6.51405
3.17000            -6.48188            0.682827             0.00000             6.51774
3.18000            -6.48680            0.670572             0.00000             6.52137
3.19000            -6.49163            0.658307             0.00000             6.52493
3.20000            -6.49637            0.646033             0.00000             6.52842
3.21000            -6.50102            0.633750             0.00000             6.53184
3.22000            -6.50558            0.621458             0.00000             6.53519
3.23000            -6.51004            0.609157             0.00000             6.53848
3.24000            -6.51442            0.596847             0.00000             6.54170
3.25000            -6.51870            0.584529             0.00000             6.54485
3.26000            -6.52289            0.572203             0.00000             6.54793
3.27000            -6.52698            0.559868             0.00000             6.55095
3.28000            -6.53099            0.547526             0.00000             6.55390
3.29000            -6.53490            0.535176             0.00000             6.55678
3.30000            -6.53872            0.522819             0.00000             6.55959
3.31000            -6.54245            0.510454             0.00000             6.56234
3.32000            -6.54609            0.498082             0.00000             6.56502
3.33000            -6.54964            0.485703             0.00000             6.56763
3.34000            -6.55310            0.473318             0.00000             6.57017
3.35000            -6.55646            0.460926             0.00000             6.57265
3.36000            -6.55974            0.448527             0.00000             6.57506
3.37000            -6.56292            0.436122             0.00000             6.57740
3.38000            -6.56601            0.423711             0.00000             6.57967
3.39000            -6.56902            0.411295             0.00000             6.58188
3.40000            -6.57193            0.398872             0.00000             6.58402
3.41000            -6.57475            0.386444             0.00000             6.58609
3.42000            -6.57747            0.374011             0.00000             6.58810
3.43000            -6.58011            0.361573             0.00000             6.59004
3.44000            -6.58266            0.349129             0.00000             6.59191
3.45000            -6.58511            0.336681             0.00000             6.59372
3.46000            -6.58748            0.324228             0.00000             6.59545
3.47000            -6.58976            0.311771             0.00000             6.59713
3.48000            -6.59194            0.299309             0.00000             6.59873
3.49000            -6.59403            0.286843             0.00000             6.60027
3.50000            -6.59604            0.274374             0.00000             6.60174
3.51000            -6.59795            0.261900             0.00000             6.60315
3.52000            -6.59977            0.249423             0.00000             6.60448
3.53000            -6.60150            0.236943             0.00000             6.60575
3.54000            -6.60314            0.224459             0.00000             6.60696
3.55000            -6.60470            0.211972             0.00000             6.60810
3.56000            -6.60616            0.199483             0.00000             6.60917
3.57000            -6.60753            0.186990             0.00000             6.61017
3.58000            -6.60881            0.174495             0.00000             6.61111
3.59000            -6.61000            0.161998             0.00000             6.61198
3.60000            -6.61110            0.149499             0.00000             6.61279
3.61000            -6.61210            0.136997             0.00000             6.61352
3.62000            -6.61302            0.124494             0.00000             6.61420
3.63000            -6.61385            0.111988             0.00000             6.61480
3.64000            -6.61459           0.0994817             0.00000             6.61534
3.65000            -6.61524           0.0869737             0.00000             6.61581
3.66000            -6.61580           0.0744645             0.00000             6.61622
3.67000            -6.61627           0.0619542             0.00000             6.61656
3.68000            -6.61664           0.0494432             0.00000             6.61683
3.69000            -6.61693           0.0369314             0.00000             6.61703
3.70000            -6.61713           0.0244192             0.00000             6.61717
3.71000            -6.61724           0.0119066             0.00000             6.61725
3.72000            -6.61725        -0.000606175             0.00000             6.61725
3.73000            -6.61718          -0.0131189             0.00000             6.61719
3.74000            -6.61702          -0.0256315             0.00000             6.61707
3.75000            -6.61676          -0.0381437             0.00000             6.61687
3.76000            -6.61642          -0.0506554             0.00000             6.61661
3.77000            -6.61599          -0.0631664             0.00000             6.61629
3.78000            -6.61546          -0.0756765             0.00000             6.61589
3.79000            -6.61485          -0.0881856             0.00000             6.61544
3.80000            -6.61414           -0.100694             0.00000             6.61491
3.81000            -6.61335           -0.113200             0.00000             6.61432
3.82000            -6.61246           -0.125705             0.00000             6.61366
3.83000            -6.61149           -0.138208             0.00000             6.61293
3.84000            -6.61042           -0.150710             0.00000             6.61214
3.85000            -6.60927           -0.163209             0.00000             6.61128
3.86000            -6.60802           -0.175706             0.00000             6.61036
3.87000            -6.60669           -0.188201             0.00000             6.60937
3.88000            -6.60526           -0.200693             0.00000             6.60831
3.89000            -6.60374           -0.213182             0.00000             6.60718
3.90000            -6.60214           -0.225669             0.00000             6.60599
3.91000            -6.60044           -0.238152             0.00000             6.60473
3.92000            -6.59865           -0.250632             0.00000             6.60341
3.93000            -6.59677           -0.263109             0.00000             6.60202
3.94000            -6.59480           -0.275582             0.00000             6.60056
3.95000            -6.59274           -0.288051             0.00000             6.59903
3.96000            -6.59059           -0.300517             0.00000             6.59744
3.97000            -6.58835           -0.312978             0.00000             6.59578
3.98000            -6.58602           -0.325435             0.00000             6.59406
3.99000            -6.58360           -0.337887             0.00000             6.59226
4.00000            -6.58109           -0.350335             0.00000             6.59040
4.01000            -6.57848           -0.362778             0.00000             6.58848
4.02000            -6.57579           -0.375216             0.00000             6.58648
4.03000            -6.57300           -0.387648             0.00000             6.58442
4.04000            -6.57013           -0.400076             0.00000             6.58230
4.05000            -6.56716           -0.412498             0.00000             6.58010
4.06000            -6.56410           -0.424914             0.00000             6.57784
4.07000            -6.56095           -0.437324             0.00000             6.57551
4.08000            -6.55771           -0.449728             0.00000             6.57312
4.09000            -6.55438           -0.462126             0.00000             6.57065
4.10000            -6.55096           -0.474517             0.00000             6.56812
4.11000            -6.54744           -0.486902             0.00000             6.56552
4.12000            -6.54384           -0.499280             0.00000             6.56286
4.13000            -6.54014           -0.511651             0.00000             6.56013
4.14000            -6.53635           -0.524015             0.00000             6.55733
4.15000            -6.53247           -0.536372             0.00000             6.55446
4.16000            -6.52850           -0.548721             0.00000             6.55152
4.17000            -6.52444           -0.561062             0.00000             6.54852
4.18000            -6.52029           -0.573396             0.00000             6.54545
4.19000            -6.51604           -0.585721             0.00000             6.54231
4.20000            -6.51170           -0.598038             0.00000             6.53911
4.21000            -6.50727           -0.610347             0.00000             6.53583
4.22000            -6.50275           -0.622647             0.00000             6.53249
4.23000            -6.49814           -0.634938             0.00000             6.52908
4.24000            -6.49343           -0.647221             0.00000             6.52560
4.25000            -6.48863           -0.659494             0.00000             6.52206
4.26000            -6.48374           -0.671757             0.00000             6.51845
4.27000            -6.47876           -0.684011             0.00000             6.51476
4.28000            -6.47368           -0.696256             0.00000             6.51101
4.29000            -6.46851           -0.708490             0.00000             6.50720
4.30000            -6.46325           -0.720714             0.00000             6.50331
4.31000            -6.45790           -0.732928             0.00000             6.49935
4.32000            -6.45245           -0.745132             0.00000             6.49533
4.33000            -6.44691           -0.757324             0.00000             6.49124
4.34000            -6.44128           -0.769506             0.00000             6.48708
4.35000            -6.43555           -0.781676             0.00000             6.48285
4.36000            -6.42973           -0.793836             0.00000             6.47855
4.37000            -6.42382           -0.805983             0.00000             6.47418
4.38000            -6.41781           -0.818119             0.00000             6.46975
4.39000            -6.41171           -0.830243             0.00000             6.46524
4.40000            -6.40552           -0.842355             0.00000             6.46067
4.41000            -6.39923           -0.854455             0.00000             6.45603
4.42000            -6.39285           -0.866542             0.00000             6.45131
4.43000            -6.38638           -0.878616             0.00000             6.44653
4.44000            -6.37981           -0.890677             0.00000             6.44168
4.45000            -6.37315           -0.902726             0.00000             6.43676
4.46000            -6.36639           -0.914761             0.00000             6.43177
4.47000            -6.35954           -0.926782             0.00000             6.42671
4.48000            -6.35259           -0.938789             0.00000             6.42158
4.49000            -6.34555           -0.950783             0.00000             6.41638
4.50000            -6.33841           -0.962762             0.00000             6.41111
4.51000            -6.33118           -0.974727             0.00000             6.40577
4.52000            -6.32385           -0.986677             0.00000             6.40036
4.53000            -6.31643           -0.998612             0.00000             6.39488
4.54000            -6.30892            -1.01053             0.00000             6.38933
4.55000            -6.30130            -1.02244             0.00000             6.38371
4.56000            -6.29360            -1.03433             0.00000             6.37802
4.57000            -6.28579            -1.04620             0.00000             6.37226
4.58000            -6.27789            -1.05806             0.00000             6.36643
4.59000            -6.26990            -1.06990             0.00000             6.36053
4.60000            -6.26180            -1.08173             0.00000             6.35455
4.61000            -6.25362            -1.09353             0.00000             6.34851
4.62000            -6.24533            -1.10533             0.00000             6.34239
4.63000            -6.23695            -1.11710             0.00000             6.33620
4.64000            -6.22847            -1.12886             0.00000             6.32994
4.65000            -6.21990            -1.14060             0.00000             6.32361
4.66000            -6.21123            -1.15232             0.00000             6.31721
4.67000            -6.20246            -1.16402             0.00000             6.31074
4.68000            -6.19359            -1.17571             0.00000             6.30419
4.69000            -6.18463            -1.18738             0.00000             6.29757
4.70000            -6.17556            -1.19902             0.00000             6.29088
4.71000            -6.16640            -1.21065             0.00000             6.28412
4.72000            -6.15714            -1.22226             0.00000             6.27729
4.73000            -6.14779            -1.23385             0.00000             6.27038
4.74000            -6.13833            -1.24542             0.00000             6.26340
4.75000            -6.12878            -1.25697             0.00000             6.25635
4.76000            -6.11913            -1.26850             0.00000             6.24923
4.77000            -6.10938            -1.28001             0.00000             6.24203
4.78000            -6.09953            -1.29150             0.00000             6.23476
4.79000            -6.08958            -1.30297             0.00000             6.22741
4.80000            -6.07953            -1.31442             0.00000             6.21999
4.81000            -6.06938            -1.32584             0.00000             6.21250
4.82000            -6.05913            -1.33725             0.00000             6.20494
4.83000            -6.04878            -1.34863             0.00000             6.19730
4.84000            -6.03833            -1.35999             0.00000             6.18959
4.85000            -6.02778            -1.37132             0.00000             6.18180
4.86000            -6.01713            -1.38264             0.00000             6.17394
4.87000            -6.00638            -1.39393             0.00000             6.16600
4.88000            -5.99552            -1.40519             0.00000             6.15799
4.89000            -5.98457            -1.41644             0.00000             6.14991
4.90000            -5.97351            -1.42766             0.00000             6.14175
4.91000            -5.96236            -1.43885             0.00000             6.13351
4.92000            -5.95110            -1.45002             0.00000             6.12520
4.93000            -5.93973            -1.46116             0.00000             6.11682
4.94000            -5.92827            -1.47228             0.00000             6.10836
4.95000            -5.91670            -1.48338             0.00000             6.09982
4.96000            -5.90503            -1.49445             0.00000             6.09121
4.97000            -5.89326            -1.50549             0.00000             6.08252
4.98000            -5.88138            -1.51651             0.00000             6.07375
4.99000            -5.86940            -1.52750             0.00000             6.06491
5.00000            -5.85732            -1.53846             0.00000             6.05599
5.01000            -5.84513            -1.54939             0.00000             6.04700
5.02000            -5.83284            -1.56030             0.00000             6.03793
5.03000            -5.82044            -1.57118             0.00000             6.02878
5.04000            -5.80794            -1.58203             0.00000             6.01955
5.05000            -5.79533            -1.59285             0.00000             6.01025
5.06000            -5.78262            -1.60365             0.00000             6.00087
5.07000            -5.76980            -1.61441             0.00000             5.99141
5.08000            -5.75688            -1.62514             0.00000             5.98187
5.09000            -5.74385            -1.63585             0.00000             5.97225
5.10000            -5.73071            -1.64652             0.00000             5.96256
5.11000            -5.71747            -1.65717             0.00000             5.95279
5.12000            -5.70412            -1.66778             0.00000             5.94293
5.13000            -5.69066            -1.67836             0.00000             5.93300
5.14000            -5.67710            -1.68891             0.00000             5.92299
5.15000            -5.66342            -1.69943             0.00000             5.91290
5.16000            -5.64964            -1.70991             0.00000             5.90273
5.17000            -5.63575            -1.72036             0.00000             5.89248
5.18000            -5.62175            -1.73078             0.00000             5.88215
5.19000            -5.60765            -1.74117             0.00000             5.87174
5.20000            -5.59343            -1.75152             0.00000             5.86125
5.21000            -5.57910            -1.76183             0.00000             5.85068
5.22000            -5.56467            -1.77212             0.00000             5.84003
5.23000            -5.55012            -1.78236             0.00000             5.82929
5.24000            -5.53546            -1.79258             0.00000             5.81848
5.25000            -5.52069            -1.80275             0.00000             5.80758
5.26000            -5.50582            -1.81289             0.00000             5.79660
5.27000            -5.49082            -1.82299             0.00000             5.78554
5.28000            -5.47572            -1.83306             0.00000             5.77439
5.29000            -5.46051            -1.84309             0.00000             5.76317
5.30000            -5.44518            -1.85308             0.00000             5.75186
5.31000            -5.42974            -1.86303             0.00000             5.74046
5.32000            -5.41418            -1.87294             0.00000             5.72899
5.33000            -5.39851            -1.88281             0.00000             5.71742
5.34000            -5.38273            -1.89265             0.00000             5.70578
5.35000            -5.36684            -1.90244             0.00000             5.69405
5.36000            -5.35083            -1.91219             0.00000             5.68224
5.37000            -5.33470            -1.92190             0.00000             5.67034
5.38000            -5.31846            -1.93157             0.00000             5.65835
5.39000            -5.30210            -1.94120             0.00000             5.64628
5.40000            -5.28563            -1.95079             0.00000             5.63413
5.41000            -5.26903            -1.96033             0.00000             5.62189
5.42000            -5.25233            -1.96983             0.00000             5.60956
5.43000            -5.23550            -1.97928             0.00000             5.59715
5.44000            -5.21856            -1.98869             0.00000             5.58464
5.45000            -5.20150            -1.99805             0.00000             5.57206
5.46000            -5.18432            -2.00737             0.00000             5.55938
5.47000            -5.16702            -2.01665             0.00000             5.54662
5.48000            -5.14960            -2.02587             0.00000             5.53376
5.49000            -5.13206            -2.03505             0.00000             5.52082
5.50000            -5.11440            -2.04418             0.00000             5.50779
5.51000            -5.09662            -2.05327             0.00000             5.49468
5.52000            -5.07872            -2.06230             0.00000             5.48147
5.53000            -5.06070            -2.07129             0.00000             5.46817
5.54000            -5.04255            -2.08022             0.00000             5.45478
5.55000            -5.02429            -2.08911             0.00000             5.44131
5.56000            -5.00589            -2.09794             0.00000             5.42774
5.57000            -4.98738            -2.10672             0.00000             5.41408
5.58000            -4.96874            -2.11545             0.00000             5.40033
5.59000            -4.94998            -2.12412             0.00000             5.38648
5.60000            -4.93109            -2.13275             0.00000             5.37255
5.61000            -4.91208            -2.14131             0.00000             5.35852
5.62000            -4.89294            -2.14983             0.00000             5.34440
5.63000            -4.87367            -2.15828             0.00000             5.33018
5.64000            -4.85428            -2.16668             0.00000             5.31588
5.65000            -4.83476            -2.17503             0.00000             5.30147
5.66000            -4.81511            -2.18332             0.00000             5.28698
5.67000            -4.79533            -2.19154             0.00000             5.27239
5.68000            -4.77542            -2.19971             0.00000             5.25770
5.69000            -4.75539            -2.20782             0.00000             5.24292
5.70000            -4.73522            -2.21587             0.00000             5.22804
5.71000            -4.71492            -2.22386             0.00000             5.21306
5.72000            -4.69449            -2.23178             0.00000             5.19799
5.73000            -4.67393            -2.23965             0.00000             5.18282
5.74000            -4.65324            -2.24745             0.00000             5.16756
5.75000            -4.63241            -2.25518             0.00000             5.15219
5.76000            -4.61145            -2.26285             0.00000             5.13673
5.77000            -4.59036            -2.27046             0.00000             5.12117
5.78000            -4.56913            -2.27799             0.00000             5.10551
5.79000            -4.54776            -2.28546             0.00000             5.08974
5.80000            -4.52626            -2.29286             0.00000             5.07388
5.81000            -4.50462            -2.30020             0.00000             5.05792
5.82000            -4.48285            -2.30746             0.00000             5.04185
5.83000            -4.46093            -2.31465             0.00000             5.02569
5.84000            -4.43888            -2.32177             0.00000             5.00942
5.85000            -4.41669            -2.32881             0.00000             4.99305
5.86000            -4.39436            -2.33579             0.00000             4.97657
5.87000            -4.37189            -2.34268             0.00000             4.96000
5.88000            -4.34927            -2.34950             0.00000             4.94331
5.89000            -4.32652            -2.35625             0.00000             4.92653
5.90000            -4.30362            -2.36292             0.00000             4.90963
5.91000            -4.28057            -2.36950             0.00000             4.89263
5.92000            -4.25739            -2.37601             0.00000             4.87553
5.93000            -4.23406            -2.38244             0.00000             4.85832
5.94000            -4.21058            -2.38878             0.00000             4.84100
5.95000            -4.18695            -2.39505             0.00000             4.82357
5.96000            -4.16318            -2.40122             0.00000             4.80603
5.97000            -4.13926            -2.40732             0.00000             4.78839
5.98000            -4.11519            -2.41332             0.00000             4.77063
5.99000            -4.09098            -2.41924             0.00000             4.75277
6.00000            -4.06661            -2.42507             0.00000             4.73479
6.01000            -4.04209            -2.43081             0.00000             4.71671
6.02000            -4.01742            -2.43646             0.00000             4.69851
6.03000            -3.99259            -2.44201             0.00000             4.68019
6.04000            -3.96761            -2.44747             0.00000             4.66177
6.05000            -3.94248            -2.45284             0.00000             4.64323
6.06000            -3.91719            -2.45811             0.00000             4.62457
6.07000            -3.89175            -2.46328             0.00000             4.60580
6.08000            -3.86615            -2.46835             0.00000             4.58692
6.09000            -3.84039            -2.47332             0.00000             4.56792
6.10000            -3.81447            -2.47819             0.00000             4.54880
6.11000            -3.78839            -2.48295             0.00000             4.52956
6.12000            -3.76215            -2.48761             0.00000             4.51020
6.13000            -3.73574            -2.49216             0.00000             4.49073
6.14000            -3.70918            -2.49660             0.00000             4.47113
6.15000            -3.68245            -2.50093             0.00000             4.45142
6.16000            -3.65556            -2.50515             0.00000             4.43158
6.17000            -3.62850            -2.50926             0.00000             4.41162
6.18000            -3.60127            -2.51325             0.00000             4.39154
6.19000            -3.57388            -2.51713             0.00000             4.37133
6.20000            -3.54631            -2.52088             0.00000             4.35100
6.21000            -3.51858            -2.52451             0.00000             4.33054
6.22000            -3.49068            -2.52803             0.00000             4.30996
6.23000            -3.46260            -2.53141             0.00000             4.28925
6.24000            -3.43435            -2.53467             0.00000             4.26841
6.25000            -3.40593            -2.53781             0.00000             4.24745
6.26000            -3.37733            -2.54081             0.00000             4.22635
6.27000            -3.34855            -2.54367             0.00000             4.20513
6.28000            -3.31960            -2.54641             0.00000             4.18377
6.29000            -3.29047            -2.54900             0.00000             4.16228
6.30000            -3.26115            -2.55146             0.00000             4.14066
6.31000            -3.23166            -2.55377             0.00000             4.11891
6.32000            -3.20198            -2.55594             0.00000             4.09702
6.33000            -3.17212            -2.55797             0.00000             4.07499
6.34000            -3.14208            -2.55984             0.00000             4.05283
6.35000            -3.11185            -2.56156             0.00000             4.03053
6.36000            -3.08143            -2.56313             0.00000             4.00810
6.37000            -3.05082            -2.56454             0.00000             3.98552
6.38000            -3.02002            -2.56579             0.00000             3.96280
6.39000            -2.98903            -2.56688             0.00000             3.93995
6.40000            -2.95785            -2.56780             0.00000             3.91695
6.41000            -2.92647            -2.56856             0.00000             3.89380
6.42000            -2.89490            -2.56914             0.00000             3.87052
6.43000            -2.86313            -2.56954             0.00000             3.84708
6.44000            -2.83116            -2.56977             0.00000             3.82350
6.45000            -2.79899            -2.56982             0.00000             3.79978
6.46000            -2.76662            -2.56968             0.00000             3.77590
6.47000            -2.73404            -2.56936             0.00000             3.75188
6.48000            -2.70127            -2.56884             0.00000             3.72770
6.49000            -2.66828            -2.56812             0.00000             3.70338
6.50000            -2.63509            -2.56721             0.00000             3.67890
6.51000            -2.60169            -2.56609             0.00000             3.65426
6.52000            -2.56808            -2.56477             0.00000             3.62948
6.53000            -2.53426            -2.56323             0.00000             3.60453
6.54000            -2.50023            -2.56148             0.00000             3.57943
6.55000            -2.46597            -2.55951             0.00000             3.55417
6.56000            -2.43151            -2.55731             0.00000             3.52875
6.57000            -2.39682            -2.55488             0.00000             3.50316
6.58000            -2.36191            -2.55222             0.00000             3.47742
6.59000            -2.32679            -2.54932             0.00000             3.45151
6.60000            -2.29143            -2.54617             0.00000             3.42544
6.61000            -2.25586            -2.54277             0.00000             3.39920
6.62000            -2.22005            -2.53912             0.00000             3.37280
6.63000            -2.18402            -2.53520             0.00000             3.34622
6.64000            -2.14776            -2.53102             0.00000             3.31948
6.65000            -2.11127            -2.52657             0.00000             3.29257
6.66000            -2.07454            -2.52184             0.00000             3.26548
6.67000            -2.03758            -2.51682             0.00000             3.23822
6.68000            -2.00038            -2.51150             0.00000             3.21079
6.69000            -1.96294            -2.50589             0.00000             3.18318
6.70000            -1.92526            -2.49997             0.00000             3.15539
6.71000            -1.88734            -2.49374             0.00000             3.12743
6.72000            -1.84918            -2.48719             0.00000             3.09928
6.73000            -1.81077            -2.48030             0.00000             3.07096
6.74000            -1.77211            -2.47308             0.00000             3.04245
6.75000            -1.73321            -2.46551             0.00000             3.01376
6.76000            -1.69406            -2.45759             0.00000             2.98489
6.77000            -1.65465            -2.44930             0.00000             2.95583
6.78000            -1.61499            -2.44063             0.00000             2.92658
6.79000            -1.57508            -2.43159             0.00000             2.89715
6.80000            -1.53491            -2.42214             0.00000             2.86753
6.81000            -1.49448            -2.41229             0.00000             2.83772
6.82000            -1.45380            -2.40203             0.00000             2.80772
6.83000            -1.41286            -2.39134             0.00000             2.77753
6.84000            -1.37165            -2.38020             0.00000             2.74714
6.85000            -1.33019            -2.36861             0.00000             2.71657
6.86000            -1.28846            -2.35656             0.00000             2.68580
6.87000            -1.24647            -2.34403             0.00000             2.65484
6.88000            -1.20422            -2.33100             0.00000             2.62368
6.89000            -1.16171            -2.31746             0.00000             2.59233
6.90000            -1.11893            -2.30340             0.00000             2.56079
6.91000            -1.07589            -2.28879             0.00000             2.52905
6.92000            -1.03258            -2.27363             0.00000             2.49712
6.93000           -0.989016            -2.25789             0.00000             2.46500
6.94000           -0.945189            -2.24155             0.00000             2.43268
6.95000           -0.901103            -2.22460             0.00000             2.40018
6.96000           -0.856760            -2.20702             0.00000             2.36748
6.97000           -0.812162            -2.18878             0.00000             2.33460
6.98000           -0.767312            -2.16985             0.00000             2.30153
6.99000           -0.722214            -2.15023             0.00000             2.26828
7.00000           -0.676871            -2.12988             0.00000             2.23485
7.01000           -0.631289            -2.10878             0.00000             2.20124
7.02000           -0.585473            -2.08689             0.00000             2.16746
7.03000           -0.539430            -2.06420             0.00000             2.13352
7.04000           -0.493168            -2.04067             0.00000             2.09941
7.05000           -0.446695            -2.01626             0.00000             2.06515
7.06000           -0.400022            -1.99096             0.00000             2.03074
7.07000           -0.353161            -1.96471             0.00000             1.99620
7.08000           -0.306124            -1.93749             0.00000             1.96152
7.09000           -0.258928            -1.90925             0.00000             1.92673
7.10000           -0.211588            -1.87997             0.00000             1.89184
7.11000           -0.164125            -1.84958             0.00000             1.85685
7.12000           -0.116561            -1.81806             0.00000             1.82179
7.13000          -0.0689204            -1.78535             0.00000             1.78668
7.14000          -0.0212323            -1.75140             0.00000             1.75153
7.15000           0.0264713            -1.71616             0.00000             1.71637
7.16000           0.0741543            -1.67959             0.00000             1.68123
7.17000            0.121776            -1.64162             0.00000             1.64613
7.18000            0.169289            -1.60220             0.00000             1.61112
7.19000            0.216643            -1.56126             0.00000             1.57622
7.20000            0.263778            -1.51875             0.00000             1.54149
7.21000            0.310630            -1.47461             0.00000             1.50697
7.22000            0.357122            -1.42876             0.00000             1.47272
7.23000            0.403174            -1.38115             0.00000             1.43879
7.24000            0.448691            -1.33171             0.00000             1.40526
7.25000            0.493569            -1.28037             0.00000             1.37221
7.26000            0.537694            -1.22707             0.00000             1.33971
7.27000            0.580936            -1.17176             0.00000             1.30787
7.28000            0.623152            -1.11439             0.00000             1.27678
7.29000            0.664187            -1.05490             0.00000             1.24658
7.30000            0.703868           -0.993257             0.00000             1.21737
7.31000            0.742008           -0.929443             0.00000             1.18930
7.32000            0.778408           -0.863448             0.00000             1.16252
7.33000            0.812851           -0.795284             0.00000             1.13719
7.34000            0.845113           -0.724984             0.00000             1.11347
7.35000            0.874957           -0.652611             0.00000             1.09154
7.36000            0.902146           -0.578258             0.00000             1.07156
7.37000            0.926440           -0.502048             0.00000             1.05373
7.38000            0.947608           -0.424145             0.00000             1.03820
7.39000            0.965433           -0.344746             0.00000             1.02514
7.40000            0.979720           -0.264083             0.00000             1.01469
7.41000            0.990305           -0.182422             0.00000             1.00697
7.42000            0.997060           -0.100056             0.00000             1.00207
7.43000            0.999904          -0.0172970             0.00000             1.00005
7.44000            0.998802           0.0655300             0.00000             1.00095
7.45000            0.993767            0.148099             0.00000             1.00474
7.46000            0.984864            0.230092             0.00000             1.01138
7.47000            0.972203            0.311206             0.00000             1.02080
7.48000            0.955934            0.391166             0.00000             1.03287
7.49000            0.936240            0.469724             0.00000             1.04747
7.50000            0.913329            0.546668             0.00000             1.06443
7.51000            0.887429            0.621823             0.00000             1.08360
7.52000            0.858776            0.695049             0.00000             1.10480
7.53000            0.827608            0.766240             0.00000             1.12786
7.54000            0.794163            0.835322             0.00000             1.15259
7.55000            0.758671            0.902251             0.00000             1.17883
7.56000            0.721350            0.967005             0.00000             1.20642
7.57000            0.682407             1.02959             0.00000             1.23520
7.58000            0.642035             1.09001             0.00000             1.26504
7.59000            0.600411             1.14831             0.00000             1.29580
7.60000            0.557697             1.20452             0.00000             1.32736
7.61000            0.514042             1.25870             0.00000             1.35962
7.62000            0.469580             1.31091             0.00000             1.39247
7.63000            0.424431             1.36119             0.00000             1.42583
7.64000            0.378703             1.40963             0.00000             1.45961
7.65000            0.332495             1.45627             0.00000             1.49374
7.66000            0.285894             1.50119             0.00000             1.52817
7.67000            0.238976             1.54445             0.00000             1.56283
7.68000            0.191810             1.58611             0.00000             1.59766
7.69000            0.144459             1.62623             0.00000             1.63264
7.70000           0.0969775             1.66488             0.00000             1.66770
7.71000           0.0494130             1.70211             0.00000             1.70283
7.72000          0.00180904             1.73799             0.00000             1.73799
7.73000          -0.0457963             1.77255             0.00000             1.77314
7.74000          -0.0933692             1.80586             0.00000             1.80827
7.75000           -0.140880             1.83797             0.00000             1.84336
7.76000           -0.188302             1.86891             0.00000             1.87837
7.77000           -0.235611             1.89874             0.00000             1.91331
7.78000           -0.282788             1.92750             0.00000             1.94814
7.79000           -0.329814             1.95524             0.00000             1.98286
7.80000           -0.376673             1.98198             0.00000             2.01746
7.81000           -0.423350             2.00777             0.00000             2.05192
7.82000           -0.469835             2.03264             0.00000             2.08624
7.83000           -0.516115             2.05663             0.00000             2.12040
7.84000           -0.562181             2.07977             0.00000             2.15441
7.85000           -0.608025             2.10208             0.00000             2.18825
7.86000           -0.653641             2.12361             0.00000             2.22193
7.87000           -0.699021             2.14437             0.00000             2.25543
7.88000           -0.744160             2.16439             0.00000             2.28875
7.89000           -0.789054             2.18370             0.00000             2.32188
7.90000           -0.833700             2.20232             0.00000             2.35484
7.91000           -0.878094             2.22027             0.00000             2.38761
7.92000           -0.922232             2.23758             0.00000             2.42019
7.93000           -0.966114             2.25427             0.00000             2.45257
7.94000            -1.00974             2.27036             0.00000             2.48477
7.95000            -1.05310             2.28586             0.00000             2.51678
7.96000            -1.09620             2.30079             0.00000             2.54859
7.97000            -1.13905             2.31517             0.00000             2.58021
7.98000            -1.18163             2.32903             0.00000             2.61163
7.99000            -1.22394             2.34236             0.00000             2.64286
8.00000            -1.26600             2.35520             0.00000             2.67390
8.01000            -1.30779             2.36755             0.00000             2.70474
8.02000            -1.34933             2.37943             0.00000             2.73539
8.03000            -1.39060             2.39085             0.00000             2.76585
8.04000            -1.43161             2.40182             0.00000             2.79611
8.05000            -1.47237             2.41236             0.00000             2.82619
8.06000            -1.51287             2.42247             0.00000             2.85607
8.07000            -1.55311             2.43218             0.00000             2.88577
8.08000            -1.59310             2.44149             0.00000             2.91527
8.09000            -1.63283             2.45040             0.00000             2.94459
8.10000            -1.67231             2.45894             0.00000             2.97372
8.11000            -1.71154             2.46711             0.00000             3.00266
8.12000            -1.75052             2.47492             0.00000             3.03143
8.13000            -1.78925             2.48238             0.00000             3.06000
8.14000            -1.82773             2.48950             0.00000             3.08840
8.15000            -1.86597             2.49628             0.00000             3.11661
8.16000            -1.90397             2.50274             0.00000             3.14464
8.17000            -1.94172             2.50888             0.00000             3.17250
8.18000            -1.97924             2.51471             0.00000             3.20018
8.19000            -2.01651             2.52023             0.00000             3.22768
8.20000            -2.05355             2.52546             0.00000             3.25500
8.21000            -2.09036             2.53041             0.00000             3.28216
8.22000            -2.12693             2.53507             0.00000             3.30914
8.23000            -2.16327             2.53945             0.00000             3.33595
8.24000            -2.19938             2.54356             0.00000             3.36258
8.25000            -2.23526             2.54741             0.00000             3.38905
8.26000            -2.27091             2.55100             0.00000             3.41536
8.27000            -2.30634             2.55434             0.00000             3.44149
8.28000            -2.34155             2.55743             0.00000             3.46746
8.29000            -2.37653             2.56028             0.00000             3.49327
8.30000            -2.41130             2.56289             0.00000             3.51891
8.31000            -2.44584             2.56527             0.00000             3.54440
8.32000            -2.48017             2.56742             0.00000             3.56972
8.33000            -2.51428             2.56935             0.00000             3.59488
8.34000            -2.54818             2.57106             0.00000             3.61989
8.35000            -2.58187             2.57256             0.00000             3.64474
8.36000            -2.61535             2.57384             0.00000             3.66943
8.37000            -2.64862             2.57492             0.00000             3.69397
8.38000            -2.68168             2.57580             0.00000             3.71835
8.39000            -2.71453             2.57648             0.00000             3.74259
8.40000            -2.74718             2.57697             0.00000             3.76667
8.41000            -2.77963             2.57727             0.00000             3.79060
8.42000            -2.81188             2.57738             0.00000             3.81438
8.43000            -2.84392             2.57731             0.00000             3.83802
8.44000            -2.87577             2.57705             0.00000             3.86151
8.45000            -2.90742             2.57662             0.00000             3.88485
8.46000            -2.93887             2.57602             0.00000             3.90805
8.47000            -2.97013             2.57525             0.00000             3.93110
8.48000            -3.00120             2.57430             0.00000             3.95402
8.49000            -3.03208             2.57320             0.00000             3.97679
8.50000            -3.06276             2.57193             0.00000             3.99942
8.51000            -3.09326             2.57051             0.00000             4.02191
8.52000            -3.12357             2.56892             0.00000             4.04426
8.53000            -3.15369             2.56719             0.00000             4.06647
8.54000            -3.18362             2.56530             0.00000             4.08855
8.55000            -3.21338             2.56327             0.00000             4.11049
8.56000            -3.24295             2.56109             0.00000             4.13230
8.57000            -3.27234             2.55877             0.00000             4.15397
8.58000            -3.30154             2.55630             0.00000             4.17551
8.59000            -3.33057             2.55370             0.00000             4.19692
8.60000            -3.35943             2.55096             0.00000             4.21819
8.61000            -3.38810             2.54809             0.00000             4.23934
8.62000            -3.41660             2.54509             0.00000             4.26035
8.63000            -3.44492             2.54195             0.00000             4.28124
8.64000            -3.47308             2.53869             0.00000             4.30200
8.65000            -3.50106             2.53530             0.00000             4.32263
8.66000            -3.52886             2.53179             0.00000             4.34314
8.67000            -3.55650             2.52815             0.00000             4.36351
8.68000            -3.58397             2.52440             0.00000             4.38377
8.69000            -3.61127             2.52052             0.00000             4.40390
8.70000            -3.63841             2.51653             0.00000             4.42391
8.71000            -3.66538             2.51243             0.00000             4.44379
8.72000            -3.69218             2.50821             0.00000             4.46355
8.73000            -3.71882             2.50388             0.00000             4.48320
8.74000            -3.74530             2.49945             0.00000             4.50272
8.75000            -3.77161             2.49490             0.00000             4.52212
8.76000            -3.79776             2.49025             0.00000             4.54140
8.77000            -3.82376             2.48549             0.00000             4.56057
8.78000            -3.84959             2.48063             0.00000             4.57962
8.79000            -3.87527             2.47566             0.00000             4.59855
8.80000            -3.90079             2.47060             0.00000             4.61736
8.81000            -3.92615             2.46544             0.00000             4.63606
8.82000            -3.95136             2.46018             0.00000             4.65464
8.83000            -3.97641             2.45482             0.00000             4.67311
8.84000            -4.00131             2.44937             0.00000             4.69147
8.85000            -4.02605             2.44382             0.00000             4.70971
8.86000            -4.05065             2.43818             0.00000             4.72784
8.87000            -4.07509             2.43246             0.00000             4.74586
8.88000            -4.09938             2.42664             0.00000             4.76377
8.89000            -4.12352             2.42073             0.00000             4.78157
8.90000            -4.14751             2.41474             0.00000             4.79925
8.91000            -4.17136             2.40865             0.00000             4.81683
8.92000            -4.19506             2.40249             0.00000             4.83430
8.93000            -4.21861             2.39624             0.00000             4.85166
8.94000            -4.24201             2.38990             0.00000             4.86891
8.95000            -4.26527             2.38349             0.00000             4.88606
8.96000            -4.28839             2.37700             0.00000             4.90310
8.97000            -4.31136             2.37042             0.00000             4.92003
8.98000            -4.33419             2.36377             0.00000             4.93686
8.99000            -4.35688             2.35704             0.00000             4.95358
9.00000            -4.37942             2.35023             0.00000             4.97020
9.01000            -4.40183             2.34334             0.00000             4.98672
9.02000            -4.42409             2.33639             0.00000             5.00313
9.03000            -4.44622             2.32936             0.00000             5.01943
9.04000            -4.46820             2.32225             0.00000             5.03564
9.05000            -4.49005             2.31508             0.00000             5.05174
9.06000            -4.51176             2.30783             0.00000             5.06775
9.07000            -4.53333             2.30051             0.00000             5.08365
9.08000            -4.55477             2.29313             0.00000             5.09945
9.09000            -4.57607             2.28567             0.00000             5.11515
9.10000            -4.59724             2.27815             0.00000             5.13075
9.11000            -4.61827             2.27056             0.00000             5.14625
9.12000            -4.63917             2.26291             0.00000             5.16165
9.13000            -4.65994             2.25519             0.00000             5.17696
9.14000            -4.68057             2.24741             0.00000             5.19216
9.15000            -4.70107             2.23956             0.00000             5.20727
9.16000            -4.72144             2.23165             0.00000             5.22228
9.17000            -4.74168             2.22368             0.00000             5.23720
9.18000            -4.76179             2.21565             0.00000             5.25202
9.19000            -4.78176             2.20755             0.00000             5.26674
9.20000            -4.80161             2.19940             0.00000             5.28137
9.21000            -4.82133             2.19119             0.00000             5.29590
9.22000            -4.84093             2.18292             0.00000             5.31034
9.23000            -4.86039             2.17459             0.00000             5.32468
9.24000            -4.87973             2.16621             0.00000             5.33893
9.25000            -4.89894             2.15777             0.00000             5.35309
9.26000            -4.91803             2.14928             0.00000             5.36716
9.27000            -4.93698             2.14073             0.00000             5.38113
9.28000            -4.95582             2.13212             0.00000             5.39500
9.29000            -4.97453             2.12346             0.00000             5.40879
9.30000            -4.99311             2.11475             0.00000             5.42249
9.31000            -5.01158             2.10599             0.00000             5.43609
9.32000            -5.02992             2.09717             0.00000             5.44960
9.33000            -5.04813             2.08831             0.00000             5.46303
9.34000            -5.06623             2.07939             0.00000             5.47636
9.35000            -5.08420             2.07042             0.00000             5.48960
9.36000            -5.10205             2.06141             0.00000             5.50275
9.37000            -5.11978             2.05234             0.00000             5.51582
9.38000            -5.13739             2.04323             0.00000             5.52879
9.39000            -5.15488             2.03407             0.00000             5.54168
9.40000            -5.17225             2.02486             0.00000             5.55447
9.41000            -5.18950             2.01560             0.00000             5.56718
9.42000            -5.20663             2.00630             0.00000             5.57981
9.43000            -5.22364             1.99695             0.00000             5.59234
9.44000            -5.24054             1.98756             0.00000             5.60479
9.45000            -5.25732             1.97813             0.00000             5.61715
9.46000            -5.27398             1.96864             0.00000             5.62942
9.47000            -5.29052             1.95912             0.00000             5.64161
9.48000            -5.30695             1.94955             0.00000             5.65372
9.49000            -5.32326             1.93994             0.00000             5.66573
9.50000            -5.33946             1.93029             0.00000             5.67766
9.51000            -5.35554             1.92060             0.00000             5.68951
9.52000            -5.37151             1.91086             0.00000             5.70127
9.53000            -5.38736             1.90109             0.00000             5.71295
9.54000            -5.40310             1.89127             0.00000             5.72454
9.55000            -5.41872             1.88142             0.00000             5.73605
9.56000            -5.43424             1.87152             0.00000             5.74748
9.57000            -5.44963             1.86159             0.00000             5.75882
9.58000            -5.46492             1.85162             0.00000             5.77008
9.59000            -5.48009             1.84161             0.00000             5.78126
9.60000            -5.49515             1.83156             0.00000             5.79235
9.61000            -5.51010             1.82147             0.00000             5.80336
9.62000            -5.52494             1.81135             0.00000             5.81429
9.63000            -5.53967             1.80119             0.00000             5.82514
9.64000            -5.55429             1.79100             0.00000             5.83590
9.65000            -5.56879             1.78077             0.00000             5.84659
9.66000            -5.58319             1.77050             0.00000             5.85719
9.67000            -5.59747             1.76021             0.00000             5.86771
9.68000            -5.61165             1.74987             0.00000             5.87815
9.69000            -5.62572             1.73950             0.00000             5.88851
9.70000            -5.63968             1.72910             0.00000             5.89879
9.71000            -5.65353             1.71867             0.00000             5.90900
9.72000            -5.66727             1.70820             0.00000             5.91912
9.73000            -5.68091             1.69770             0.00000             5.92916
9.74000            -5.69444             1.68717             0.00000             5.93912
9.75000            -5.70786             1.67660             0.00000             5.94900
9.76000            -5.72117             1.66601             0.00000             5.95880
9.77000            -5.73438             1.65538             0.00000             5.96853
9.78000            -5.74747             1.64472             0.00000             5.97817
9.79000            -5.76047             1.63403             0.00000             5.98774
9.80000            -5.77336             1.62331             0.00000             5.99723
9.81000            -5.78614             1.61257             0.00000             6.00664
9.82000            -5.79881             1.60179             0.00000             6.01598
9.83000            -5.81139             1.59098             0.00000             6.02523
9.84000            -5.82385             1.58015             0.00000             6.03441
9.85000            -5.83621             1.56928             0.00000             6.04351
9.86000            -5.84847             1.55839             0.00000             6.05254
9.87000            -5.86063             1.54747             0.00000             6.06149
9.88000            -5.87267             1.53653             0.00000             6.07036
9.89000            -5.88462             1.52555             0.00000             6.07915
9.90000            -5.89646             1.51455             0.00000             6.08787
9.91000            -5.90820             1.50353             0.00000             6.09651
9.92000            -5.91984             1.49247             0.00000             6.10508
9.93000            -5.93137             1.48139             0.00000             6.11357
9.94000            -5.94280             1.47029             0.00000             6.12198
9.95000            -5.95413             1.45916             0.00000             6.13032
9.96000            -5.96536             1.44800             0.00000             6.13859
9.97000            -5.97648             1.43683             0.00000             6.14677
9.98000            -5.98751             1.42562             0.00000             6.15489
9.99000            -5.99843             1.41439             0.00000             6.16293
10.0000            -6.00925             1.40314             0.00000             6.17089
