#Time(Yr)                K_Ea                U_Ea             Etot_Ea                L_Ea
0.00000         0.000118570        -0.000118569         9.10678E-10        7.122286E-10
0.01000000        0.0001183377       -0.0001183359        1.831045E-09        7.122286E-10
0.02000000        0.0001176487       -0.0001176442        4.498018E-09        7.122286E-10
0.03000000        0.0001165294       -0.0001165208        8.648186E-09        7.122286E-10
0.04000000        0.0001150203       -0.0001150064        1.389961E-08        7.122286E-10
0.05000000        0.0001131722       -0.0001131524        1.981868E-08        7.122286E-10
0.06000000        0.0001110423       -0.0001110163        2.598484E-08        7.122286E-10
0.07000000        0.0001086896       -0.0001086576        3.203936E-08        7.122286E-10
0.08000000        0.0001061713       -0.0001061336        3.771191E-08        7.122286E-10
0.09000000        0.0001035403       -0.0001034975        4.282634E-08        7.122286E-10
0.1000000        0.0001008436       -0.0001007963        4.729150E-08        7.122286E-10
0.1100000        9.812083E-05       -9.806974E-05        5.108380E-08        7.122286E-10
0.1200000        9.540507E-05       -9.535084E-05        5.422762E-08        7.122286E-10
0.1300000        9.272248E-05       -9.266570E-05        5.677733E-08        7.122286E-10
0.1400000        9.009327E-05       -9.003447E-05        5.880279E-08        7.122286E-10
0.1500000        8.753242E-05       -8.747205E-05        6.037887E-08        7.122286E-10
0.1600000        8.505054E-05       -8.498896E-05        6.157853E-08        7.122286E-10
0.1700000        8.265463E-05       -8.259216E-05        6.246879E-08        7.122286E-10
0.1800000        8.034884E-05       -8.028573E-05        6.310879E-08        7.122286E-10
0.1900000        7.813506E-05       -7.807151E-05        6.354916E-08        7.122286E-10
0.2000000        7.601348E-05       -7.594965E-05        6.383236E-08        7.122286E-10
0.2100000        7.398299E-05       -7.391900E-05        6.399332E-08        7.122286E-10
0.2200000        7.204153E-05       -7.197747E-05        6.406045E-08        7.122286E-10
0.2300000        7.018640E-05       -7.012234E-05        6.405655E-08        7.122286E-10
0.2400000        6.841443E-05       -6.835043E-05        6.399978E-08        7.122286E-10
0.2500000        6.672221E-05       -6.665830E-05        6.390446E-08        7.122286E-10
0.2600000        6.510614E-05       -6.504236E-05        6.378180E-08        7.122286E-10
0.2700000        6.356259E-05       -6.349895E-05        6.364052E-08        7.122286E-10
0.2800000        6.208794E-05       -6.202445E-05        6.348733E-08        7.122286E-10
0.2900000        6.067863E-05       -6.061530E-05        6.332737E-08        7.122286E-10
0.3000000        5.933122E-05       -5.926806E-05        6.316453E-08        7.122286E-10
0.3100000        5.804239E-05       -5.797939E-05        6.300171E-08        7.122286E-10
0.3200000        5.680896E-05       -5.674612E-05        6.284105E-08        7.122286E-10
0.3300000        5.562790E-05       -5.556521E-05        6.268410E-08        7.122286E-10
0.3400000        5.449633E-05       -5.443380E-05        6.253195E-08        7.122286E-10
0.3500000        5.341156E-05       -5.334917E-05        6.238533E-08        7.122286E-10
0.3600000        5.237101E-05       -5.230876E-05        6.224469E-08        7.122286E-10
0.3700000        5.137227E-05       -5.131016E-05        6.211028E-08        7.122286E-10
0.3800000        5.041307E-05       -5.035108E-05        6.198221E-08        7.122286E-10
0.3900000        4.949127E-05       -4.942941E-05        6.186046E-08        7.122286E-10
0.4000000        4.860488E-05       -4.854314E-05        6.174493E-08        7.122286E-10
0.4100000        4.775201E-05       -4.769038E-05        6.163545E-08        7.122286E-10
0.4200000        4.693091E-05       -4.686938E-05        6.153182E-08        7.122286E-10
0.4300000        4.613990E-05       -4.607847E-05        6.143380E-08        7.122286E-10
0.4400000        4.537745E-05       -4.531611E-05        6.134116E-08        7.122286E-10
0.4500000        4.464210E-05       -4.458085E-05        6.125363E-08        7.122286E-10
0.4600000        4.393247E-05       -4.387130E-05        6.117095E-08        7.122286E-10
0.4700000        4.324729E-05       -4.318620E-05        6.109287E-08        7.122286E-10
0.4800000        4.258535E-05       -4.252433E-05        6.101912E-08        7.122286E-10
0.4900000        4.194551E-05       -4.188456E-05        6.094947E-08        7.122286E-10
0.5000000        4.132672E-05       -4.126584E-05        6.088368E-08        7.122286E-10
0.5100000        4.072798E-05       -4.066715E-05        6.082153E-08        7.122286E-10
0.5200000        4.014833E-05       -4.008757E-05        6.076279E-08        7.122286E-10
0.5300000        3.958690E-05       -3.952619E-05        6.070726E-08        7.122286E-10
0.5400000        3.904285E-05       -3.898220E-05        6.065475E-08        7.122286E-10
0.5500000        3.851540E-05       -3.845479E-05        6.060508E-08        7.122286E-10
0.5600000        3.800380E-05       -3.794324E-05        6.055808E-08        7.122286E-10
0.5700000        3.750735E-05       -3.744684E-05        6.051358E-08        7.122286E-10
0.5800000        3.702540E-05       -3.696493E-05        6.047143E-08        7.122286E-10
0.5900000        3.655732E-05       -3.649689E-05        6.043148E-08        7.122286E-10
0.6000000        3.610252E-05       -3.604213E-05        6.039362E-08        7.122286E-10
0.6100000        3.566045E-05       -3.560009E-05        6.035771E-08        7.122286E-10
0.6200000        3.523057E-05       -3.517024E-05        6.032363E-08        7.122286E-10
0.6300000        3.481238E-05       -3.475209E-05        6.029128E-08        7.122286E-10
0.6400000        3.440542E-05       -3.434516E-05        6.026055E-08        7.122286E-10
0.6500000        3.400924E-05       -3.394901E-05        6.023134E-08        7.122286E-10
0.6600000        3.362340E-05       -3.356320E-05        6.020358E-08        7.122286E-10
0.6700000        3.324751E-05       -3.318734E-05        6.017717E-08        7.122286E-10
0.6800000        3.288119E-05       -3.282103E-05        6.015204E-08        7.122286E-10
0.6900000        3.252406E-05       -3.246393E-05        6.012811E-08        7.122286E-10
0.7000000        3.217579E-05       -3.211568E-05        6.010531E-08        7.122286E-10
0.7100000        3.183604E-05       -3.177595E-05        6.008358E-08        7.122286E-10
0.7200000        3.150449E-05       -3.144443E-05        6.006287E-08        7.122286E-10
0.7300000        3.118087E-05       -3.112082E-05        6.004311E-08        7.122286E-10
0.7400000        3.086486E-05       -3.080484E-05        6.002424E-08        7.122286E-10
0.7500000        3.055622E-05       -3.049621E-05        6.000624E-08        7.122286E-10
0.7600000        3.025467E-05       -3.019469E-05        5.998903E-08        7.122286E-10
0.7700000        2.995998E-05       -2.990001E-05        5.997259E-08        7.122286E-10
0.7800000        2.967190E-05       -2.961195E-05        5.995687E-08        7.122286E-10
0.7900000        2.939022E-05       -2.933028E-05        5.994184E-08        7.122286E-10
0.8000000        2.911471E-05       -2.905479E-05        5.992745E-08        7.122286E-10
0.8100000        2.884518E-05       -2.878526E-05        5.991367E-08        7.122286E-10
0.8200000        2.858142E-05       -2.852152E-05        5.990048E-08        7.122286E-10
0.8300000        2.832325E-05       -2.826336E-05        5.988783E-08        7.122286E-10
0.8400000        2.807049E-05       -2.801061E-05        5.987572E-08        7.122286E-10
0.8500000        2.782296E-05       -2.776310E-05        5.986410E-08        7.122286E-10
0.8600000        2.758051E-05       -2.752066E-05        5.985295E-08        7.122286E-10
0.8700000        2.734297E-05       -2.728313E-05        5.984225E-08        7.122286E-10
0.8800000        2.711019E-05       -2.705036E-05        5.983198E-08        7.122286E-10
0.8900000        2.688203E-05       -2.682221E-05        5.982211E-08        7.122286E-10
0.9000000        2.665834E-05       -2.659853E-05        5.981263E-08        7.122286E-10
0.9100000        2.643900E-05       -2.637920E-05        5.980352E-08        7.122286E-10
0.9200000        2.622387E-05       -2.616408E-05        5.979476E-08        7.122286E-10
0.9300000        2.601283E-05       -2.595305E-05        5.978633E-08        7.122286E-10
0.9400000        2.580577E-05       -2.574599E-05        5.977822E-08        7.122286E-10
0.9500000        2.560256E-05       -2.554279E-05        5.977042E-08        7.122286E-10
0.9600000        2.540310E-05       -2.534333E-05        5.976291E-08        7.122286E-10
0.9700000        2.520728E-05       -2.514752E-05        5.975567E-08        7.122286E-10
0.9800000        2.501500E-05       -2.495525E-05        5.974869E-08        7.122286E-10
0.9900000        2.482616E-05       -2.476642E-05        5.974197E-08        7.122286E-10
1.000000        2.464067E-05       -2.458093E-05        5.973549E-08        7.122286E-10
1.010000        2.445844E-05       -2.439871E-05        5.972924E-08        7.122286E-10
1.020000        2.427937E-05       -2.421965E-05        5.972321E-08        7.122286E-10
1.030000        2.410339E-05       -2.404367E-05        5.971739E-08        7.122286E-10
1.040000        2.393041E-05       -2.387070E-05        5.971177E-08        7.122286E-10
1.050000        2.376036E-05       -2.370065E-05        5.970635E-08        7.122286E-10
1.060000        2.359315E-05       -2.353345E-05        5.970111E-08        7.122286E-10
1.070000        2.342872E-05       -2.336903E-05        5.969605E-08        7.122286E-10
1.080000        2.326699E-05       -2.320730E-05        5.969115E-08        7.122286E-10
1.090000        2.310790E-05       -2.304822E-05        5.968642E-08        7.122286E-10
1.100000        2.295138E-05       -2.289170E-05        5.968185E-08        7.122286E-10
1.110000        2.279736E-05       -2.273768E-05        5.967742E-08        7.122286E-10
1.120000        2.264579E-05       -2.258612E-05        5.967314E-08        7.122286E-10
1.130000        2.249660E-05       -2.243693E-05        5.966900E-08        7.122286E-10
1.140000        2.234974E-05       -2.229007E-05        5.966499E-08        7.122286E-10
1.150000        2.220514E-05       -2.214548E-05        5.966110E-08        7.122286E-10
1.160000        2.206277E-05       -2.200311E-05        5.965734E-08        7.122286E-10
1.170000        2.192255E-05       -2.186290E-05        5.965370E-08        7.122286E-10
1.180000        2.178445E-05       -2.172480E-05        5.965016E-08        7.122286E-10
1.190000        2.164841E-05       -2.158877E-05        5.964674E-08        7.122286E-10
1.200000        2.151439E-05       -2.145475E-05        5.964342E-08        7.122286E-10
1.210000        2.138234E-05       -2.132270E-05        5.964020E-08        7.122286E-10
1.220000        2.125222E-05       -2.119258E-05        5.963708E-08        7.122286E-10
1.230000        2.112397E-05       -2.106434E-05        5.963405E-08        7.122286E-10
1.240000        2.099757E-05       -2.093794E-05        5.963111E-08        7.122286E-10
1.250000        2.087297E-05       -2.081334E-05        5.962826E-08        7.122286E-10
1.260000        2.075012E-05       -2.069050E-05        5.962549E-08        7.122286E-10
1.270000        2.062900E-05       -2.056937E-05        5.962280E-08        7.122286E-10
1.280000        2.050956E-05       -2.044993E-05        5.962019E-08        7.122286E-10
1.290000        2.039176E-05       -2.033214E-05        5.961765E-08        7.122286E-10
1.300000        2.027558E-05       -2.021596E-05        5.961519E-08        7.122286E-10
1.310000        2.016098E-05       -2.010136E-05        5.961279E-08        7.122286E-10
1.320000        2.004792E-05       -1.998831E-05        5.961046E-08        7.122286E-10
1.330000        1.993637E-05       -1.987676E-05        5.960819E-08        7.122286E-10
1.340000        1.982631E-05       -1.976670E-05        5.960599E-08        7.122286E-10
1.350000        1.971769E-05       -1.965809E-05        5.960385E-08        7.122286E-10
1.360000        1.961050E-05       -1.955090E-05        5.960176E-08        7.122286E-10
1.370000        1.950470E-05       -1.944510E-05        5.959974E-08        7.122286E-10
1.380000        1.940026E-05       -1.934066E-05        5.959776E-08        7.122286E-10
1.390000        1.929716E-05       -1.923756E-05        5.959584E-08        7.122286E-10
1.400000        1.919537E-05       -1.913577E-05        5.959397E-08        7.122286E-10
1.410000        1.909486E-05       -1.903527E-05        5.959215E-08        7.122286E-10
1.420000        1.899561E-05       -1.893602E-05        5.959038E-08        7.122286E-10
1.430000        1.889760E-05       -1.883801E-05        5.958865E-08        7.122286E-10
1.440000        1.880080E-05       -1.874121E-05        5.958696E-08        7.122286E-10
1.450000        1.870519E-05       -1.864560E-05        5.958532E-08        7.122286E-10
1.460000        1.861074E-05       -1.855115E-05        5.958372E-08        7.122286E-10
1.470000        1.851743E-05       -1.845785E-05        5.958217E-08        7.122286E-10
1.480000        1.842524E-05       -1.836566E-05        5.958065E-08        7.122286E-10
1.490000        1.833416E-05       -1.827458E-05        5.957917E-08        7.122286E-10
1.500000        1.824415E-05       -1.818458E-05        5.957772E-08        7.122286E-10
1.510000        1.815521E-05       -1.809563E-05        5.957631E-08        7.122286E-10
1.520000        1.806731E-05       -1.800773E-05        5.957494E-08        7.122286E-10
1.530000        1.798042E-05       -1.792085E-05        5.957360E-08        7.122286E-10
1.540000        1.789454E-05       -1.783497E-05        5.957229E-08        7.122286E-10
1.550000        1.780965E-05       -1.775008E-05        5.957101E-08        7.122286E-10
1.560000        1.772572E-05       -1.766615E-05        5.956976E-08        7.122286E-10
1.570000        1.764275E-05       -1.758318E-05        5.956854E-08        7.122286E-10
1.580000        1.756070E-05       -1.750114E-05        5.956735E-08        7.122286E-10
1.590000        1.747958E-05       -1.742001E-05        5.956619E-08        7.122286E-10
1.600000        1.739935E-05       -1.733979E-05        5.956506E-08        7.122286E-10
1.610000        1.732002E-05       -1.726045E-05        5.956395E-08        7.122286E-10
1.620000        1.724155E-05       -1.718198E-05        5.956287E-08        7.122286E-10
1.630000        1.716393E-05       -1.710437E-05        5.956181E-08        7.122286E-10
1.640000        1.708716E-05       -1.702760E-05        5.956078E-08        7.122286E-10
1.650000        1.701122E-05       -1.695166E-05        5.955977E-08        7.122286E-10
1.660000        1.693608E-05       -1.687653E-05        5.955878E-08        7.122286E-10
1.670000        1.686175E-05       -1.680219E-05        5.955782E-08        7.122286E-10
1.680000        1.678820E-05       -1.672865E-05        5.955687E-08        7.122286E-10
1.690000        1.671543E-05       -1.665587E-05        5.955595E-08        7.122286E-10
1.700000        1.664342E-05       -1.658386E-05        5.955505E-08        7.122286E-10
1.710000        1.657215E-05       -1.651260E-05        5.955416E-08        7.122286E-10
1.720000        1.650162E-05       -1.644207E-05        5.955330E-08        7.122286E-10
1.730000        1.643182E-05       -1.637226E-05        5.955245E-08        7.122286E-10
1.740000        1.636272E-05       -1.630317E-05        5.955163E-08        7.122286E-10
1.750000        1.629433E-05       -1.623478E-05        5.955082E-08        7.122286E-10
1.760000        1.622663E-05       -1.616708E-05        5.955002E-08        7.122286E-10
1.770000        1.615960E-05       -1.610005E-05        5.954925E-08        7.122286E-10
1.780000        1.609325E-05       -1.603370E-05        5.954849E-08        7.122286E-10
1.790000        1.602755E-05       -1.596800E-05        5.954775E-08        7.122286E-10
1.800000        1.596250E-05       -1.590295E-05        5.954702E-08        7.122286E-10
1.810000        1.589809E-05       -1.583854E-05        5.954631E-08        7.122286E-10
1.820000        1.583431E-05       -1.577476E-05        5.954561E-08        7.122286E-10
1.830000        1.577114E-05       -1.571160E-05        5.954492E-08        7.122286E-10
1.840000        1.570859E-05       -1.564904E-05        5.954425E-08        7.122286E-10
1.850000        1.564663E-05       -1.558709E-05        5.954360E-08        7.122286E-10
1.860000        1.558526E-05       -1.552572E-05        5.954295E-08        7.122286E-10
1.870000        1.552448E-05       -1.546494E-05        5.954232E-08        7.122286E-10
1.880000        1.546427E-05       -1.540473E-05        5.954170E-08        7.122286E-10
1.890000        1.540463E-05       -1.534508E-05        5.954110E-08        7.122286E-10
1.900000        1.534554E-05       -1.528600E-05        5.954051E-08        7.122286E-10
1.910000        1.528700E-05       -1.522746E-05        5.953992E-08        7.122286E-10
1.920000        1.522900E-05       -1.516946E-05        5.953935E-08        7.122286E-10
1.930000        1.517153E-05       -1.511199E-05        5.953879E-08        7.122286E-10
1.940000        1.511459E-05       -1.505505E-05        5.953824E-08        7.122286E-10
1.950000        1.505817E-05       -1.499863E-05        5.953771E-08        7.122286E-10
1.960000        1.500225E-05       -1.494272E-05        5.953718E-08        7.122286E-10
1.970000        1.494684E-05       -1.488731E-05        5.953666E-08        7.122286E-10
1.980000        1.489193E-05       -1.483239E-05        5.953615E-08        7.122286E-10
1.990000        1.483750E-05       -1.477797E-05        5.953565E-08        7.122286E-10
2.000000        1.478356E-05       -1.472402E-05        5.953516E-08        7.122286E-10
2.010000        1.473009E-05       -1.467056E-05        5.953468E-08        7.122286E-10
2.020000        1.467709E-05       -1.461756E-05        5.953421E-08        7.122286E-10
2.030000        1.462456E-05       -1.456502E-05        5.953375E-08        7.122286E-10
2.040000        1.457247E-05       -1.451294E-05        5.953330E-08        7.122286E-10
2.050000        1.452084E-05       -1.446131E-05        5.953285E-08        7.122286E-10
2.060000        1.446966E-05       -1.441012E-05        5.953241E-08        7.122286E-10
2.070000        1.441891E-05       -1.435938E-05        5.953198E-08        7.122286E-10
2.080000        1.436859E-05       -1.430906E-05        5.953156E-08        7.122286E-10
2.090000        1.431870E-05       -1.425917E-05        5.953115E-08        7.122286E-10
2.100000        1.426923E-05       -1.420970E-05        5.953074E-08        7.122286E-10
2.110000        1.422017E-05       -1.416064E-05        5.953034E-08        7.122286E-10
2.120000        1.417153E-05       -1.411200E-05        5.952995E-08        7.122286E-10
2.130000        1.412329E-05       -1.406376E-05        5.952956E-08        7.122286E-10
2.140000        1.407544E-05       -1.401592E-05        5.952918E-08        7.122286E-10
2.150000        1.402800E-05       -1.396847E-05        5.952881E-08        7.122286E-10
2.160000        1.398094E-05       -1.392141E-05        5.952845E-08        7.122286E-10
2.170000        1.393426E-05       -1.387473E-05        5.952809E-08        7.122286E-10
2.180000        1.388796E-05       -1.382843E-05        5.952773E-08        7.122286E-10
2.190000        1.384204E-05       -1.378251E-05        5.952739E-08        7.122286E-10
2.200000        1.379648E-05       -1.373695E-05        5.952704E-08        7.122286E-10
2.210000        1.375129E-05       -1.369176E-05        5.952671E-08        7.122286E-10
2.220000        1.370646E-05       -1.364693E-05        5.952638E-08        7.122286E-10
2.230000        1.366199E-05       -1.360246E-05        5.952606E-08        7.122286E-10
2.240000        1.361786E-05       -1.355834E-05        5.952574E-08        7.122286E-10
2.250000        1.357408E-05       -1.351456E-05        5.952542E-08        7.122286E-10
2.260000        1.353065E-05       -1.347112E-05        5.952511E-08        7.122286E-10
2.270000        1.348755E-05       -1.342803E-05        5.952481E-08        7.122286E-10
2.280000        1.344479E-05       -1.338526E-05        5.952451E-08        7.122286E-10
2.290000        1.340236E-05       -1.334283E-05        5.952422E-08        7.122286E-10
2.300000        1.336025E-05       -1.330073E-05        5.952393E-08        7.122286E-10
2.310000        1.331847E-05       -1.325894E-05        5.952365E-08        7.122286E-10
2.320000        1.327700E-05       -1.321748E-05        5.952337E-08        7.122286E-10
2.330000        1.323585E-05       -1.317632E-05        5.952309E-08        7.122286E-10
2.340000        1.319501E-05       -1.313548E-05        5.952282E-08        7.122286E-10
2.350000        1.315447E-05       -1.309495E-05        5.952256E-08        7.122286E-10
2.360000        1.311424E-05       -1.305472E-05        5.952230E-08        7.122286E-10
2.370000        1.307431E-05       -1.301479E-05        5.952204E-08        7.122286E-10
2.380000        1.303467E-05       -1.297515E-05        5.952179E-08        7.122286E-10
2.390000        1.299533E-05       -1.293581E-05        5.952154E-08        7.122286E-10
2.400000        1.295628E-05       -1.289676E-05        5.952129E-08        7.122286E-10
2.410000        1.291751E-05       -1.285799E-05        5.952105E-08        7.122286E-10
2.420000        1.287903E-05       -1.281951E-05        5.952081E-08        7.122286E-10
2.430000        1.284082E-05       -1.278130E-05        5.952058E-08        7.122286E-10
2.440000        1.280289E-05       -1.274337E-05        5.952035E-08        7.122286E-10
2.450000        1.276524E-05       -1.270572E-05        5.952012E-08        7.122286E-10
2.460000        1.272785E-05       -1.266833E-05        5.951989E-08        7.122286E-10
2.470000        1.269073E-05       -1.263121E-05        5.951967E-08        7.122286E-10
2.480000        1.265388E-05       -1.259436E-05        5.951946E-08        7.122286E-10
2.490000        1.261729E-05       -1.255777E-05        5.951924E-08        7.122286E-10
2.500000        1.258095E-05       -1.252143E-05        5.951903E-08        7.122286E-10
2.510000        1.254487E-05       -1.248535E-05        5.951883E-08        7.122286E-10
2.520000        1.250905E-05       -1.244953E-05        5.951862E-08        7.122286E-10
2.530000        1.247347E-05       -1.241395E-05        5.951842E-08        7.122286E-10
2.540000        1.243814E-05       -1.237862E-05        5.951822E-08        7.122286E-10
2.550000        1.240305E-05       -1.234353E-05        5.951803E-08        7.122286E-10
2.560000        1.236821E-05       -1.230869E-05        5.951783E-08        7.122286E-10
2.570000        1.233360E-05       -1.227409E-05        5.951764E-08        7.122286E-10
2.580000        1.229923E-05       -1.223972E-05        5.951746E-08        7.122286E-10
2.590000        1.226510E-05       -1.220558E-05        5.951727E-08        7.122286E-10
2.600000        1.223120E-05       -1.217168E-05        5.951709E-08        7.122286E-10
2.610000        1.219752E-05       -1.213800E-05        5.951691E-08        7.122286E-10
2.620000        1.216407E-05       -1.210456E-05        5.951674E-08        7.122286E-10
2.630000        1.213085E-05       -1.207133E-05        5.951656E-08        7.122286E-10
2.640000        1.209785E-05       -1.203833E-05        5.951639E-08        7.122286E-10
2.650000        1.206506E-05       -1.200555E-05        5.951622E-08        7.122286E-10
2.660000        1.203250E-05       -1.197298E-05        5.951606E-08        7.122286E-10
2.670000        1.200015E-05       -1.194063E-05        5.951589E-08        7.122286E-10
2.680000        1.196801E-05       -1.190849E-05        5.951573E-08        7.122286E-10
2.690000        1.193608E-05       -1.187656E-05        5.951557E-08        7.122286E-10
2.700000        1.190436E-05       -1.184484E-05        5.951541E-08        7.122286E-10
2.710000        1.187284E-05       -1.181333E-05        5.951526E-08        7.122286E-10
2.720000        1.184153E-05       -1.178202E-05        5.951511E-08        7.122286E-10
2.730000        1.181043E-05       -1.175091E-05        5.951496E-08        7.122286E-10
2.740000        1.177952E-05       -1.172000E-05        5.951481E-08        7.122286E-10
2.750000        1.174881E-05       -1.168929E-05        5.951466E-08        7.122286E-10
2.760000        1.171829E-05       -1.165878E-05        5.951452E-08        7.122286E-10
2.770000        1.168797E-05       -1.162846E-05        5.951437E-08        7.122286E-10
2.780000        1.165784E-05       -1.159833E-05        5.951423E-08        7.122286E-10
2.790000        1.162791E-05       -1.156839E-05        5.951409E-08        7.122286E-10
2.800000        1.159816E-05       -1.153864E-05        5.951396E-08        7.122286E-10
2.810000        1.156859E-05       -1.150908E-05        5.951382E-08        7.122286E-10
2.820000        1.153921E-05       -1.147970E-05        5.951369E-08        7.122286E-10
2.830000        1.151001E-05       -1.145050E-05        5.951356E-08        7.122286E-10
2.840000        1.148100E-05       -1.142148E-05        5.951343E-08        7.122286E-10
2.850000        1.145216E-05       -1.139265E-05        5.951330E-08        7.122286E-10
2.860000        1.142350E-05       -1.136399E-05        5.951317E-08        7.122286E-10
2.870000        1.139502E-05       -1.133550E-05        5.951305E-08        7.122286E-10
2.880000        1.136671E-05       -1.130719E-05        5.951292E-08        7.122286E-10
2.890000        1.133857E-05       -1.127905E-05        5.951280E-08        7.122286E-10
2.900000        1.131060E-05       -1.125109E-05        5.951268E-08        7.122286E-10
2.910000        1.128280E-05       -1.122329E-05        5.951256E-08        7.122286E-10
2.920000        1.125517E-05       -1.119566E-05        5.951245E-08        7.122286E-10
2.930000        1.122770E-05       -1.116819E-05        5.951233E-08        7.122286E-10
2.940000        1.120040E-05       -1.114089E-05        5.951222E-08        7.122286E-10
2.950000        1.117326E-05       -1.111375E-05        5.951210E-08        7.122286E-10
2.960000        1.114629E-05       -1.108677E-05        5.951199E-08        7.122286E-10
2.970000        1.111947E-05       -1.105996E-05        5.951188E-08        7.122286E-10
2.980000        1.109281E-05       -1.103330E-05        5.951177E-08        7.122286E-10
2.990000        1.106630E-05       -1.100679E-05        5.951167E-08        7.122286E-10
3.000000        1.103996E-05       -1.098044E-05        5.951156E-08        7.122286E-10
3.010000        1.101376E-05       -1.095425E-05        5.951146E-08        7.122286E-10
3.020000        1.098772E-05       -1.092821E-05        5.951135E-08        7.122286E-10
3.030000        1.096183E-05       -1.090232E-05        5.951125E-08        7.122286E-10
3.040000        1.093609E-05       -1.087658E-05        5.951115E-08        7.122286E-10
3.050000        1.091049E-05       -1.085098E-05        5.951105E-08        7.122286E-10
3.060000        1.088505E-05       -1.082554E-05        5.951096E-08        7.122286E-10
3.070000        1.085975E-05       -1.080024E-05        5.951086E-08        7.122286E-10
3.080000        1.083459E-05       -1.077508E-05        5.951076E-08        7.122286E-10
3.090000        1.080958E-05       -1.075006E-05        5.951067E-08        7.122286E-10
3.100000        1.078470E-05       -1.072519E-05        5.951058E-08        7.122286E-10
3.110000        1.075997E-05       -1.070046E-05        5.951048E-08        7.122286E-10
3.120000        1.073538E-05       -1.067587E-05        5.951039E-08        7.122286E-10
3.130000        1.071092E-05       -1.065141E-05        5.951030E-08        7.122286E-10
3.140000        1.068661E-05       -1.062710E-05        5.951021E-08        7.122286E-10
3.150000        1.066242E-05       -1.060291E-05        5.951013E-08        7.122286E-10
3.160000        1.063838E-05       -1.057887E-05        5.951004E-08        7.122286E-10
3.170000        1.061446E-05       -1.055495E-05        5.950995E-08        7.122286E-10
3.180000        1.059068E-05       -1.053117E-05        5.950987E-08        7.122286E-10
3.190000        1.056702E-05       -1.050751E-05        5.950978E-08        7.122286E-10
3.200000        1.054350E-05       -1.048399E-05        5.950970E-08        7.122286E-10
3.210000        1.052011E-05       -1.046060E-05        5.950962E-08        7.122286E-10
3.220000        1.049684E-05       -1.043733E-05        5.950954E-08        7.122286E-10
3.230000        1.047370E-05       -1.041419E-05        5.950946E-08        7.122286E-10
3.240000        1.045068E-05       -1.039118E-05        5.950938E-08        7.122286E-10
3.250000        1.042779E-05       -1.036828E-05        5.950930E-08        7.122286E-10
3.260000        1.040503E-05       -1.034552E-05        5.950923E-08        7.122286E-10
3.270000        1.038238E-05       -1.032287E-05        5.950915E-08        7.122286E-10
3.280000        1.035985E-05       -1.030035E-05        5.950907E-08        7.122286E-10
3.290000        1.033745E-05       -1.027794E-05        5.950900E-08        7.122286E-10
3.300000        1.031516E-05       -1.025565E-05        5.950893E-08        7.122286E-10
3.310000        1.029300E-05       -1.023349E-05        5.950885E-08        7.122286E-10
3.320000        1.027094E-05       -1.021144E-05        5.950878E-08        7.122286E-10
3.330000        1.024901E-05       -1.018950E-05        5.950871E-08        7.122286E-10
3.340000        1.022719E-05       -1.016768E-05        5.950864E-08        7.122286E-10
3.350000        1.020548E-05       -1.014598E-05        5.950857E-08        7.122286E-10
3.360000        1.018389E-05       -1.012438E-05        5.950850E-08        7.122286E-10
3.370000        1.016241E-05       -1.010290E-05        5.950843E-08        7.122286E-10
3.380000        1.014104E-05       -1.008154E-05        5.950837E-08        7.122286E-10
3.390000        1.011979E-05       -1.006028E-05        5.950830E-08        7.122286E-10
3.400000        1.009864E-05       -1.003913E-05        5.950823E-08        7.122286E-10
3.410000        1.007760E-05       -1.001809E-05        5.950817E-08        7.122286E-10
3.420000        1.005666E-05       -9.997155E-06        5.950810E-08        7.122286E-10
3.430000        1.003584E-05       -9.976330E-06        5.950804E-08        7.122286E-10
3.440000        1.001512E-05       -9.955610E-06        5.950798E-08        7.122286E-10
3.450000        9.994504E-06       -9.934996E-06        5.950792E-08        7.122286E-10
3.460000        9.973994E-06       -9.914486E-06        5.950785E-08        7.122286E-10
3.470000        9.953587E-06       -9.894079E-06        5.950779E-08        7.122286E-10
3.480000        9.933283E-06       -9.873775E-06        5.950773E-08        7.122286E-10
3.490000        9.913081E-06       -9.853573E-06        5.950767E-08        7.122286E-10
3.500000        9.892980E-06       -9.833472E-06        5.950761E-08        7.122286E-10
3.510000        9.872979E-06       -9.813472E-06        5.950756E-08        7.122286E-10
3.520000        9.853078E-06       -9.793570E-06        5.950750E-08        7.122286E-10
3.530000        9.833275E-06       -9.773768E-06        5.950744E-08        7.122286E-10
3.540000        9.813570E-06       -9.754063E-06        5.950738E-08        7.122286E-10
3.550000        9.793963E-06       -9.734455E-06        5.950733E-08        7.122286E-10
3.560000        9.774451E-06       -9.714944E-06        5.950727E-08        7.122286E-10
3.570000        9.755036E-06       -9.695528E-06        5.950722E-08        7.122286E-10
3.580000        9.735715E-06       -9.676208E-06        5.950716E-08        7.122286E-10
3.590000        9.716488E-06       -9.656981E-06        5.950711E-08        7.122286E-10
3.600000        9.697355E-06       -9.637848E-06        5.950706E-08        7.122286E-10
3.610000        9.678315E-06       -9.618808E-06        5.950701E-08        7.122286E-10
3.620000        9.659366E-06       -9.599859E-06        5.950695E-08        7.122286E-10
3.630000        9.640509E-06       -9.581002E-06        5.950690E-08        7.122286E-10
3.640000        9.621742E-06       -9.562235E-06        5.950685E-08        7.122286E-10
3.650000        9.603066E-06       -9.543559E-06        5.950680E-08        7.122286E-10
3.660000        9.584478E-06       -9.524971E-06        5.950675E-08        7.122286E-10
3.670000        9.565979E-06       -9.506473E-06        5.950670E-08        7.122286E-10
3.680000        9.547568E-06       -9.488062E-06        5.950665E-08        7.122286E-10
3.690000        9.529245E-06       -9.469738E-06        5.950660E-08        7.122286E-10
3.700000        9.511007E-06       -9.451501E-06        5.950656E-08        7.122286E-10
3.710000        9.492856E-06       -9.433350E-06        5.950651E-08        7.122286E-10
3.720000        9.474790E-06       -9.415284E-06        5.950646E-08        7.122286E-10
3.730000        9.456809E-06       -9.397303E-06        5.950642E-08        7.122286E-10
3.740000        9.438912E-06       -9.379405E-06        5.950637E-08        7.122286E-10
3.750000        9.421098E-06       -9.361592E-06        5.950632E-08        7.122286E-10
3.760000        9.403367E-06       -9.343861E-06        5.950628E-08        7.122286E-10
3.770000        9.385718E-06       -9.326212E-06        5.950624E-08        7.122286E-10
3.780000        9.368151E-06       -9.308645E-06        5.950619E-08        7.122286E-10
3.790000        9.350664E-06       -9.291158E-06        5.950615E-08        7.122286E-10
3.800000        9.333259E-06       -9.273752E-06        5.950610E-08        7.122286E-10
3.810000        9.315933E-06       -9.256426E-06        5.950606E-08        7.122286E-10
3.820000        9.298686E-06       -9.239180E-06        5.950602E-08        7.122286E-10
3.830000        9.281518E-06       -9.222012E-06        5.950598E-08        7.122286E-10
3.840000        9.264428E-06       -9.204922E-06        5.950594E-08        7.122286E-10
3.850000        9.247415E-06       -9.187909E-06        5.950589E-08        7.122286E-10
3.860000        9.230479E-06       -9.170974E-06        5.950585E-08        7.122286E-10
3.870000        9.213620E-06       -9.154115E-06        5.950581E-08        7.122286E-10
3.880000        9.196837E-06       -9.137331E-06        5.950577E-08        7.122286E-10
3.890000        9.180129E-06       -9.120623E-06        5.950573E-08        7.122286E-10
3.900000        9.163496E-06       -9.103990E-06        5.950570E-08        7.122286E-10
3.910000        9.146937E-06       -9.087432E-06        5.950566E-08        7.122286E-10
3.920000        9.130452E-06       -9.070947E-06        5.950562E-08        7.122286E-10
3.930000        9.114040E-06       -9.054535E-06        5.950558E-08        7.122286E-10
3.940000        9.097701E-06       -9.038196E-06        5.950554E-08        7.122286E-10
3.950000        9.081434E-06       -9.021929E-06        5.950550E-08        7.122286E-10
3.960000        9.065239E-06       -9.005734E-06        5.950547E-08        7.122286E-10
3.970000        9.049115E-06       -8.989610E-06        5.950543E-08        7.122286E-10
3.980000        9.033062E-06       -8.973557E-06        5.950539E-08        7.122286E-10
3.990000        9.017079E-06       -8.957574E-06        5.950536E-08        7.122286E-10
4.000000        9.001166E-06       -8.941660E-06        5.950532E-08        7.122286E-10
4.010000        8.985322E-06       -8.925816E-06        5.950529E-08        7.122286E-10
4.020000        8.969546E-06       -8.910041E-06        5.950525E-08        7.122286E-10
4.030000        8.953839E-06       -8.894334E-06        5.950522E-08        7.122286E-10
4.040000        8.938200E-06       -8.878695E-06        5.950518E-08        7.122286E-10
4.050000        8.922628E-06       -8.863123E-06        5.950515E-08        7.122286E-10
4.060000        8.907123E-06       -8.847618E-06        5.950512E-08        7.122286E-10
4.070000        8.891685E-06       -8.832180E-06        5.950508E-08        7.122286E-10
4.080000        8.876313E-06       -8.816808E-06        5.950505E-08        7.122286E-10
4.090000        8.861006E-06       -8.801501E-06        5.950502E-08        7.122286E-10
4.100000        8.845764E-06       -8.786259E-06        5.950498E-08        7.122286E-10
4.110000        8.830587E-06       -8.771082E-06        5.950495E-08        7.122286E-10
4.120000        8.815474E-06       -8.755969E-06        5.950492E-08        7.122286E-10
4.130000        8.800425E-06       -8.740920E-06        5.950489E-08        7.122286E-10
4.140000        8.785439E-06       -8.725935E-06        5.950486E-08        7.122286E-10
4.150000        8.770517E-06       -8.711012E-06        5.950483E-08        7.122286E-10
4.160000        8.755657E-06       -8.696152E-06        5.950480E-08        7.122286E-10
4.170000        8.740859E-06       -8.681354E-06        5.950477E-08        7.122286E-10
4.180000        8.726122E-06       -8.666618E-06        5.950474E-08        7.122286E-10
4.190000        8.711448E-06       -8.651943E-06        5.950471E-08        7.122286E-10
4.200000        8.696833E-06       -8.637329E-06        5.950468E-08        7.122286E-10
4.210000        8.682280E-06       -8.622775E-06        5.950465E-08        7.122286E-10
4.220000        8.667787E-06       -8.608282E-06        5.950462E-08        7.122286E-10
4.230000        8.653353E-06       -8.593848E-06        5.950459E-08        7.122286E-10
4.240000        8.638978E-06       -8.579474E-06        5.950456E-08        7.122286E-10
4.250000        8.624663E-06       -8.565159E-06        5.950453E-08        7.122286E-10
4.260000        8.610406E-06       -8.550902E-06        5.950450E-08        7.122286E-10
4.270000        8.596208E-06       -8.536703E-06        5.950448E-08        7.122286E-10
4.280000        8.582067E-06       -8.522562E-06        5.950445E-08        7.122286E-10
4.290000        8.567983E-06       -8.508479E-06        5.950442E-08        7.122286E-10
4.300000        8.553957E-06       -8.494452E-06        5.950439E-08        7.122286E-10
4.310000        8.539987E-06       -8.480483E-06        5.950437E-08        7.122286E-10
4.320000        8.526074E-06       -8.466569E-06        5.950434E-08        7.122286E-10
4.330000        8.512216E-06       -8.452712E-06        5.950431E-08        7.122286E-10
4.340000        8.498415E-06       -8.438910E-06        5.950429E-08        7.122286E-10
4.350000        8.484668E-06       -8.425164E-06        5.950426E-08        7.122286E-10
4.360000        8.470977E-06       -8.411472E-06        5.950424E-08        7.122286E-10
4.370000        8.457340E-06       -8.397835E-06        5.950421E-08        7.122286E-10
4.380000        8.443757E-06       -8.384253E-06        5.950419E-08        7.122286E-10
4.390000        8.430228E-06       -8.370724E-06        5.950416E-08        7.122286E-10
4.400000        8.416753E-06       -8.357249E-06        5.950414E-08        7.122286E-10
4.410000        8.403331E-06       -8.343826E-06        5.950411E-08        7.122286E-10
4.420000        8.389961E-06       -8.330457E-06        5.950409E-08        7.122286E-10
4.430000        8.376645E-06       -8.317141E-06        5.950406E-08        7.122286E-10
4.440000        8.363380E-06       -8.303876E-06        5.950404E-08        7.122286E-10
4.450000        8.350168E-06       -8.290664E-06        5.950401E-08        7.122286E-10
4.460000        8.337006E-06       -8.277503E-06        5.950399E-08        7.122286E-10
4.470000        8.323897E-06       -8.264393E-06        5.950397E-08        7.122286E-10
4.480000        8.310838E-06       -8.251334E-06        5.950394E-08        7.122286E-10
4.490000        8.297830E-06       -8.238326E-06        5.950392E-08        7.122286E-10
4.500000        8.284872E-06       -8.225368E-06        5.950390E-08        7.122286E-10
4.510000        8.271964E-06       -8.212460E-06        5.950388E-08        7.122286E-10
4.520000        8.259106E-06       -8.199602E-06        5.950385E-08        7.122286E-10
4.530000        8.246297E-06       -8.186793E-06        5.950383E-08        7.122286E-10
4.540000        8.233537E-06       -8.174033E-06        5.950381E-08        7.122286E-10
4.550000        8.220826E-06       -8.161323E-06        5.950379E-08        7.122286E-10
4.560000        8.208164E-06       -8.148660E-06        5.950377E-08        7.122286E-10
4.570000        8.195550E-06       -8.136046E-06        5.950374E-08        7.122286E-10
4.580000        8.182984E-06       -8.123480E-06        5.950372E-08        7.122286E-10
4.590000        8.170465E-06       -8.110961E-06        5.950370E-08        7.122286E-10
4.600000        8.157994E-06       -8.098490E-06        5.950368E-08        7.122286E-10
4.610000        8.145569E-06       -8.086066E-06        5.950366E-08        7.122286E-10
4.620000        8.133192E-06       -8.073688E-06        5.950364E-08        7.122286E-10
4.630000        8.120861E-06       -8.061357E-06        5.950362E-08        7.122286E-10
4.640000        8.108576E-06       -8.049073E-06        5.950360E-08        7.122286E-10
4.650000        8.096337E-06       -8.036834E-06        5.950358E-08        7.122286E-10
4.660000        8.084144E-06       -8.024641E-06        5.950356E-08        7.122286E-10
4.670000        8.071997E-06       -8.012493E-06        5.950354E-08        7.122286E-10
4.680000        8.059894E-06       -8.000391E-06        5.950352E-08        7.122286E-10
4.690000        8.047836E-06       -7.988333E-06        5.950350E-08        7.122286E-10
4.700000        8.035823E-06       -7.976320E-06        5.950348E-08        7.122286E-10
4.710000        8.023855E-06       -7.964351E-06        5.950346E-08        7.122286E-10
4.720000        8.011930E-06       -7.952427E-06        5.950344E-08        7.122286E-10
4.730000        8.000049E-06       -7.940546E-06        5.950342E-08        7.122286E-10
4.740000        7.988212E-06       -7.928709E-06        5.950340E-08        7.122286E-10
4.750000        7.976418E-06       -7.916915E-06        5.950338E-08        7.122286E-10
4.760000        7.964667E-06       -7.905164E-06        5.950337E-08        7.122286E-10
4.770000        7.952959E-06       -7.893456E-06        5.950335E-08        7.122286E-10
4.780000        7.941294E-06       -7.881791E-06        5.950333E-08        7.122286E-10
4.790000        7.929671E-06       -7.870168E-06        5.950331E-08        7.122286E-10
4.800000        7.918090E-06       -7.858587E-06        5.950329E-08        7.122286E-10
4.810000        7.906551E-06       -7.847047E-06        5.950328E-08        7.122286E-10
4.820000        7.895053E-06       -7.835550E-06        5.950326E-08        7.122286E-10
4.830000        7.883597E-06       -7.824094E-06        5.950324E-08        7.122286E-10
4.840000        7.872182E-06       -7.812679E-06        5.950322E-08        7.122286E-10
4.850000        7.860808E-06       -7.801304E-06        5.950321E-08        7.122286E-10
4.860000        7.849474E-06       -7.789971E-06        5.950319E-08        7.122286E-10
4.870000        7.838181E-06       -7.778678E-06        5.950317E-08        7.122286E-10
4.880000        7.826928E-06       -7.767425E-06        5.950316E-08        7.122286E-10
4.890000        7.815715E-06       -7.756212E-06        5.950314E-08        7.122286E-10
4.900000        7.804542E-06       -7.745039E-06        5.950312E-08        7.122286E-10
4.910000        7.793409E-06       -7.733906E-06        5.950311E-08        7.122286E-10
4.920000        7.782314E-06       -7.722811E-06        5.950309E-08        7.122286E-10
4.930000        7.771259E-06       -7.711756E-06        5.950307E-08        7.122286E-10
4.940000        7.760243E-06       -7.700740E-06        5.950306E-08        7.122286E-10
4.950000        7.749265E-06       -7.689762E-06        5.950304E-08        7.122286E-10
4.960000        7.738326E-06       -7.678823E-06        5.950303E-08        7.122286E-10
4.970000        7.727425E-06       -7.667922E-06        5.950301E-08        7.122286E-10
4.980000        7.716562E-06       -7.657059E-06        5.950299E-08        7.122286E-10
4.990000        7.705737E-06       -7.646234E-06        5.950298E-08        7.122286E-10
5.000000        7.694949E-06       -7.635446E-06        5.950296E-08        7.122286E-10
5.010000        7.684199E-06       -7.624696E-06        5.950295E-08        7.122286E-10
5.020000        7.673486E-06       -7.613983E-06        5.950293E-08        7.122286E-10
5.030000        7.662810E-06       -7.603307E-06        5.950292E-08        7.122286E-10
5.040000        7.652171E-06       -7.592668E-06        5.950290E-08        7.122286E-10
5.050000        7.641568E-06       -7.582065E-06        5.950289E-08        7.122286E-10
5.060000        7.631002E-06       -7.571499E-06        5.950287E-08        7.122286E-10
5.070000        7.620472E-06       -7.560969E-06        5.950286E-08        7.122286E-10
5.080000        7.609978E-06       -7.550475E-06        5.950284E-08        7.122286E-10
5.090000        7.599519E-06       -7.540017E-06        5.950283E-08        7.122286E-10
5.100000        7.589097E-06       -7.529594E-06        5.950282E-08        7.122286E-10
5.110000        7.578709E-06       -7.519207E-06        5.950280E-08        7.122286E-10
5.120000        7.568357E-06       -7.508854E-06        5.950279E-08        7.122286E-10
5.130000        7.558040E-06       -7.498537E-06        5.950277E-08        7.122286E-10
5.140000        7.547758E-06       -7.488255E-06        5.950276E-08        7.122286E-10
5.150000        7.537510E-06       -7.478007E-06        5.950275E-08        7.122286E-10
5.160000        7.527297E-06       -7.467794E-06        5.950273E-08        7.122286E-10
5.170000        7.517118E-06       -7.457615E-06        5.950272E-08        7.122286E-10
5.180000        7.506973E-06       -7.447471E-06        5.950271E-08        7.122286E-10
5.190000        7.496863E-06       -7.437360E-06        5.950269E-08        7.122286E-10
5.200000        7.486785E-06       -7.427283E-06        5.950268E-08        7.122286E-10
5.210000        7.476742E-06       -7.417239E-06        5.950267E-08        7.122286E-10
5.220000        7.466732E-06       -7.407229E-06        5.950265E-08        7.122286E-10
5.230000        7.456755E-06       -7.397252E-06        5.950264E-08        7.122286E-10
5.240000        7.446811E-06       -7.387308E-06        5.950263E-08        7.122286E-10
5.250000        7.436900E-06       -7.377397E-06        5.950261E-08        7.122286E-10
5.260000        7.427021E-06       -7.367519E-06        5.950260E-08        7.122286E-10
5.270000        7.417175E-06       -7.357673E-06        5.950259E-08        7.122286E-10
5.280000        7.407362E-06       -7.347859E-06        5.950258E-08        7.122286E-10
5.290000        7.397580E-06       -7.338078E-06        5.950256E-08        7.122286E-10
5.300000        7.387831E-06       -7.328328E-06        5.950255E-08        7.122286E-10
5.310000        7.378113E-06       -7.318611E-06        5.950254E-08        7.122286E-10
5.320000        7.368428E-06       -7.308925E-06        5.950253E-08        7.122286E-10
5.330000        7.358773E-06       -7.299271E-06        5.950252E-08        7.122286E-10
5.340000        7.349150E-06       -7.289648E-06        5.950250E-08        7.122286E-10
5.350000        7.339559E-06       -7.280056E-06        5.950249E-08        7.122286E-10
5.360000        7.329998E-06       -7.270495E-06        5.950248E-08        7.122286E-10
5.370000        7.320468E-06       -7.260965E-06        5.950247E-08        7.122286E-10
5.380000        7.310969E-06       -7.251466E-06        5.950246E-08        7.122286E-10
5.390000        7.301500E-06       -7.241998E-06        5.950244E-08        7.122286E-10
5.400000        7.292062E-06       -7.232559E-06        5.950243E-08        7.122286E-10
5.410000        7.282654E-06       -7.223151E-06        5.950242E-08        7.122286E-10
5.420000        7.273276E-06       -7.213773E-06        5.950241E-08        7.122286E-10
5.430000        7.263928E-06       -7.204426E-06        5.950240E-08        7.122286E-10
5.440000        7.254610E-06       -7.195107E-06        5.950239E-08        7.122286E-10
5.450000        7.245321E-06       -7.185819E-06        5.950238E-08        7.122286E-10
5.460000        7.236062E-06       -7.176560E-06        5.950237E-08        7.122286E-10
5.470000        7.226832E-06       -7.167330E-06        5.950236E-08        7.122286E-10
5.480000        7.217632E-06       -7.158130E-06        5.950234E-08        7.122286E-10
5.490000        7.208460E-06       -7.148958E-06        5.950233E-08        7.122286E-10
5.500000        7.199318E-06       -7.139816E-06        5.950232E-08        7.122286E-10
5.510000        7.190204E-06       -7.130702E-06        5.950231E-08        7.122286E-10
5.520000        7.181119E-06       -7.121616E-06        5.950230E-08        7.122286E-10
5.530000        7.172062E-06       -7.112560E-06        5.950229E-08        7.122286E-10
5.540000        7.163034E-06       -7.103531E-06        5.950228E-08        7.122286E-10
5.550000        7.154033E-06       -7.094531E-06        5.950227E-08        7.122286E-10
5.560000        7.145061E-06       -7.085559E-06        5.950226E-08        7.122286E-10
5.570000        7.136117E-06       -7.076615E-06        5.950225E-08        7.122286E-10
5.580000        7.127200E-06       -7.067698E-06        5.950224E-08        7.122286E-10
5.590000        7.118312E-06       -7.058809E-06        5.950223E-08        7.122286E-10
5.600000        7.109450E-06       -7.049948E-06        5.950222E-08        7.122286E-10
5.610000        7.100616E-06       -7.041114E-06        5.950221E-08        7.122286E-10
5.620000        7.091809E-06       -7.032307E-06        5.950220E-08        7.122286E-10
5.630000        7.083030E-06       -7.023527E-06        5.950219E-08        7.122286E-10
5.640000        7.074277E-06       -7.014775E-06        5.950218E-08        7.122286E-10
5.650000        7.065551E-06       -7.006049E-06        5.950217E-08        7.122286E-10
5.660000        7.056852E-06       -6.997350E-06        5.950216E-08        7.122286E-10
5.670000        7.048179E-06       -6.988677E-06        5.950215E-08        7.122286E-10
5.680000        7.039533E-06       -6.980031E-06        5.950214E-08        7.122286E-10
5.690000        7.030913E-06       -6.971411E-06        5.950213E-08        7.122286E-10
5.700000        7.022319E-06       -6.962817E-06        5.950212E-08        7.122286E-10
5.710000        7.013752E-06       -6.954250E-06        5.950211E-08        7.122286E-10
5.720000        7.005210E-06       -6.945708E-06        5.950210E-08        7.122286E-10
5.730000        6.996694E-06       -6.937192E-06        5.950210E-08        7.122286E-10
5.740000        6.988204E-06       -6.928702E-06        5.950209E-08        7.122286E-10
5.750000        6.979739E-06       -6.920237E-06        5.950208E-08        7.122286E-10
5.760000        6.971300E-06       -6.911798E-06        5.950207E-08        7.122286E-10
5.770000        6.962886E-06       -6.903384E-06        5.950206E-08        7.122286E-10
5.780000        6.954498E-06       -6.894996E-06        5.950205E-08        7.122286E-10
5.790000        6.946134E-06       -6.886632E-06        5.950204E-08        7.122286E-10
5.800000        6.937795E-06       -6.878293E-06        5.950203E-08        7.122286E-10
5.810000        6.929482E-06       -6.869980E-06        5.950202E-08        7.122286E-10
5.820000        6.921193E-06       -6.861691E-06        5.950202E-08        7.122286E-10
5.830000        6.912928E-06       -6.853426E-06        5.950201E-08        7.122286E-10
5.840000        6.904688E-06       -6.845186E-06        5.950200E-08        7.122286E-10
5.850000        6.896473E-06       -6.836971E-06        5.950199E-08        7.122286E-10
5.860000        6.888281E-06       -6.828779E-06        5.950198E-08        7.122286E-10
5.870000        6.880114E-06       -6.820612E-06        5.950197E-08        7.122286E-10
5.880000        6.871971E-06       -6.812469E-06        5.950196E-08        7.122286E-10
5.890000        6.863852E-06       -6.804350E-06        5.950196E-08        7.122286E-10
5.900000        6.855757E-06       -6.796255E-06        5.950195E-08        7.122286E-10
5.910000        6.847685E-06       -6.788183E-06        5.950194E-08        7.122286E-10
5.920000        6.839637E-06       -6.780135E-06        5.950193E-08        7.122286E-10
5.930000        6.831612E-06       -6.772110E-06        5.950192E-08        7.122286E-10
5.940000        6.823611E-06       -6.764109E-06        5.950192E-08        7.122286E-10
5.950000        6.815633E-06       -6.756131E-06        5.950191E-08        7.122286E-10
5.960000        6.807678E-06       -6.748176E-06        5.950190E-08        7.122286E-10
5.970000        6.799747E-06       -6.740245E-06        5.950189E-08        7.122286E-10
5.980000        6.791838E-06       -6.732336E-06        5.950188E-08        7.122286E-10
5.990000        6.783952E-06       -6.724450E-06        5.950188E-08        7.122286E-10
6.000000        6.776089E-06       -6.716587E-06        5.950187E-08        7.122286E-10
6.010000        6.768248E-06       -6.708746E-06        5.950186E-08        7.122286E-10
6.020000        6.760430E-06       -6.700928E-06        5.950185E-08        7.122286E-10
6.030000        6.752634E-06       -6.693132E-06        5.950185E-08        7.122286E-10
6.040000        6.744861E-06       -6.685359E-06        5.950184E-08        7.122286E-10
6.050000        6.737110E-06       -6.677608E-06        5.950183E-08        7.122286E-10
6.060000        6.729381E-06       -6.669879E-06        5.950182E-08        7.122286E-10
6.070000        6.721674E-06       -6.662172E-06        5.950182E-08        7.122286E-10
6.080000        6.713989E-06       -6.654487E-06        5.950181E-08        7.122286E-10
6.090000        6.706326E-06       -6.646824E-06        5.950180E-08        7.122286E-10
6.100000        6.698684E-06       -6.639182E-06        5.950179E-08        7.122286E-10
6.110000        6.691064E-06       -6.631563E-06        5.950179E-08        7.122286E-10
6.120000        6.683466E-06       -6.623964E-06        5.950178E-08        7.122286E-10
6.130000        6.675889E-06       -6.616387E-06        5.950177E-08        7.122286E-10
6.140000        6.668334E-06       -6.608832E-06        5.950177E-08        7.122286E-10
6.150000        6.660799E-06       -6.601298E-06        5.950176E-08        7.122286E-10
6.160000        6.653286E-06       -6.593784E-06        5.950175E-08        7.122286E-10
6.170000        6.645794E-06       -6.586292E-06        5.950174E-08        7.122286E-10
6.180000        6.638323E-06       -6.578821E-06        5.950174E-08        7.122286E-10
6.190000        6.630873E-06       -6.571371E-06        5.950173E-08        7.122286E-10
6.200000        6.623443E-06       -6.563941E-06        5.950172E-08        7.122286E-10
6.210000        6.616034E-06       -6.556533E-06        5.950172E-08        7.122286E-10
6.220000        6.608646E-06       -6.549144E-06        5.950171E-08        7.122286E-10
6.230000        6.601278E-06       -6.541777E-06        5.950170E-08        7.122286E-10
6.240000        6.593931E-06       -6.534429E-06        5.950170E-08        7.122286E-10
6.250000        6.586604E-06       -6.527102E-06        5.950169E-08        7.122286E-10
6.260000        6.579297E-06       -6.519795E-06        5.950168E-08        7.122286E-10
6.270000        6.572010E-06       -6.512509E-06        5.950168E-08        7.122286E-10
6.280000        6.564744E-06       -6.505242E-06        5.950167E-08        7.122286E-10
6.290000        6.557497E-06       -6.497996E-06        5.950166E-08        7.122286E-10
6.300000        6.550271E-06       -6.490769E-06        5.950166E-08        7.122286E-10
6.310000        6.543064E-06       -6.483562E-06        5.950165E-08        7.122286E-10
6.320000        6.535876E-06       -6.476375E-06        5.950164E-08        7.122286E-10
6.330000        6.528709E-06       -6.469207E-06        5.950164E-08        7.122286E-10
6.340000        6.521561E-06       -6.462059E-06        5.950163E-08        7.122286E-10
6.350000        6.514432E-06       -6.454930E-06        5.950163E-08        7.122286E-10
6.360000        6.507323E-06       -6.447821E-06        5.950162E-08        7.122286E-10
6.370000        6.500233E-06       -6.440731E-06        5.950161E-08        7.122286E-10
6.380000        6.493162E-06       -6.433660E-06        5.950161E-08        7.122286E-10
6.390000        6.486110E-06       -6.426609E-06        5.950160E-08        7.122286E-10
6.400000        6.479078E-06       -6.419576E-06        5.950160E-08        7.122286E-10
6.410000        6.472064E-06       -6.412562E-06        5.950159E-08        7.122286E-10
6.420000        6.465069E-06       -6.405567E-06        5.950158E-08        7.122286E-10
6.430000        6.458093E-06       -6.398591E-06        5.950158E-08        7.122286E-10
6.440000        6.451136E-06       -6.391634E-06        5.950157E-08        7.122286E-10
6.450000        6.444197E-06       -6.384695E-06        5.950157E-08        7.122286E-10
6.460000        6.437277E-06       -6.377775E-06        5.950156E-08        7.122286E-10
6.470000        6.430375E-06       -6.370874E-06        5.950155E-08        7.122286E-10
6.480000        6.423492E-06       -6.363990E-06        5.950155E-08        7.122286E-10
6.490000        6.416627E-06       -6.357126E-06        5.950154E-08        7.122286E-10
6.500000        6.409780E-06       -6.350279E-06        5.950154E-08        7.122286E-10
6.510000        6.402952E-06       -6.343450E-06        5.950153E-08        7.122286E-10
6.520000        6.396141E-06       -6.336640E-06        5.950153E-08        7.122286E-10
6.530000        6.389349E-06       -6.329847E-06        5.950152E-08        7.122286E-10
6.540000        6.382574E-06       -6.323073E-06        5.950151E-08        7.122286E-10
6.550000        6.375818E-06       -6.316316E-06        5.950151E-08        7.122286E-10
6.560000        6.369079E-06       -6.309577E-06        5.950150E-08        7.122286E-10
6.570000        6.362358E-06       -6.302856E-06        5.950150E-08        7.122286E-10
6.580000        6.355654E-06       -6.296153E-06        5.950149E-08        7.122286E-10
6.590000        6.348968E-06       -6.289467E-06        5.950149E-08        7.122286E-10
6.600000        6.342300E-06       -6.282798E-06        5.950148E-08        7.122286E-10
6.610000        6.335649E-06       -6.276147E-06        5.950148E-08        7.122286E-10
6.620000        6.329015E-06       -6.269514E-06        5.950147E-08        7.122286E-10
6.630000        6.322399E-06       -6.262897E-06        5.950146E-08        7.122286E-10
6.640000        6.315800E-06       -6.256298E-06        5.950146E-08        7.122286E-10
6.650000        6.309217E-06       -6.249716E-06        5.950145E-08        7.122286E-10
6.660000        6.302652E-06       -6.243151E-06        5.950145E-08        7.122286E-10
6.670000        6.296104E-06       -6.236603E-06        5.950144E-08        7.122286E-10
6.680000        6.289573E-06       -6.230072E-06        5.950144E-08        7.122286E-10
6.690000        6.283059E-06       -6.223558E-06        5.950143E-08        7.122286E-10
6.700000        6.276562E-06       -6.217060E-06        5.950143E-08        7.122286E-10
6.710000        6.270081E-06       -6.210579E-06        5.950142E-08        7.122286E-10
6.720000        6.263617E-06       -6.204115E-06        5.950142E-08        7.122286E-10
6.730000        6.257169E-06       -6.197668E-06        5.950141E-08        7.122286E-10
6.740000        6.250738E-06       -6.191237E-06        5.950141E-08        7.122286E-10
6.750000        6.244323E-06       -6.184822E-06        5.950140E-08        7.122286E-10
6.760000        6.237925E-06       -6.178424E-06        5.950140E-08        7.122286E-10
6.770000        6.231543E-06       -6.172042E-06        5.950139E-08        7.122286E-10
6.780000        6.225178E-06       -6.165676E-06        5.950139E-08        7.122286E-10
6.790000        6.218828E-06       -6.159327E-06        5.950138E-08        7.122286E-10
6.800000        6.212495E-06       -6.152993E-06        5.950138E-08        7.122286E-10
6.810000        6.206177E-06       -6.146676E-06        5.950137E-08        7.122286E-10
6.820000        6.199876E-06       -6.140375E-06        5.950137E-08        7.122286E-10
6.830000        6.193591E-06       -6.134089E-06        5.950136E-08        7.122286E-10
6.840000        6.187321E-06       -6.127820E-06        5.950136E-08        7.122286E-10
6.850000        6.181067E-06       -6.121566E-06        5.950136E-08        7.122286E-10
6.860000        6.174829E-06       -6.115328E-06        5.950135E-08        7.122286E-10
6.870000        6.168607E-06       -6.109106E-06        5.950135E-08        7.122286E-10
6.880000        6.162400E-06       -6.102899E-06        5.950134E-08        7.122286E-10
6.890000        6.156209E-06       -6.096708E-06        5.950134E-08        7.122286E-10
6.900000        6.150033E-06       -6.090532E-06        5.950133E-08        7.122286E-10
6.910000        6.143873E-06       -6.084371E-06        5.950133E-08        7.122286E-10
6.920000        6.137728E-06       -6.078226E-06        5.950132E-08        7.122286E-10
6.930000        6.131598E-06       -6.072097E-06        5.950132E-08        7.122286E-10
6.940000        6.125484E-06       -6.065982E-06        5.950131E-08        7.122286E-10
6.950000        6.119384E-06       -6.059883E-06        5.950131E-08        7.122286E-10
6.960000        6.113300E-06       -6.053799E-06        5.950131E-08        7.122286E-10
6.970000        6.107231E-06       -6.047730E-06        5.950130E-08        7.122286E-10
6.980000        6.101177E-06       -6.041676E-06        5.950130E-08        7.122286E-10
6.990000        6.095138E-06       -6.035636E-06        5.950129E-08        7.122286E-10
7.000000        6.089113E-06       -6.029612E-06        5.950129E-08        7.122286E-10
7.010000        6.083104E-06       -6.023603E-06        5.950128E-08        7.122286E-10
7.020000        6.077109E-06       -6.017608E-06        5.950128E-08        7.122286E-10
7.030000        6.071129E-06       -6.011628E-06        5.950127E-08        7.122286E-10
7.040000        6.065164E-06       -6.005663E-06        5.950127E-08        7.122286E-10
7.050000        6.059213E-06       -5.999712E-06        5.950127E-08        7.122286E-10
7.060000        6.053277E-06       -5.993776E-06        5.950126E-08        7.122286E-10
7.070000        6.047355E-06       -5.987854E-06        5.950126E-08        7.122286E-10
7.080000        6.041448E-06       -5.981946E-06        5.950125E-08        7.122286E-10
7.090000        6.035555E-06       -5.976053E-06        5.950125E-08        7.122286E-10
7.100000        6.029676E-06       -5.970175E-06        5.950125E-08        7.122286E-10
7.110000        6.023812E-06       -5.964310E-06        5.950124E-08        7.122286E-10
7.120000        6.017961E-06       -5.958460E-06        5.950124E-08        7.122286E-10
7.130000        6.012125E-06       -5.952624E-06        5.950123E-08        7.122286E-10
7.140000        6.006303E-06       -5.946802E-06        5.950123E-08        7.122286E-10
7.150000        6.000495E-06       -5.940994E-06        5.950123E-08        7.122286E-10
7.160000        5.994701E-06       -5.935200E-06        5.950122E-08        7.122286E-10
7.170000        5.988921E-06       -5.929420E-06        5.950122E-08        7.122286E-10
7.180000        5.983155E-06       -5.923654E-06        5.950121E-08        7.122286E-10
7.190000        5.977403E-06       -5.917902E-06        5.950121E-08        7.122286E-10
7.200000        5.971664E-06       -5.912163E-06        5.950121E-08        7.122286E-10
7.210000        5.965939E-06       -5.906438E-06        5.950120E-08        7.122286E-10
7.220000        5.960228E-06       -5.900727E-06        5.950120E-08        7.122286E-10
7.230000        5.954531E-06       -5.895030E-06        5.950119E-08        7.122286E-10
7.240000        5.948847E-06       -5.889346E-06        5.950119E-08        7.122286E-10
7.250000        5.943176E-06       -5.883675E-06        5.950119E-08        7.122286E-10
7.260000        5.937519E-06       -5.878018E-06        5.950118E-08        7.122286E-10
7.270000        5.931876E-06       -5.872374E-06        5.950118E-08        7.122286E-10
7.280000        5.926245E-06       -5.866744E-06        5.950118E-08        7.122286E-10
7.290000        5.920628E-06       -5.861127E-06        5.950117E-08        7.122286E-10
7.300000        5.915025E-06       -5.855524E-06        5.950117E-08        7.122286E-10
7.310000        5.909434E-06       -5.849933E-06        5.950116E-08        7.122286E-10
7.320000        5.903857E-06       -5.844356E-06        5.950116E-08        7.122286E-10
7.330000        5.898293E-06       -5.838792E-06        5.950116E-08        7.122286E-10
7.340000        5.892742E-06       -5.833240E-06        5.950115E-08        7.122286E-10
7.350000        5.887203E-06       -5.827702E-06        5.950115E-08        7.122286E-10
7.360000        5.881678E-06       -5.822177E-06        5.950115E-08        7.122286E-10
7.370000        5.876166E-06       -5.816665E-06        5.950114E-08        7.122286E-10
7.380000        5.870667E-06       -5.811165E-06        5.950114E-08        7.122286E-10
7.390000        5.865180E-06       -5.805679E-06        5.950114E-08        7.122286E-10
7.400000        5.859706E-06       -5.800205E-06        5.950113E-08        7.122286E-10
7.410000        5.854245E-06       -5.794744E-06        5.950113E-08        7.122286E-10
7.420000        5.848797E-06       -5.789296E-06        5.950113E-08        7.122286E-10
7.430000        5.843361E-06       -5.783860E-06        5.950112E-08        7.122286E-10
7.440000        5.837938E-06       -5.778437E-06        5.950112E-08        7.122286E-10
7.450000        5.832527E-06       -5.773026E-06        5.950111E-08        7.122286E-10
7.460000        5.827129E-06       -5.767628E-06        5.950111E-08        7.122286E-10
7.470000        5.821743E-06       -5.762242E-06        5.950111E-08        7.122286E-10
7.480000        5.816370E-06       -5.756869E-06        5.950110E-08        7.122286E-10
7.490000        5.811009E-06       -5.751508E-06        5.950110E-08        7.122286E-10
7.500000        5.805661E-06       -5.746159E-06        5.950110E-08        7.122286E-10
7.510000        5.800324E-06       -5.740823E-06        5.950109E-08        7.122286E-10
7.520000        5.795000E-06       -5.735499E-06        5.950109E-08        7.122286E-10
7.530000        5.789688E-06       -5.730187E-06        5.950109E-08        7.122286E-10
7.540000        5.784388E-06       -5.724887E-06        5.950108E-08        7.122286E-10
7.550000        5.779101E-06       -5.719599E-06        5.950108E-08        7.122286E-10
7.560000        5.773825E-06       -5.714324E-06        5.950108E-08        7.122286E-10
7.570000        5.768561E-06       -5.709060E-06        5.950107E-08        7.122286E-10
7.580000        5.763309E-06       -5.703808E-06        5.950107E-08        7.122286E-10
7.590000        5.758070E-06       -5.698569E-06        5.950107E-08        7.122286E-10
7.600000        5.752842E-06       -5.693341E-06        5.950107E-08        7.122286E-10
7.610000        5.747626E-06       -5.688125E-06        5.950106E-08        7.122286E-10
7.620000        5.742421E-06       -5.682920E-06        5.950106E-08        7.122286E-10
7.630000        5.737229E-06       -5.677728E-06        5.950106E-08        7.122286E-10
7.640000        5.732048E-06       -5.672547E-06        5.950105E-08        7.122286E-10
7.650000        5.726879E-06       -5.667377E-06        5.950105E-08        7.122286E-10
7.660000        5.721721E-06       -5.662220E-06        5.950105E-08        7.122286E-10
7.670000        5.716575E-06       -5.657074E-06        5.950104E-08        7.122286E-10
7.680000        5.711440E-06       -5.651939E-06        5.950104E-08        7.122286E-10
7.690000        5.706317E-06       -5.646816E-06        5.950104E-08        7.122286E-10
7.700000        5.701206E-06       -5.641705E-06        5.950103E-08        7.122286E-10
7.710000        5.696106E-06       -5.636605E-06        5.950103E-08        7.122286E-10
7.720000        5.691017E-06       -5.631516E-06        5.950103E-08        7.122286E-10
7.730000        5.685940E-06       -5.626438E-06        5.950103E-08        7.122286E-10
7.740000        5.680873E-06       -5.621372E-06        5.950102E-08        7.122286E-10
7.750000        5.675818E-06       -5.616317E-06        5.950102E-08        7.122286E-10
7.760000        5.670775E-06       -5.611274E-06        5.950102E-08        7.122286E-10
7.770000        5.665742E-06       -5.606241E-06        5.950101E-08        7.122286E-10
7.780000        5.660721E-06       -5.601220E-06        5.950101E-08        7.122286E-10
7.790000        5.655711E-06       -5.596210E-06        5.950101E-08        7.122286E-10
7.800000        5.650711E-06       -5.591210E-06        5.950100E-08        7.122286E-10
7.810000        5.645723E-06       -5.586222E-06        5.950100E-08        7.122286E-10
7.820000        5.640746E-06       -5.581245E-06        5.950100E-08        7.122286E-10
7.830000        5.635780E-06       -5.576279E-06        5.950100E-08        7.122286E-10
7.840000        5.630824E-06       -5.571323E-06        5.950099E-08        7.122286E-10
7.850000        5.625880E-06       -5.566379E-06        5.950099E-08        7.122286E-10
7.860000        5.620946E-06       -5.561445E-06        5.950099E-08        7.122286E-10
7.870000        5.616023E-06       -5.556522E-06        5.950098E-08        7.122286E-10
7.880000        5.611111E-06       -5.551610E-06        5.950098E-08        7.122286E-10
7.890000        5.606210E-06       -5.546709E-06        5.950098E-08        7.122286E-10
7.900000        5.601319E-06       -5.541818E-06        5.950098E-08        7.122286E-10
7.910000        5.596439E-06       -5.536938E-06        5.950097E-08        7.122286E-10
7.920000        5.591569E-06       -5.532068E-06        5.950097E-08        7.122286E-10
7.930000        5.586710E-06       -5.527209E-06        5.950097E-08        7.122286E-10
7.940000        5.581862E-06       -5.522361E-06        5.950097E-08        7.122286E-10
7.950000        5.577024E-06       -5.517523E-06        5.950096E-08        7.122286E-10
7.960000        5.572196E-06       -5.512695E-06        5.950096E-08        7.122286E-10
7.970000        5.567379E-06       -5.507878E-06        5.950096E-08        7.122286E-10
7.980000        5.562573E-06       -5.503072E-06        5.950096E-08        7.122286E-10
7.990000        5.557776E-06       -5.498275E-06        5.950095E-08        7.122286E-10
8.000000        5.552990E-06       -5.493489E-06        5.950095E-08        7.122286E-10
8.010000        5.548214E-06       -5.488714E-06        5.950095E-08        7.122286E-10
8.020000        5.543449E-06       -5.483948E-06        5.950094E-08        7.122286E-10
8.030000        5.538694E-06       -5.479193E-06        5.950094E-08        7.122286E-10
8.040000        5.533949E-06       -5.474448E-06        5.950094E-08        7.122286E-10
8.050000        5.529214E-06       -5.469713E-06        5.950094E-08        7.122286E-10
8.060000        5.524489E-06       -5.464988E-06        5.950093E-08        7.122286E-10
8.070000        5.519774E-06       -5.460273E-06        5.950093E-08        7.122286E-10
8.080000        5.515069E-06       -5.455568E-06        5.950093E-08        7.122286E-10
8.090000        5.510374E-06       -5.450873E-06        5.950093E-08        7.122286E-10
8.100000        5.505690E-06       -5.446189E-06        5.950092E-08        7.122286E-10
8.110000        5.501015E-06       -5.441514E-06        5.950092E-08        7.122286E-10
8.120000        5.496350E-06       -5.436849E-06        5.950092E-08        7.122286E-10
8.130000        5.491695E-06       -5.432194E-06        5.950092E-08        7.122286E-10
8.140000        5.487049E-06       -5.427549E-06        5.950091E-08        7.122286E-10
8.150000        5.482414E-06       -5.422913E-06        5.950091E-08        7.122286E-10
8.160000        5.477788E-06       -5.418287E-06        5.950091E-08        7.122286E-10
8.170000        5.473172E-06       -5.413671E-06        5.950091E-08        7.122286E-10
8.180000        5.468566E-06       -5.409065E-06        5.950090E-08        7.122286E-10
8.190000        5.463970E-06       -5.404469E-06        5.950090E-08        7.122286E-10
8.200000        5.459383E-06       -5.399882E-06        5.950090E-08        7.122286E-10
8.210000        5.454805E-06       -5.395304E-06        5.950090E-08        7.122286E-10
8.220000        5.450238E-06       -5.390737E-06        5.950090E-08        7.122286E-10
8.230000        5.445679E-06       -5.386178E-06        5.950089E-08        7.122286E-10
8.240000        5.441131E-06       -5.381630E-06        5.950089E-08        7.122286E-10
8.250000        5.436591E-06       -5.377090E-06        5.950089E-08        7.122286E-10
8.260000        5.432062E-06       -5.372561E-06        5.950089E-08        7.122286E-10
8.270000        5.427541E-06       -5.368040E-06        5.950088E-08        7.122286E-10
8.280000        5.423030E-06       -5.363529E-06        5.950088E-08        7.122286E-10
8.290000        5.418529E-06       -5.359028E-06        5.950088E-08        7.122286E-10
8.300000        5.414036E-06       -5.354535E-06        5.950088E-08        7.122286E-10
8.310000        5.409553E-06       -5.350052E-06        5.950087E-08        7.122286E-10
8.320000        5.405080E-06       -5.345579E-06        5.950087E-08        7.122286E-10
8.330000        5.400615E-06       -5.341114E-06        5.950087E-08        7.122286E-10
8.340000        5.396160E-06       -5.336659E-06        5.950087E-08        7.122286E-10
8.350000        5.391714E-06       -5.332213E-06        5.950087E-08        7.122286E-10
8.360000        5.387277E-06       -5.327776E-06        5.950086E-08        7.122286E-10
8.370000        5.382849E-06       -5.323348E-06        5.950086E-08        7.122286E-10
8.380000        5.378430E-06       -5.318929E-06        5.950086E-08        7.122286E-10
8.390000        5.374020E-06       -5.314519E-06        5.950086E-08        7.122286E-10
8.400000        5.369620E-06       -5.310119E-06        5.950085E-08        7.122286E-10
8.410000        5.365228E-06       -5.305727E-06        5.950085E-08        7.122286E-10
8.420000        5.360845E-06       -5.301344E-06        5.950085E-08        7.122286E-10
8.430000        5.356471E-06       -5.296970E-06        5.950085E-08        7.122286E-10
8.440000        5.352106E-06       -5.292605E-06        5.950085E-08        7.122286E-10
8.450000        5.347750E-06       -5.288249E-06        5.950084E-08        7.122286E-10
8.460000        5.343403E-06       -5.283902E-06        5.950084E-08        7.122286E-10
8.470000        5.339065E-06       -5.279564E-06        5.950084E-08        7.122286E-10
8.480000        5.334735E-06       -5.275234E-06        5.950084E-08        7.122286E-10
8.490000        5.330414E-06       -5.270913E-06        5.950083E-08        7.122286E-10
8.500000        5.326102E-06       -5.266601E-06        5.950083E-08        7.122286E-10
8.510000        5.321799E-06       -5.262298E-06        5.950083E-08        7.122286E-10
8.520000        5.317504E-06       -5.258003E-06        5.950083E-08        7.122286E-10
8.530000        5.313218E-06       -5.253717E-06        5.950083E-08        7.122286E-10
8.540000        5.308941E-06       -5.249440E-06        5.950082E-08        7.122286E-10
8.550000        5.304672E-06       -5.245171E-06        5.950082E-08        7.122286E-10
8.560000        5.300412E-06       -5.240911E-06        5.950082E-08        7.122286E-10
8.570000        5.296160E-06       -5.236659E-06        5.950082E-08        7.122286E-10
8.580000        5.291917E-06       -5.232416E-06        5.950082E-08        7.122286E-10
8.590000        5.287682E-06       -5.228181E-06        5.950081E-08        7.122286E-10
8.600000        5.283456E-06       -5.223955E-06        5.950081E-08        7.122286E-10
8.610000        5.279238E-06       -5.219737E-06        5.950081E-08        7.122286E-10
8.620000        5.275028E-06       -5.215528E-06        5.950081E-08        7.122286E-10
8.630000        5.270827E-06       -5.211327E-06        5.950081E-08        7.122286E-10
8.640000        5.266635E-06       -5.207134E-06        5.950080E-08        7.122286E-10
8.650000        5.262450E-06       -5.202950E-06        5.950080E-08        7.122286E-10
8.660000        5.258274E-06       -5.198774E-06        5.950080E-08        7.122286E-10
8.670000        5.254107E-06       -5.194606E-06        5.950080E-08        7.122286E-10
8.680000        5.249947E-06       -5.190446E-06        5.950080E-08        7.122286E-10
8.690000        5.245796E-06       -5.186295E-06        5.950079E-08        7.122286E-10
8.700000        5.241653E-06       -5.182152E-06        5.950079E-08        7.122286E-10
8.710000        5.237518E-06       -5.178017E-06        5.950079E-08        7.122286E-10
8.720000        5.233391E-06       -5.173890E-06        5.950079E-08        7.122286E-10
8.730000        5.229272E-06       -5.169771E-06        5.950079E-08        7.122286E-10
8.740000        5.225162E-06       -5.165661E-06        5.950079E-08        7.122286E-10
8.750000        5.221059E-06       -5.161558E-06        5.950078E-08        7.122286E-10
8.760000        5.216965E-06       -5.157464E-06        5.950078E-08        7.122286E-10
8.770000        5.212878E-06       -5.153377E-06        5.950078E-08        7.122286E-10
8.780000        5.208800E-06       -5.149299E-06        5.950078E-08        7.122286E-10
8.790000        5.204729E-06       -5.145228E-06        5.950078E-08        7.122286E-10
8.800000        5.200667E-06       -5.141166E-06        5.950077E-08        7.122286E-10
8.810000        5.196612E-06       -5.137111E-06        5.950077E-08        7.122286E-10
8.820000        5.192565E-06       -5.133064E-06        5.950077E-08        7.122286E-10
8.830000        5.188526E-06       -5.129026E-06        5.950077E-08        7.122286E-10
8.840000        5.184495E-06       -5.124995E-06        5.950077E-08        7.122286E-10
8.850000        5.180472E-06       -5.120971E-06        5.950077E-08        7.122286E-10
8.860000        5.176457E-06       -5.116956E-06        5.950076E-08        7.122286E-10
8.870000        5.172449E-06       -5.112948E-06        5.950076E-08        7.122286E-10
8.880000        5.168449E-06       -5.108948E-06        5.950076E-08        7.122286E-10
8.890000        5.164457E-06       -5.104956E-06        5.950076E-08        7.122286E-10
8.900000        5.160473E-06       -5.100972E-06        5.950076E-08        7.122286E-10
8.910000        5.156496E-06       -5.096995E-06        5.950075E-08        7.122286E-10
8.920000        5.152527E-06       -5.093026E-06        5.950075E-08        7.122286E-10
8.930000        5.148565E-06       -5.089064E-06        5.950075E-08        7.122286E-10
8.940000        5.144611E-06       -5.085111E-06        5.950075E-08        7.122286E-10
8.950000        5.140665E-06       -5.081164E-06        5.950075E-08        7.122286E-10
8.960000        5.136726E-06       -5.077226E-06        5.950075E-08        7.122286E-10
8.970000        5.132795E-06       -5.073294E-06        5.950074E-08        7.122286E-10
8.980000        5.128871E-06       -5.069371E-06        5.950074E-08        7.122286E-10
8.990000        5.124955E-06       -5.065454E-06        5.950074E-08        7.122286E-10
9.000000        5.121046E-06       -5.061546E-06        5.950074E-08        7.122286E-10
9.010000        5.117145E-06       -5.057644E-06        5.950074E-08        7.122286E-10
9.020000        5.113251E-06       -5.053751E-06        5.950074E-08        7.122286E-10
9.030000        5.109365E-06       -5.049864E-06        5.950073E-08        7.122286E-10
9.040000        5.105486E-06       -5.045985E-06        5.950073E-08        7.122286E-10
9.050000        5.101614E-06       -5.042113E-06        5.950073E-08        7.122286E-10
9.060000        5.097750E-06       -5.038249E-06        5.950073E-08        7.122286E-10
9.070000        5.093893E-06       -5.034392E-06        5.950073E-08        7.122286E-10
9.080000        5.090043E-06       -5.030542E-06        5.950073E-08        7.122286E-10
9.090000        5.086200E-06       -5.026700E-06        5.950072E-08        7.122286E-10
9.100000        5.082365E-06       -5.022864E-06        5.950072E-08        7.122286E-10
9.110000        5.078537E-06       -5.019036E-06        5.950072E-08        7.122286E-10
9.120000        5.074716E-06       -5.015216E-06        5.950072E-08        7.122286E-10
9.130000        5.070903E-06       -5.011402E-06        5.950072E-08        7.122286E-10
9.140000        5.067096E-06       -5.007595E-06        5.950072E-08        7.122286E-10
9.150000        5.063297E-06       -5.003796E-06        5.950071E-08        7.122286E-10
9.160000        5.059505E-06       -5.000004E-06        5.950071E-08        7.122286E-10
9.170000        5.055720E-06       -4.996219E-06        5.950071E-08        7.122286E-10
9.180000        5.051941E-06       -4.992441E-06        5.950071E-08        7.122286E-10
9.190000        5.048170E-06       -4.988670E-06        5.950071E-08        7.122286E-10
9.200000        5.044406E-06       -4.984906E-06        5.950071E-08        7.122286E-10
9.210000        5.040650E-06       -4.981149E-06        5.950071E-08        7.122286E-10
9.220000        5.036900E-06       -4.977399E-06        5.950070E-08        7.122286E-10
9.230000        5.033157E-06       -4.973656E-06        5.950070E-08        7.122286E-10
9.240000        5.029421E-06       -4.969920E-06        5.950070E-08        7.122286E-10
9.250000        5.025691E-06       -4.966191E-06        5.950070E-08        7.122286E-10
9.260000        5.021969E-06       -4.962469E-06        5.950070E-08        7.122286E-10
9.270000        5.018254E-06       -4.958753E-06        5.950070E-08        7.122286E-10
9.280000        5.014546E-06       -4.955045E-06        5.950069E-08        7.122286E-10
9.290000        5.010844E-06       -4.951343E-06        5.950069E-08        7.122286E-10
9.300000        5.007149E-06       -4.947648E-06        5.950069E-08        7.122286E-10
9.310000        5.003461E-06       -4.943961E-06        5.950069E-08        7.122286E-10
9.320000        4.999780E-06       -4.940279E-06        5.950069E-08        7.122286E-10
9.330000        4.996106E-06       -4.936605E-06        5.950069E-08        7.122286E-10
9.340000        4.992438E-06       -4.932937E-06        5.950069E-08        7.122286E-10
9.350000        4.988777E-06       -4.929276E-06        5.950068E-08        7.122286E-10
9.360000        4.985123E-06       -4.925622E-06        5.950068E-08        7.122286E-10
9.370000        4.981475E-06       -4.921975E-06        5.950068E-08        7.122286E-10
9.380000        4.977835E-06       -4.918334E-06        5.950068E-08        7.122286E-10
9.390000        4.974200E-06       -4.914700E-06        5.950068E-08        7.122286E-10
9.400000        4.970573E-06       -4.911072E-06        5.950068E-08        7.122286E-10
9.410000        4.966952E-06       -4.907451E-06        5.950068E-08        7.122286E-10
9.420000        4.963338E-06       -4.903837E-06        5.950067E-08        7.122286E-10
9.430000        4.959730E-06       -4.900229E-06        5.950067E-08        7.122286E-10
9.440000        4.956129E-06       -4.896628E-06        5.950067E-08        7.122286E-10
9.450000        4.952534E-06       -4.893033E-06        5.950067E-08        7.122286E-10
9.460000        4.948946E-06       -4.889445E-06        5.950067E-08        7.122286E-10
9.470000        4.945364E-06       -4.885863E-06        5.950067E-08        7.122286E-10
9.480000        4.941789E-06       -4.882288E-06        5.950067E-08        7.122286E-10
9.490000        4.938220E-06       -4.878719E-06        5.950066E-08        7.122286E-10
9.500000        4.934658E-06       -4.875157E-06        5.950066E-08        7.122286E-10
9.510000        4.931102E-06       -4.871601E-06        5.950066E-08        7.122286E-10
9.520000        4.927552E-06       -4.868052E-06        5.950066E-08        7.122286E-10
9.530000        4.924009E-06       -4.864509E-06        5.950066E-08        7.122286E-10
9.540000        4.920473E-06       -4.860972E-06        5.950066E-08        7.122286E-10
9.550000        4.916942E-06       -4.857442E-06        5.950066E-08        7.122286E-10
9.560000        4.913418E-06       -4.853918E-06        5.950065E-08        7.122286E-10
9.570000        4.909901E-06       -4.850400E-06        5.950065E-08        7.122286E-10
9.580000        4.906389E-06       -4.846889E-06        5.950065E-08        7.122286E-10
9.590000        4.902884E-06       -4.843383E-06        5.950065E-08        7.122286E-10
9.600000        4.899385E-06       -4.839885E-06        5.950065E-08        7.122286E-10
9.610000        4.895893E-06       -4.836392E-06        5.950065E-08        7.122286E-10
9.620000        4.892406E-06       -4.832906E-06        5.950065E-08        7.122286E-10
9.630000        4.888926E-06       -4.829425E-06        5.950065E-08        7.122286E-10
9.640000        4.885452E-06       -4.825951E-06        5.950064E-08        7.122286E-10
9.650000        4.881984E-06       -4.822484E-06        5.950064E-08        7.122286E-10
9.660000        4.878523E-06       -4.819022E-06        5.950064E-08        7.122286E-10
9.670000        4.875067E-06       -4.815566E-06        5.950064E-08        7.122286E-10
9.680000        4.871618E-06       -4.812117E-06        5.950064E-08        7.122286E-10
9.690000        4.868174E-06       -4.808674E-06        5.950064E-08        7.122286E-10
9.700000        4.864737E-06       -4.805236E-06        5.950064E-08        7.122286E-10
9.710000        4.861306E-06       -4.801805E-06        5.950064E-08        7.122286E-10
9.720000        4.857881E-06       -4.798380E-06        5.950063E-08        7.122286E-10
9.730000        4.854462E-06       -4.794961E-06        5.950063E-08        7.122286E-10
9.740000        4.851049E-06       -4.791548E-06        5.950063E-08        7.122286E-10
9.750000        4.847642E-06       -4.788141E-06        5.950063E-08        7.122286E-10
9.760000        4.844241E-06       -4.784740E-06        5.950063E-08        7.122286E-10
9.770000        4.840846E-06       -4.781345E-06        5.950063E-08        7.122286E-10
9.780000        4.837456E-06       -4.777956E-06        5.950063E-08        7.122286E-10
9.790000        4.834073E-06       -4.774573E-06        5.950063E-08        7.122286E-10
9.800000        4.830696E-06       -4.771195E-06        5.950062E-08        7.122286E-10
9.810000        4.827325E-06       -4.767824E-06        5.950062E-08        7.122286E-10
9.820000        4.823959E-06       -4.764458E-06        5.950062E-08        7.122286E-10
9.830000        4.820599E-06       -4.761099E-06        5.950062E-08        7.122286E-10
9.840000        4.817246E-06       -4.757745E-06        5.950062E-08        7.122286E-10
9.850000        4.813898E-06       -4.754397E-06        5.950062E-08        7.122286E-10
9.860000        4.810556E-06       -4.751055E-06        5.950062E-08        7.122286E-10
9.870000        4.807219E-06       -4.747719E-06        5.950062E-08        7.122286E-10
9.880000        4.803889E-06       -4.744388E-06        5.950061E-08        7.122286E-10
9.890000        4.800564E-06       -4.741063E-06        5.950061E-08        7.122286E-10
9.900000        4.797245E-06       -4.737744E-06        5.950061E-08        7.122286E-10
9.910000        4.793932E-06       -4.734431E-06        5.950061E-08        7.122286E-10
9.920000        4.790624E-06       -4.731124E-06        5.950061E-08        7.122286E-10
9.930000        4.787322E-06       -4.727822E-06        5.950061E-08        7.122286E-10
9.940000        4.784026E-06       -4.724526E-06        5.950061E-08        7.122286E-10
9.950000        4.780736E-06       -4.721235E-06        5.950061E-08        7.122286E-10
9.960000        4.777451E-06       -4.717950E-06        5.950060E-08        7.122286E-10
9.970000        4.774172E-06       -4.714671E-06        5.950060E-08        7.122286E-10
9.980000        4.770898E-06       -4.711398E-06        5.950060E-08        7.122286E-10
9.990000        4.767630E-06       -4.708130E-06        5.950060E-08        7.122286E-10
10.00000        4.764368E-06       -4.704867E-06        5.950060E-08        7.122286E-10
