#Time(Yr)                X_Ea                Y_Ea                Z_Ea             R_earth
0.00000             1.00000             0.00000             0.00000             1.00000
0.0100000            0.998026           0.0888580             0.00000             1.00197
0.0200000            0.992135            0.177367             0.00000             1.00786
0.0300000            0.982419            0.265193             0.00000             1.01758
0.0400000            0.969021            0.352024             0.00000             1.03098
0.0500000            0.952133            0.437588             0.00000             1.04787
0.0600000            0.931978            0.521650             0.00000             1.06804
0.0700000            0.908803            0.604022             0.00000             1.09122
0.0800000            0.882866            0.684558             0.00000             1.11717
0.0900000            0.854430            0.763157             0.00000             1.14563
0.100000            0.823751            0.839751             0.00000             1.17633
0.110000            0.791074            0.914309             0.00000             1.20903
0.120000            0.756629            0.986825             0.00000             1.24351
0.130000            0.720631             1.05731             0.00000             1.27954
0.140000            0.683275             1.12581             0.00000             1.31693
0.150000            0.644738             1.19236             0.00000             1.35551
0.160000            0.605179             1.25702             0.00000             1.39512
0.170000            0.564741             1.31986             0.00000             1.43560
0.180000            0.523548             1.38093             0.00000             1.47684
0.190000            0.481714             1.44031             0.00000             1.51873
0.200000            0.439337             1.49807             0.00000             1.56116
0.210000            0.396505             1.55427             0.00000             1.60405
0.220000            0.353293             1.60898             0.00000             1.64731
0.230000            0.309769             1.66228             0.00000             1.69089
0.240000            0.265992             1.71422             0.00000             1.73473
0.250000            0.222014             1.76486             0.00000             1.77877
0.260000            0.177880             1.81426             0.00000             1.82296
0.270000            0.133630             1.86248             0.00000             1.86727
0.280000           0.0892990             1.90957             0.00000             1.91166
0.290000           0.0449178             1.95558             0.00000             1.95610
0.300000         0.000512800             2.00056             0.00000             2.00056
0.310000          -0.0438924             2.04456             0.00000             2.04503
0.320000          -0.0882774             2.08761             0.00000             2.08947
0.330000           -0.132624             2.12975             0.00000             2.13388
0.340000           -0.176917             2.17104             0.00000             2.17823
0.350000           -0.221142             2.21149             0.00000             2.22252
0.360000           -0.265288             2.25115             0.00000             2.26672
0.370000           -0.309344             2.29004             0.00000             2.31084
0.380000           -0.353301             2.32820             0.00000             2.35485
0.390000           -0.397151             2.36566             0.00000             2.39876
0.400000           -0.440887             2.40244             0.00000             2.44256
0.410000           -0.484504             2.43857             0.00000             2.48623
0.420000           -0.527997             2.47407             0.00000             2.52979
0.430000           -0.571361             2.50897             0.00000             2.57321
0.440000           -0.614592             2.54329             0.00000             2.61650
0.450000           -0.657688             2.57705             0.00000             2.65965
0.460000           -0.700646             2.61027             0.00000             2.70267
0.470000           -0.743464             2.64296             0.00000             2.74554
0.480000           -0.786140             2.67516             0.00000             2.78827
0.490000           -0.828673             2.70686             0.00000             2.83086
0.500000           -0.871062             2.73809             0.00000             2.87331
0.510000           -0.913305             2.76887             0.00000             2.91561
0.520000           -0.955404             2.79921             0.00000             2.95776
0.530000           -0.997356             2.82912             0.00000             2.99977
0.540000            -1.03916             2.85861             0.00000             3.04163
0.550000            -1.08082             2.88771             0.00000             3.08335
0.560000            -1.12234             2.91641             0.00000             3.12492
0.570000            -1.16371             2.94474             0.00000             3.16634
0.580000            -1.20493             2.97270             0.00000             3.20762
0.590000            -1.24602             3.00031             0.00000             3.24876
0.600000            -1.28695             3.02757             0.00000             3.28975
0.610000            -1.32775             3.05450             0.00000             3.33060
0.620000            -1.36840             3.08110             0.00000             3.37130
0.630000            -1.40891             3.10738             0.00000             3.41187
0.640000            -1.44929             3.13335             0.00000             3.45229
0.650000            -1.48952             3.15902             0.00000             3.49258
0.660000            -1.52961             3.18440             0.00000             3.53272
0.670000            -1.56957             3.20950             0.00000             3.57273
0.680000            -1.60939             3.23431             0.00000             3.61261
0.690000            -1.64908             3.25886             0.00000             3.65234
0.700000            -1.68863             3.28314             0.00000             3.69195
0.710000            -1.72806             3.30716             0.00000             3.73142
0.720000            -1.76735             3.33094             0.00000             3.77076
0.730000            -1.80651             3.35446             0.00000             3.80997
0.740000            -1.84554             3.37775             0.00000             3.84905
0.750000            -1.88444             3.40081             0.00000             3.88801
0.760000            -1.92322             3.42363             0.00000             3.92683
0.770000            -1.96187             3.44623             0.00000             3.96553
0.780000            -2.00040             3.46862             0.00000             4.00411
0.790000            -2.03880             3.49079             0.00000             4.04256
0.800000            -2.07708             3.51275             0.00000             4.08089
0.810000            -2.11524             3.53451             0.00000             4.11910
0.820000            -2.15328             3.55607             0.00000             4.15719
0.830000            -2.19121             3.57743             0.00000             4.19517
0.840000            -2.22901             3.59860             0.00000             4.23302
0.850000            -2.26671             3.61959             0.00000             4.27076
0.860000            -2.30428             3.64039             0.00000             4.30838
0.870000            -2.34174             3.66101             0.00000             4.34589
0.880000            -2.37909             3.68146             0.00000             4.38329
0.890000            -2.41633             3.70173             0.00000             4.42057
0.900000            -2.45346             3.72183             0.00000             4.45775
0.910000            -2.49048             3.74177             0.00000             4.49481
0.920000            -2.52738             3.76155             0.00000             4.53177
0.930000            -2.56419             3.78116             0.00000             4.56862
0.940000            -2.60088             3.80062             0.00000             4.60536
0.950000            -2.63747             3.81993             0.00000             4.64199
0.960000            -2.67396             3.83908             0.00000             4.67853
0.970000            -2.71035             3.85809             0.00000             4.71496
0.980000            -2.74663             3.87695             0.00000             4.75128
0.990000            -2.78281             3.89567             0.00000             4.78751
1.00000            -2.81889             3.91425             0.00000             4.82364
1.01000            -2.85487             3.93269             0.00000             4.85966
1.02000            -2.89075             3.95099             0.00000             4.89559
1.03000            -2.92654             3.96917             0.00000             4.93142
1.04000            -2.96223             3.98721             0.00000             4.96716
1.05000            -2.99782             4.00512             0.00000             5.00279
1.06000            -3.03332             4.02291             0.00000             5.03834
1.07000            -3.06873             4.04057             0.00000             5.07379
1.08000            -3.10404             4.05811             0.00000             5.10915
1.09000            -3.13927             4.07553             0.00000             5.14441
1.10000            -3.17440             4.09284             0.00000             5.17958
1.11000            -3.20944             4.11002             0.00000             5.21467
1.12000            -3.24439             4.12709             0.00000             5.24966
1.13000            -3.27925             4.14405             0.00000             5.28457
1.14000            -3.31402             4.16090             0.00000             5.31939
1.15000            -3.34871             4.17764             0.00000             5.35412
1.16000            -3.38331             4.19427             0.00000             5.38876
1.17000            -3.41783             4.21080             0.00000             5.42332
1.18000            -3.45226             4.22722             0.00000             5.45779
1.19000            -3.48661             4.24354             0.00000             5.49218
1.20000            -3.52087             4.25976             0.00000             5.52649
1.21000            -3.55506             4.27588             0.00000             5.56072
1.22000            -3.58916             4.29190             0.00000             5.59486
1.23000            -3.62318             4.30782             0.00000             5.62892
1.24000            -3.65712             4.32365             0.00000             5.66290
1.25000            -3.69098             4.33938             0.00000             5.69680
1.26000            -3.72476             4.35502             0.00000             5.73063
1.27000            -3.75846             4.37057             0.00000             5.76437
1.28000            -3.79209             4.38603             0.00000             5.79804
1.29000            -3.82564             4.40141             0.00000             5.83163
1.30000            -3.85911             4.41669             0.00000             5.86514
1.31000            -3.89251             4.43189             0.00000             5.89858
1.32000            -3.92583             4.44700             0.00000             5.93194
1.33000            -3.95908             4.46203             0.00000             5.96523
1.34000            -3.99225             4.47697             0.00000             5.99845
1.35000            -4.02535             4.49183             0.00000             6.03159
1.36000            -4.05838             4.50662             0.00000             6.06466
1.37000            -4.09134             4.52132             0.00000             6.09765
1.38000            -4.12423             4.53594             0.00000             6.13058
1.39000            -4.15704             4.55049             0.00000             6.16344
1.40000            -4.18979             4.56496             0.00000             6.19622
1.41000            -4.22246             4.57935             0.00000             6.22894
1.42000            -4.25507             4.59367             0.00000             6.26158
1.43000            -4.28761             4.60791             0.00000             6.29416
1.44000            -4.32008             4.62209             0.00000             6.32667
1.45000            -4.35248             4.63619             0.00000             6.35911
1.46000            -4.38482             4.65021             0.00000             6.39149
1.47000            -4.41709             4.66417             0.00000             6.42380
1.48000            -4.44929             4.67806             0.00000             6.45604
1.49000            -4.48143             4.69188             0.00000             6.48822
1.50000            -4.51351             4.70563             0.00000             6.52033
1.51000            -4.54552             4.71932             0.00000             6.55238
1.52000            -4.57746             4.73294             0.00000             6.58437
1.53000            -4.60934             4.74649             0.00000             6.61629
1.54000            -4.64116             4.75998             0.00000             6.64814
1.55000            -4.67292             4.77341             0.00000             6.67994
1.56000            -4.70462             4.78677             0.00000             6.71167
1.57000            -4.73625             4.80007             0.00000             6.74335
1.58000            -4.76783             4.81330             0.00000             6.77496
1.59000            -4.79934             4.82648             0.00000             6.80651
1.60000            -4.83079             4.83960             0.00000             6.83800
1.61000            -4.86218             4.85265             0.00000             6.86943
1.62000            -4.89352             4.86565             0.00000             6.90080
1.63000            -4.92479             4.87859             0.00000             6.93212
1.64000            -4.95601             4.89147             0.00000             6.96337
1.65000            -4.98717             4.90429             0.00000             6.99457
1.66000            -5.01827             4.91706             0.00000             7.02570
1.67000            -5.04931             4.92977             0.00000             7.05679
1.68000            -5.08030             4.94243             0.00000             7.08781
1.69000            -5.11123             4.95503             0.00000             7.11878
1.70000            -5.14211             4.96758             0.00000             7.14969
1.71000            -5.17293             4.98007             0.00000             7.18055
1.72000            -5.20369             4.99251             0.00000             7.21135
1.73000            -5.23440             5.00490             0.00000             7.24209
1.74000            -5.26506             5.01723             0.00000             7.27279
1.75000            -5.29566             5.02951             0.00000             7.30342
1.76000            -5.32620             5.04175             0.00000             7.33401
1.77000            -5.35670             5.05393             0.00000             7.36454
1.78000            -5.38714             5.06606             0.00000             7.39502
1.79000            -5.41753             5.07815             0.00000             7.42544
1.80000            -5.44787             5.09018             0.00000             7.45581
1.81000            -5.47815             5.10217             0.00000             7.48614
1.82000            -5.50838             5.11410             0.00000             7.51640
1.83000            -5.53856             5.12599             0.00000             7.54662
1.84000            -5.56870             5.13784             0.00000             7.57679
1.85000            -5.59878             5.14963             0.00000             7.60691
1.86000            -5.62881             5.16138             0.00000             7.63697
1.87000            -5.65879             5.17309             0.00000             7.66699
1.88000            -5.68872             5.18475             0.00000             7.69695
1.89000            -5.71860             5.19636             0.00000             7.72687
1.90000            -5.74843             5.20793             0.00000             7.75674
1.91000            -5.77822             5.21946             0.00000             7.78656
1.92000            -5.80795             5.23094             0.00000             7.81633
1.93000            -5.83764             5.24238             0.00000             7.84605
1.94000            -5.86728             5.25377             0.00000             7.87573
1.95000            -5.89687             5.26513             0.00000             7.90535
1.96000            -5.92642             5.27644             0.00000             7.93493
1.97000            -5.95591             5.28771             0.00000             7.96447
1.98000            -5.98537             5.29893             0.00000             7.99396
1.99000            -6.01477             5.31012             0.00000             8.02340
2.00000            -6.04413             5.32127             0.00000             8.05279
2.01000            -6.07345             5.33238             0.00000             8.08214
2.02000            -6.10271             5.34344             0.00000             8.11144
2.03000            -6.13194             5.35447             0.00000             8.14070
2.04000            -6.16112             5.36546             0.00000             8.16991
2.05000            -6.19025             5.37641             0.00000             8.19908
2.06000            -6.21934             5.38732             0.00000             8.22821
2.07000            -6.24839             5.39819             0.00000             8.25729
2.08000            -6.27739             5.40902             0.00000             8.28632
2.09000            -6.30635             5.41982             0.00000             8.31531
2.10000            -6.33526             5.43058             0.00000             8.34426
2.11000            -6.36413             5.44130             0.00000             8.37317
2.12000            -6.39296             5.45199             0.00000             8.40203
2.13000            -6.42175             5.46264             0.00000             8.43085
2.14000            -6.45049             5.47325             0.00000             8.45963
2.15000            -6.47919             5.48383             0.00000             8.48837
2.16000            -6.50785             5.49438             0.00000             8.51706
2.17000            -6.53647             5.50488             0.00000             8.54571
2.18000            -6.56505             5.51536             0.00000             8.57433
2.19000            -6.59359             5.52580             0.00000             8.60290
2.20000            -6.62208             5.53620             0.00000             8.63142
2.21000            -6.65054             5.54657             0.00000             8.65991
2.22000            -6.67895             5.55691             0.00000             8.68836
2.23000            -6.70733             5.56721             0.00000             8.71677
2.24000            -6.73566             5.57748             0.00000             8.74514
2.25000            -6.76395             5.58772             0.00000             8.77346
2.26000            -6.79221             5.59792             0.00000             8.80175
2.27000            -6.82042             5.60809             0.00000             8.83000
2.28000            -6.84860             5.61823             0.00000             8.85821
2.29000            -6.87674             5.62834             0.00000             8.88638
2.30000            -6.90484             5.63842             0.00000             8.91451
2.31000            -6.93290             5.64846             0.00000             8.94261
2.32000            -6.96092             5.65848             0.00000             8.97066
2.33000            -6.98890             5.66846             0.00000             8.99868
2.34000            -7.01685             5.67841             0.00000             9.02666
2.35000            -7.04476             5.68833             0.00000             9.05460
2.36000            -7.07263             5.69822             0.00000             9.08250
2.37000            -7.10046             5.70808             0.00000             9.11037
2.38000            -7.12826             5.71792             0.00000             9.13820
2.39000            -7.15602             5.72772             0.00000             9.16599
2.40000            -7.18374             5.73749             0.00000             9.19374
2.41000            -7.21143             5.74723             0.00000             9.22146
2.42000            -7.23908             5.75695             0.00000             9.24915
2.43000            -7.26669             5.76663             0.00000             9.27679
2.44000            -7.29427             5.77629             0.00000             9.30440
2.45000            -7.32181             5.78592             0.00000             9.33198
2.46000            -7.34932             5.79552             0.00000             9.35952
2.47000            -7.37679             5.80509             0.00000             9.38702
2.48000            -7.40423             5.81464             0.00000             9.41449
2.49000            -7.43163             5.82416             0.00000             9.44192
2.50000            -7.45900             5.83365             0.00000             9.46932
2.51000            -7.48633             5.84311             0.00000             9.49669
2.52000            -7.51362             5.85255             0.00000             9.52401
2.53000            -7.54089             5.86196             0.00000             9.55131
2.54000            -7.56812             5.87134             0.00000             9.57857
2.55000            -7.59531             5.88069             0.00000             9.60580
2.56000            -7.62247             5.89002             0.00000             9.63299
2.57000            -7.64960             5.89933             0.00000             9.66015
2.58000            -7.67669             5.90861             0.00000             9.68727
2.59000            -7.70375             5.91786             0.00000             9.71437
2.60000            -7.73078             5.92709             0.00000             9.74142
2.61000            -7.75777             5.93629             0.00000             9.76845
2.62000            -7.78474             5.94547             0.00000             9.79544
2.63000            -7.81166             5.95462             0.00000             9.82240
2.64000            -7.83856             5.96375             0.00000             9.84933
2.65000            -7.86542             5.97285             0.00000             9.87623
2.66000            -7.89226             5.98193             0.00000             9.90309
2.67000            -7.91906             5.99098             0.00000             9.92992
2.68000            -7.94582             6.00001             0.00000             9.95672
2.69000            -7.97256             6.00902             0.00000             9.98348
2.70000            -7.99926             6.01800             0.00000             10.0102
2.71000            -8.02594             6.02696             0.00000             10.0369
2.72000            -8.05258             6.03589             0.00000             10.0636
2.73000            -8.07919             6.04480             0.00000             10.0902
2.74000            -8.10577             6.05369             0.00000             10.1168
2.75000            -8.13231             6.06255             0.00000             10.1434
2.76000            -8.15883             6.07140             0.00000             10.1700
2.77000            -8.18532             6.08021             0.00000             10.1965
2.78000            -8.21177             6.08901             0.00000             10.2230
2.79000            -8.23820             6.09778             0.00000             10.2494
2.80000            -8.26460             6.10654             0.00000             10.2759
2.81000            -8.29096             6.11527             0.00000             10.3023
2.82000            -8.31730             6.12397             0.00000             10.3286
2.83000            -8.34360             6.13266             0.00000             10.3550
2.84000            -8.36988             6.14132             0.00000             10.3813
2.85000            -8.39613             6.14996             0.00000             10.4075
2.86000            -8.42234             6.15858             0.00000             10.4338
2.87000            -8.44853             6.16718             0.00000             10.4600
2.88000            -8.47469             6.17576             0.00000             10.4862
2.89000            -8.50082             6.18432             0.00000             10.5124
2.90000            -8.52692             6.19285             0.00000             10.5385
2.91000            -8.55299             6.20137             0.00000             10.5646
2.92000            -8.57904             6.20986             0.00000             10.5907
2.93000            -8.60505             6.21833             0.00000             10.6167
2.94000            -8.63104             6.22679             0.00000             10.6427
2.95000            -8.65700             6.23522             0.00000             10.6687
2.96000            -8.68293             6.24363             0.00000             10.6947
2.97000            -8.70883             6.25202             0.00000             10.7206
2.98000            -8.73470             6.26039             0.00000             10.7465
2.99000            -8.76055             6.26875             0.00000             10.7724
3.00000            -8.78637             6.27708             0.00000             10.7982
3.01000            -8.81216             6.28539             0.00000             10.8241
3.02000            -8.83792             6.29368             0.00000             10.8499
3.03000            -8.86366             6.30196             0.00000             10.8756
3.04000            -8.88937             6.31021             0.00000             10.9014
3.05000            -8.91505             6.31845             0.00000             10.9271
3.06000            -8.94071             6.32666             0.00000             10.9528
3.07000            -8.96634             6.33486             0.00000             10.9784
3.08000            -8.99194             6.34304             0.00000             11.0040
3.09000            -9.01751             6.35120             0.00000             11.0297
3.10000            -9.04306             6.35934             0.00000             11.0552
3.11000            -9.06858             6.36746             0.00000             11.0808
3.12000            -9.09408             6.37556             0.00000             11.1063
3.13000            -9.11955             6.38365             0.00000             11.1318
3.14000            -9.14499             6.39171             0.00000             11.1573
3.15000            -9.17041             6.39976             0.00000             11.1827
3.16000            -9.19580             6.40779             0.00000             11.2081
3.17000            -9.22117             6.41580             0.00000             11.2335
3.18000            -9.24651             6.42380             0.00000             11.2589
3.19000            -9.27182             6.43178             0.00000             11.2843
3.20000            -9.29711             6.43973             0.00000             11.3096
3.21000            -9.32237             6.44768             0.00000             11.3349
3.22000            -9.34761             6.45560             0.00000             11.3601
3.23000            -9.37283             6.46351             0.00000             11.3854
3.24000            -9.39801             6.47140             0.00000             11.4106
3.25000            -9.42318             6.47927             0.00000             11.4358
3.26000            -9.44832             6.48712             0.00000             11.4610
3.27000            -9.47343             6.49496             0.00000             11.4861
3.28000            -9.49852             6.50278             0.00000             11.5112
3.29000            -9.52358             6.51059             0.00000             11.5363
3.30000            -9.54862             6.51838             0.00000             11.5614
3.31000            -9.57364             6.52615             0.00000             11.5864
3.32000            -9.59863             6.53390             0.00000             11.6114
3.33000            -9.62360             6.54164             0.00000             11.6364
3.34000            -9.64854             6.54936             0.00000             11.6614
3.35000            -9.67346             6.55707             0.00000             11.6864
3.36000            -9.69835             6.56475             0.00000             11.7113
3.37000            -9.72322             6.57243             0.00000             11.7362
3.38000            -9.74807             6.58008             0.00000             11.7611
3.39000            -9.77289             6.58772             0.00000             11.7859
3.40000            -9.79769             6.59535             0.00000             11.8107
3.41000            -9.82247             6.60296             0.00000             11.8355
3.42000            -9.84722             6.61055             0.00000             11.8603
3.43000            -9.87195             6.61813             0.00000             11.8851
3.44000            -9.89666             6.62569             0.00000             11.9098
3.45000            -9.92134             6.63324             0.00000             11.9345
3.46000            -9.94601             6.64077             0.00000             11.9592
3.47000            -9.97064             6.64829             0.00000             11.9839
3.48000            -9.99526             6.65579             0.00000             12.0085
3.49000            -10.0198             6.66327             0.00000             12.0331
3.50000            -10.0444             6.67074             0.00000             12.0577
3.51000            -10.0690             6.67820             0.00000             12.0823
3.52000            -10.0935             6.68564             0.00000             12.1069
3.53000            -10.1180             6.69306             0.00000             12.1314
3.54000            -10.1425             6.70048             0.00000             12.1559
3.55000            -10.1669             6.70787             0.00000             12.1804
3.56000            -10.1914             6.71525             0.00000             12.2049
3.57000            -10.2158             6.72262             0.00000             12.2293
3.58000            -10.2402             6.72997             0.00000             12.2537
3.59000            -10.2645             6.73731             0.00000             12.2781
3.60000            -10.2889             6.74463             0.00000             12.3025
3.61000            -10.3132             6.75194             0.00000             12.3268
3.62000            -10.3375             6.75924             0.00000             12.3512
3.63000            -10.3618             6.76652             0.00000             12.3755
3.64000            -10.3860             6.77379             0.00000             12.3998
3.65000            -10.4103             6.78104             0.00000             12.4240
3.66000            -10.4345             6.78828             0.00000             12.4483
3.67000            -10.4587             6.79550             0.00000             12.4725
3.68000            -10.4829             6.80271             0.00000             12.4967
3.69000            -10.5070             6.80991             0.00000             12.5209
3.70000            -10.5312             6.81709             0.00000             12.5450
3.71000            -10.5553             6.82426             0.00000             12.5692
3.72000            -10.5794             6.83142             0.00000             12.5933
3.73000            -10.6034             6.83856             0.00000             12.6174
3.74000            -10.6275             6.84569             0.00000             12.6415
3.75000            -10.6515             6.85281             0.00000             12.6655
3.76000            -10.6755             6.85991             0.00000             12.6896
3.77000            -10.6995             6.86700             0.00000             12.7136
3.78000            -10.7235             6.87408             0.00000             12.7376
3.79000            -10.7474             6.88114             0.00000             12.7615
3.80000            -10.7713             6.88819             0.00000             12.7855
3.81000            -10.7952             6.89523             0.00000             12.8094
3.82000            -10.8191             6.90225             0.00000             12.8333
3.83000            -10.8430             6.90926             0.00000             12.8572
3.84000            -10.8668             6.91626             0.00000             12.8811
3.85000            -10.8907             6.92325             0.00000             12.9049
3.86000            -10.9145             6.93022             0.00000             12.9288
3.87000            -10.9382             6.93718             0.00000             12.9526
3.88000            -10.9620             6.94413             0.00000             12.9764
3.89000            -10.9857             6.95106             0.00000             13.0002
3.90000            -11.0095             6.95799             0.00000             13.0239
3.91000            -11.0332             6.96490             0.00000             13.0476
3.92000            -11.0569             6.97179             0.00000             13.0713
3.93000            -11.0805             6.97868             0.00000             13.0950
3.94000            -11.1042             6.98555             0.00000             13.1187
3.95000            -11.1278             6.99241             0.00000             13.1424
3.96000            -11.1514             6.99926             0.00000             13.1660
3.97000            -11.1750             7.00610             0.00000             13.1896
3.98000            -11.1986             7.01292             0.00000             13.2132
3.99000            -11.2221             7.01974             0.00000             13.2368
4.00000            -11.2456             7.02654             0.00000             13.2603
4.01000            -11.2692             7.03333             0.00000             13.2839
4.02000            -11.2926             7.04010             0.00000             13.3074
4.03000            -11.3161             7.04687             0.00000             13.3309
4.04000            -11.3396             7.05362             0.00000             13.3544
4.05000            -11.3630             7.06036             0.00000             13.3778
4.06000            -11.3864             7.06709             0.00000             13.4013
4.07000            -11.4098             7.07381             0.00000             13.4247
4.08000            -11.4332             7.08052             0.00000             13.4481
4.09000            -11.4566             7.08722             0.00000             13.4715
4.10000            -11.4799             7.09390             0.00000             13.4949
4.11000            -11.5032             7.10057             0.00000             13.5182
4.12000            -11.5265             7.10723             0.00000             13.5416
4.13000            -11.5498             7.11388             0.00000             13.5649
4.14000            -11.5731             7.12052             0.00000             13.5882
4.15000            -11.5963             7.12715             0.00000             13.6114
4.16000            -11.6196             7.13377             0.00000             13.6347
4.17000            -11.6428             7.14037             0.00000             13.6579
4.18000            -11.6660             7.14697             0.00000             13.6812
4.19000            -11.6892             7.15355             0.00000             13.7044
4.20000            -11.7123             7.16012             0.00000             13.7276
4.21000            -11.7355             7.16668             0.00000             13.7507
4.22000            -11.7586             7.17323             0.00000             13.7739
4.23000            -11.7817             7.17977             0.00000             13.7970
4.24000            -11.8048             7.18630             0.00000             13.8201
4.25000            -11.8279             7.19282             0.00000             13.8432
4.26000            -11.8509             7.19933             0.00000             13.8663
4.27000            -11.8740             7.20582             0.00000             13.8894
4.28000            -11.8970             7.21231             0.00000             13.9124
4.29000            -11.9200             7.21879             0.00000             13.9354
4.30000            -11.9430             7.22525             0.00000             13.9585
4.31000            -11.9659             7.23170             0.00000             13.9815
4.32000            -11.9889             7.23815             0.00000             14.0044
4.33000            -12.0118             7.24458             0.00000             14.0274
4.34000            -12.0347             7.25101             0.00000             14.0503
4.35000            -12.0576             7.25742             0.00000             14.0733
4.36000            -12.0805             7.26382             0.00000             14.0962
4.37000            -12.1034             7.27021             0.00000             14.1191
4.38000            -12.1262             7.27660             0.00000             14.1419
4.39000            -12.1491             7.28297             0.00000             14.1648
4.40000            -12.1719             7.28933             0.00000             14.1876
4.41000            -12.1947             7.29568             0.00000             14.2104
4.42000            -12.2174             7.30202             0.00000             14.2332
4.43000            -12.2402             7.30836             0.00000             14.2560
4.44000            -12.2629             7.31468             0.00000             14.2788
4.45000            -12.2857             7.32099             0.00000             14.3016
4.46000            -12.3084             7.32729             0.00000             14.3243
4.47000            -12.3311             7.33358             0.00000             14.3470
4.48000            -12.3538             7.33987             0.00000             14.3697
4.49000            -12.3764             7.34614             0.00000             14.3924
4.50000            -12.3991             7.35240             0.00000             14.4151
4.51000            -12.4217             7.35866             0.00000             14.4378
4.52000            -12.4443             7.36490             0.00000             14.4604
4.53000            -12.4669             7.37113             0.00000             14.4830
4.54000            -12.4895             7.37736             0.00000             14.5056
4.55000            -12.5121             7.38357             0.00000             14.5282
4.56000            -12.5346             7.38978             0.00000             14.5508
4.57000            -12.5572             7.39597             0.00000             14.5734
4.58000            -12.5797             7.40216             0.00000             14.5959
4.59000            -12.6022             7.40834             0.00000             14.6184
4.60000            -12.6247             7.41450             0.00000             14.6409
4.61000            -12.6471             7.42066             0.00000             14.6634
4.62000            -12.6696             7.42681             0.00000             14.6859
4.63000            -12.6920             7.43295             0.00000             14.7084
4.64000            -12.7145             7.43908             0.00000             14.7308
4.65000            -12.7369             7.44520             0.00000             14.7533
4.66000            -12.7592             7.45132             0.00000             14.7757
4.67000            -12.7816             7.45742             0.00000             14.7981
4.68000            -12.8040             7.46351             0.00000             14.8205
4.69000            -12.8263             7.46960             0.00000             14.8428
4.70000            -12.8487             7.47567             0.00000             14.8652
4.71000            -12.8710             7.48174             0.00000             14.8875
4.72000            -12.8933             7.48780             0.00000             14.9098
4.73000            -12.9156             7.49385             0.00000             14.9322
4.74000            -12.9378             7.49989             0.00000             14.9545
4.75000            -12.9601             7.50592             0.00000             14.9767
4.76000            -12.9823             7.51194             0.00000             14.9990
4.77000            -13.0045             7.51796             0.00000             15.0212
4.78000            -13.0267             7.52396             0.00000             15.0435
4.79000            -13.0489             7.52996             0.00000             15.0657
4.80000            -13.0711             7.53595             0.00000             15.0879
4.81000            -13.0933             7.54192             0.00000             15.1101
4.82000            -13.1154             7.54790             0.00000             15.1322
4.83000            -13.1375             7.55386             0.00000             15.1544
4.84000            -13.1597             7.55981             0.00000             15.1765
4.85000            -13.1818             7.56575             0.00000             15.1987
4.86000            -13.2039             7.57169             0.00000             15.2208
4.87000            -13.2259             7.57762             0.00000             15.2429
4.88000            -13.2480             7.58354             0.00000             15.2650
4.89000            -13.2700             7.58945             0.00000             15.2870
4.90000            -13.2921             7.59535             0.00000             15.3091
4.91000            -13.3141             7.60124             0.00000             15.3311
4.92000            -13.3361             7.60713             0.00000             15.3531
4.93000            -13.3581             7.61301             0.00000             15.3752
4.94000            -13.3800             7.61888             0.00000             15.3972
4.95000            -13.4020             7.62474             0.00000             15.4191
4.96000            -13.4239             7.63059             0.00000             15.4411
4.97000            -13.4458             7.63644             0.00000             15.4631
4.98000            -13.4678             7.64227             0.00000             15.4850
4.99000            -13.4897             7.64810             0.00000             15.5069
5.00000            -13.5115             7.65392             0.00000             15.5288
5.01000            -13.5334             7.65973             0.00000             15.5507
5.02000            -13.5553             7.66554             0.00000             15.5726
5.03000            -13.5771             7.67133             0.00000             15.5945
5.04000            -13.5989             7.67712             0.00000             15.6163
5.05000            -13.6207             7.68290             0.00000             15.6382
5.06000            -13.6425             7.68867             0.00000             15.6600
5.07000            -13.6643             7.69444             0.00000             15.6818
5.08000            -13.6861             7.70019             0.00000             15.7036
5.09000            -13.7079             7.70594             0.00000             15.7254
5.10000            -13.7296             7.71168             0.00000             15.7471
5.11000            -13.7513             7.71741             0.00000             15.7689
5.12000            -13.7730             7.72314             0.00000             15.7906
5.13000            -13.7947             7.72886             0.00000             15.8123
5.14000            -13.8164             7.73457             0.00000             15.8341
5.15000            -13.8381             7.74027             0.00000             15.8558
5.16000            -13.8598             7.74596             0.00000             15.8774
5.17000            -13.8814             7.75165             0.00000             15.8991
5.18000            -13.9031             7.75733             0.00000             15.9208
5.19000            -13.9247             7.76300             0.00000             15.9424
5.20000            -13.9463             7.76866             0.00000             15.9640
5.21000            -13.9679             7.77432             0.00000             15.9857
5.22000            -13.9894             7.77997             0.00000             16.0073
5.23000            -14.0110             7.78561             0.00000             16.0289
5.24000            -14.0326             7.79124             0.00000             16.0504
5.25000            -14.0541             7.79687             0.00000             16.0720
5.26000            -14.0756             7.80249             0.00000             16.0935
5.27000            -14.0971             7.80810             0.00000             16.1151
5.28000            -14.1186             7.81371             0.00000             16.1366
5.29000            -14.1401             7.81930             0.00000             16.1581
5.30000            -14.1616             7.82489             0.00000             16.1796
5.31000            -14.1831             7.83047             0.00000             16.2011
5.32000            -14.2045             7.83605             0.00000             16.2226
5.33000            -14.2259             7.84162             0.00000             16.2440
5.34000            -14.2474             7.84718             0.00000             16.2655
5.35000            -14.2688             7.85273             0.00000             16.2869
5.36000            -14.2902             7.85828             0.00000             16.3083
5.37000            -14.3115             7.86382             0.00000             16.3297
5.38000            -14.3329             7.86935             0.00000             16.3511
5.39000            -14.3543             7.87487             0.00000             16.3725
5.40000            -14.3756             7.88039             0.00000             16.3938
5.41000            -14.3969             7.88590             0.00000             16.4152
5.42000            -14.4182             7.89141             0.00000             16.4365
5.43000            -14.4395             7.89690             0.00000             16.4579
5.44000            -14.4608             7.90239             0.00000             16.4792
5.45000            -14.4821             7.90787             0.00000             16.5005
5.46000            -14.5034             7.91335             0.00000             16.5218
5.47000            -14.5246             7.91882             0.00000             16.5430
5.48000            -14.5459             7.92428             0.00000             16.5643
5.49000            -14.5671             7.92974             0.00000             16.5856
5.50000            -14.5883             7.93518             0.00000             16.6068
5.51000            -14.6095             7.94063             0.00000             16.6280
5.52000            -14.6307             7.94606             0.00000             16.6492
5.53000            -14.6519             7.95149             0.00000             16.6704
5.54000            -14.6730             7.95691             0.00000             16.6916
5.55000            -14.6942             7.96232             0.00000             16.7128
5.56000            -14.7153             7.96773             0.00000             16.7340
5.57000            -14.7365             7.97313             0.00000             16.7551
5.58000            -14.7576             7.97852             0.00000             16.7763
5.59000            -14.7787             7.98391             0.00000             16.7974
5.60000            -14.7998             7.98929             0.00000             16.8185
5.61000            -14.8208             7.99467             0.00000             16.8396
5.62000            -14.8419             8.00003             0.00000             16.8607
5.63000            -14.8630             8.00539             0.00000             16.8818
5.64000            -14.8840             8.01075             0.00000             16.9028
5.65000            -14.9050             8.01610             0.00000             16.9239
5.66000            -14.9260             8.02144             0.00000             16.9449
5.67000            -14.9470             8.02677             0.00000             16.9659
5.68000            -14.9680             8.03210             0.00000             16.9870
5.69000            -14.9890             8.03742             0.00000             17.0080
5.70000            -15.0100             8.04274             0.00000             17.0290
5.71000            -15.0309             8.04805             0.00000             17.0499
5.72000            -15.0519             8.05335             0.00000             17.0709
5.73000            -15.0728             8.05865             0.00000             17.0919
5.74000            -15.0937             8.06393             0.00000             17.1128
5.75000            -15.1146             8.06922             0.00000             17.1337
5.76000            -15.1355             8.07450             0.00000             17.1547
5.77000            -15.1564             8.07977             0.00000             17.1756
5.78000            -15.1773             8.08503             0.00000             17.1965
5.79000            -15.1982             8.09029             0.00000             17.2173
5.80000            -15.2190             8.09554             0.00000             17.2382
5.81000            -15.2398             8.10079             0.00000             17.2591
5.82000            -15.2607             8.10603             0.00000             17.2799
5.83000            -15.2815             8.11126             0.00000             17.3008
5.84000            -15.3023             8.11649             0.00000             17.3216
5.85000            -15.3231             8.12171             0.00000             17.3424
5.86000            -15.3439             8.12692             0.00000             17.3632
5.87000            -15.3646             8.13213             0.00000             17.3840
5.88000            -15.3854             8.13733             0.00000             17.4048
5.89000            -15.4061             8.14253             0.00000             17.4255
5.90000            -15.4269             8.14772             0.00000             17.4463
5.91000            -15.4476             8.15290             0.00000             17.4670
5.92000            -15.4683             8.15808             0.00000             17.4878
5.93000            -15.4890             8.16325             0.00000             17.5085
5.94000            -15.5097             8.16842             0.00000             17.5292
5.95000            -15.5304             8.17358             0.00000             17.5499
5.96000            -15.5510             8.17873             0.00000             17.5706
5.97000            -15.5717             8.18388             0.00000             17.5913
5.98000            -15.5923             8.18902             0.00000             17.6119
5.99000            -15.6129             8.19416             0.00000             17.6326
6.00000            -15.6336             8.19929             0.00000             17.6532
6.01000            -15.6542             8.20442             0.00000             17.6739
6.02000            -15.6748             8.20953             0.00000             17.6945
6.03000            -15.6954             8.21465             0.00000             17.7151
6.04000            -15.7159             8.21975             0.00000             17.7357
6.05000            -15.7365             8.22486             0.00000             17.7563
6.06000            -15.7570             8.22995             0.00000             17.7769
6.07000            -15.7776             8.23504             0.00000             17.7974
6.08000            -15.7981             8.24012             0.00000             17.8180
6.09000            -15.8186             8.24520             0.00000             17.8385
6.10000            -15.8391             8.25028             0.00000             17.8590
6.11000            -15.8596             8.25534             0.00000             17.8796
6.12000            -15.8801             8.26040             0.00000             17.9001
6.13000            -15.9006             8.26546             0.00000             17.9206
6.14000            -15.9211             8.27051             0.00000             17.9411
6.15000            -15.9415             8.27555             0.00000             17.9615
6.16000            -15.9620             8.28059             0.00000             17.9820
6.17000            -15.9824             8.28562             0.00000             18.0025
6.18000            -16.0028             8.29065             0.00000             18.0229
6.19000            -16.0232             8.29567             0.00000             18.0433
6.20000            -16.0436             8.30069             0.00000             18.0638
6.21000            -16.0640             8.30570             0.00000             18.0842
6.22000            -16.0844             8.31070             0.00000             18.1046
6.23000            -16.1048             8.31570             0.00000             18.1250
6.24000            -16.1251             8.32070             0.00000             18.1453
6.25000            -16.1455             8.32568             0.00000             18.1657
6.26000            -16.1658             8.33067             0.00000             18.1861
6.27000            -16.1861             8.33564             0.00000             18.2064
6.28000            -16.2064             8.34062             0.00000             18.2268
6.29000            -16.2267             8.34558             0.00000             18.2471
6.30000            -16.2470             8.35054             0.00000             18.2674
6.31000            -16.2673             8.35550             0.00000             18.2877
6.32000            -16.2876             8.36045             0.00000             18.3080
6.33000            -16.3079             8.36539             0.00000             18.3283
6.34000            -16.3281             8.37033             0.00000             18.3486
6.35000            -16.3484             8.37527             0.00000             18.3688
6.36000            -16.3686             8.38020             0.00000             18.3891
6.37000            -16.3888             8.38512             0.00000             18.4093
6.38000            -16.4090             8.39004             0.00000             18.4296
6.39000            -16.4292             8.39495             0.00000             18.4498
6.40000            -16.4494             8.39986             0.00000             18.4700
6.41000            -16.4696             8.40476             0.00000             18.4902
6.42000            -16.4897             8.40966             0.00000             18.5104
6.43000            -16.5099             8.41455             0.00000             18.5306
6.44000            -16.5301             8.41944             0.00000             18.5507
6.45000            -16.5502             8.42432             0.00000             18.5709
6.46000            -16.5703             8.42919             0.00000             18.5910
6.47000            -16.5904             8.43407             0.00000             18.6112
6.48000            -16.6105             8.43893             0.00000             18.6313
6.49000            -16.6306             8.44379             0.00000             18.6514
6.50000            -16.6507             8.44865             0.00000             18.6715
6.51000            -16.6708             8.45350             0.00000             18.6916
6.52000            -16.6909             8.45834             0.00000             18.7117
6.53000            -16.7109             8.46318             0.00000             18.7318
6.54000            -16.7310             8.46802             0.00000             18.7519
6.55000            -16.7510             8.47285             0.00000             18.7719
6.56000            -16.7710             8.47767             0.00000             18.7920
6.57000            -16.7911             8.48249             0.00000             18.8120
6.58000            -16.8111             8.48731             0.00000             18.8321
6.59000            -16.8311             8.49212             0.00000             18.8521
6.60000            -16.8510             8.49692             0.00000             18.8721
6.61000            -16.8710             8.50172             0.00000             18.8921
6.62000            -16.8910             8.50652             0.00000             18.9121
6.63000            -16.9109             8.51131             0.00000             18.9320
6.64000            -16.9309             8.51609             0.00000             18.9520
6.65000            -16.9508             8.52088             0.00000             18.9720
6.66000            -16.9708             8.52565             0.00000             18.9919
6.67000            -16.9907             8.53042             0.00000             19.0119
6.68000            -17.0106             8.53519             0.00000             19.0318
6.69000            -17.0305             8.53995             0.00000             19.0517
6.70000            -17.0504             8.54470             0.00000             19.0716
6.71000            -17.0703             8.54945             0.00000             19.0915
6.72000            -17.0901             8.55420             0.00000             19.1114
6.73000            -17.1100             8.55894             0.00000             19.1313
6.74000            -17.1298             8.56368             0.00000             19.1512
6.75000            -17.1497             8.56841             0.00000             19.1710
6.76000            -17.1695             8.57313             0.00000             19.1909
6.77000            -17.1893             8.57786             0.00000             19.2107
6.78000            -17.2091             8.58257             0.00000             19.2306
6.79000            -17.2289             8.58729             0.00000             19.2504
6.80000            -17.2487             8.59199             0.00000             19.2702
6.81000            -17.2685             8.59670             0.00000             19.2900
6.82000            -17.2883             8.60139             0.00000             19.3098
6.83000            -17.3081             8.60609             0.00000             19.3296
6.84000            -17.3278             8.61078             0.00000             19.3494
6.85000            -17.3476             8.61546             0.00000             19.3691
6.86000            -17.3673             8.62014             0.00000             19.3889
6.87000            -17.3870             8.62481             0.00000             19.4086
6.88000            -17.4067             8.62948             0.00000             19.4284
6.89000            -17.4264             8.63415             0.00000             19.4481
6.90000            -17.4461             8.63881             0.00000             19.4678
6.91000            -17.4658             8.64347             0.00000             19.4875
6.92000            -17.4855             8.64812             0.00000             19.5072
6.93000            -17.5052             8.65276             0.00000             19.5269
6.94000            -17.5248             8.65741             0.00000             19.5466
6.95000            -17.5445             8.66204             0.00000             19.5663
6.96000            -17.5641             8.66668             0.00000             19.5860
6.97000            -17.5838             8.67131             0.00000             19.6056
6.98000            -17.6034             8.67593             0.00000             19.6253
6.99000            -17.6230             8.68055             0.00000             19.6449
7.00000            -17.6426             8.68517             0.00000             19.6645
7.01000            -17.6622             8.68978             0.00000             19.6841
7.02000            -17.6818             8.69438             0.00000             19.7038
7.03000            -17.7014             8.69898             0.00000             19.7234
7.04000            -17.7209             8.70358             0.00000             19.7429
7.05000            -17.7405             8.70817             0.00000             19.7625
7.06000            -17.7600             8.71276             0.00000             19.7821
7.07000            -17.7796             8.71734             0.00000             19.8017
7.08000            -17.7991             8.72192             0.00000             19.8212
7.09000            -17.8186             8.72650             0.00000             19.8408
7.10000            -17.8382             8.73107             0.00000             19.8603
7.11000            -17.8577             8.73564             0.00000             19.8798
7.12000            -17.8772             8.74020             0.00000             19.8993
7.13000            -17.8967             8.74475             0.00000             19.9189
7.14000            -17.9161             8.74931             0.00000             19.9384
7.15000            -17.9356             8.75386             0.00000             19.9579
7.16000            -17.9551             8.75840             0.00000             19.9773
7.17000            -17.9745             8.76294             0.00000             19.9968
7.18000            -17.9940             8.76747             0.00000             20.0163
7.19000            -18.0134             8.77201             0.00000             20.0357
7.20000            -18.0328             8.77653             0.00000             20.0552
7.21000            -18.0522             8.78106             0.00000             20.0746
7.22000            -18.0716             8.78557             0.00000             20.0940
7.23000            -18.0910             8.79009             0.00000             20.1135
7.24000            -18.1104             8.79460             0.00000             20.1329
7.25000            -18.1298             8.79910             0.00000             20.1523
7.26000            -18.1492             8.80360             0.00000             20.1717
7.27000            -18.1686             8.80810             0.00000             20.1911
7.28000            -18.1879             8.81259             0.00000             20.2104
7.29000            -18.2073             8.81708             0.00000             20.2298
7.30000            -18.2266             8.82157             0.00000             20.2492
7.31000            -18.2459             8.82605             0.00000             20.2685
7.32000            -18.2652             8.83052             0.00000             20.2879
7.33000            -18.2846             8.83500             0.00000             20.3072
7.34000            -18.3039             8.83946             0.00000             20.3265
7.35000            -18.3232             8.84393             0.00000             20.3458
7.36000            -18.3424             8.84839             0.00000             20.3651
7.37000            -18.3617             8.85284             0.00000             20.3844
7.38000            -18.3810             8.85729             0.00000             20.4037
7.39000            -18.4003             8.86174             0.00000             20.4230
7.40000            -18.4195             8.86618             0.00000             20.4423
7.41000            -18.4387             8.87062             0.00000             20.4616
7.42000            -18.4580             8.87506             0.00000             20.4808
7.43000            -18.4772             8.87949             0.00000             20.5001
7.44000            -18.4964             8.88391             0.00000             20.5193
7.45000            -18.5156             8.88834             0.00000             20.5385
7.46000            -18.5348             8.89275             0.00000             20.5578
7.47000            -18.5540             8.89717             0.00000             20.5770
7.48000            -18.5732             8.90158             0.00000             20.5962
7.49000            -18.5924             8.90598             0.00000             20.6154
7.50000            -18.6116             8.91039             0.00000             20.6346
7.51000            -18.6307             8.91479             0.00000             20.6537
7.52000            -18.6499             8.91918             0.00000             20.6729
7.53000            -18.6690             8.92357             0.00000             20.6921
7.54000            -18.6881             8.92796             0.00000             20.7112
7.55000            -18.7073             8.93234             0.00000             20.7304
7.56000            -18.7264             8.93672             0.00000             20.7495
7.57000            -18.7455             8.94109             0.00000             20.7687
7.58000            -18.7646             8.94546             0.00000             20.7878
7.59000            -18.7837             8.94983             0.00000             20.8069
7.60000            -18.8028             8.95419             0.00000             20.8260
7.61000            -18.8219             8.95855             0.00000             20.8451
7.62000            -18.8409             8.96291             0.00000             20.8642
7.63000            -18.8600             8.96726             0.00000             20.8833
7.64000            -18.8790             8.97160             0.00000             20.9023
7.65000            -18.8981             8.97595             0.00000             20.9214
7.66000            -18.9171             8.98029             0.00000             20.9405
7.67000            -18.9361             8.98462             0.00000             20.9595
7.68000            -18.9552             8.98895             0.00000             20.9785
7.69000            -18.9742             8.99328             0.00000             20.9976
7.70000            -18.9932             8.99760             0.00000             21.0166
7.71000            -19.0122             9.00192             0.00000             21.0356
7.72000            -19.0312             9.00624             0.00000             21.0546
7.73000            -19.0501             9.01055             0.00000             21.0736
7.74000            -19.0691             9.01486             0.00000             21.0926
7.75000            -19.0881             9.01917             0.00000             21.1116
7.76000            -19.1070             9.02347             0.00000             21.1306
7.77000            -19.1260             9.02777             0.00000             21.1495
7.78000            -19.1449             9.03206             0.00000             21.1685
7.79000            -19.1638             9.03635             0.00000             21.1875
7.80000            -19.1828             9.04064             0.00000             21.2064
7.81000            -19.2017             9.04492             0.00000             21.2253
7.82000            -19.2206             9.04920             0.00000             21.2443
7.83000            -19.2395             9.05347             0.00000             21.2632
7.84000            -19.2584             9.05774             0.00000             21.2821
7.85000            -19.2773             9.06201             0.00000             21.3010
7.86000            -19.2961             9.06627             0.00000             21.3199
7.87000            -19.3150             9.07053             0.00000             21.3388
7.88000            -19.3339             9.07479             0.00000             21.3577
7.89000            -19.3527             9.07904             0.00000             21.3765
7.90000            -19.3716             9.08329             0.00000             21.3954
7.91000            -19.3904             9.08754             0.00000             21.4143
7.92000            -19.4092             9.09178             0.00000             21.4331
7.93000            -19.4281             9.09602             0.00000             21.4520
7.94000            -19.4469             9.10025             0.00000             21.4708
7.95000            -19.4657             9.10448             0.00000             21.4896
7.96000            -19.4845             9.10871             0.00000             21.5084
7.97000            -19.5033             9.11293             0.00000             21.5273
7.98000            -19.5220             9.11715             0.00000             21.5461
7.99000            -19.5408             9.12137             0.00000             21.5648
8.00000            -19.5596             9.12558             0.00000             21.5836
8.01000            -19.5783             9.12979             0.00000             21.6024
8.02000            -19.5971             9.13400             0.00000             21.6212
8.03000            -19.6158             9.13820             0.00000             21.6400
8.04000            -19.6346             9.14240             0.00000             21.6587
8.05000            -19.6533             9.14659             0.00000             21.6775
8.06000            -19.6720             9.15078             0.00000             21.6962
8.07000            -19.6907             9.15497             0.00000             21.7149
8.08000            -19.7094             9.15916             0.00000             21.7337
8.09000            -19.7281             9.16334             0.00000             21.7524
8.10000            -19.7468             9.16751             0.00000             21.7711
8.11000            -19.7655             9.17169             0.00000             21.7898
8.12000            -19.7842             9.17586             0.00000             21.8085
8.13000            -19.8029             9.18002             0.00000             21.8272
8.14000            -19.8215             9.18419             0.00000             21.8459
8.15000            -19.8402             9.18835             0.00000             21.8645
8.16000            -19.8588             9.19250             0.00000             21.8832
8.17000            -19.8775             9.19666             0.00000             21.9019
8.18000            -19.8961             9.20081             0.00000             21.9205
8.19000            -19.9147             9.20495             0.00000             21.9392
8.20000            -19.9333             9.20909             0.00000             21.9578
8.21000            -19.9519             9.21323             0.00000             21.9764
8.22000            -19.9705             9.21737             0.00000             21.9950
8.23000            -19.9891             9.22150             0.00000             22.0137
8.24000            -20.0077             9.22563             0.00000             22.0323
8.25000            -20.0263             9.22976             0.00000             22.0509
8.26000            -20.0449             9.23388             0.00000             22.0695
8.27000            -20.0634             9.23800             0.00000             22.0880
8.28000            -20.0820             9.24211             0.00000             22.1066
8.29000            -20.1005             9.24622             0.00000             22.1252
8.30000            -20.1191             9.25033             0.00000             22.1437
8.31000            -20.1376             9.25444             0.00000             22.1623
8.32000            -20.1561             9.25854             0.00000             22.1808
8.33000            -20.1746             9.26264             0.00000             22.1994
8.34000            -20.1932             9.26673             0.00000             22.2179
8.35000            -20.2117             9.27082             0.00000             22.2364
8.36000            -20.2302             9.27491             0.00000             22.2550
8.37000            -20.2487             9.27900             0.00000             22.2735
8.38000            -20.2671             9.28308             0.00000             22.2920
8.39000            -20.2856             9.28716             0.00000             22.3105
8.40000            -20.3041             9.29123             0.00000             22.3290
8.41000            -20.3225             9.29531             0.00000             22.3475
8.42000            -20.3410             9.29937             0.00000             22.3659
8.43000            -20.3594             9.30344             0.00000             22.3844
8.44000            -20.3779             9.30750             0.00000             22.4029
8.45000            -20.3963             9.31156             0.00000             22.4213
8.46000            -20.4147             9.31562             0.00000             22.4398
8.47000            -20.4332             9.31967             0.00000             22.4582
8.48000            -20.4516             9.32372             0.00000             22.4766
8.49000            -20.4700             9.32776             0.00000             22.4951
8.50000            -20.4884             9.33181             0.00000             22.5135
8.51000            -20.5068             9.33584             0.00000             22.5319
8.52000            -20.5252             9.33988             0.00000             22.5503
8.53000            -20.5435             9.34391             0.00000             22.5687
8.54000            -20.5619             9.34794             0.00000             22.5871
8.55000            -20.5803             9.35197             0.00000             22.6055
8.56000            -20.5986             9.35599             0.00000             22.6238
8.57000            -20.6170             9.36001             0.00000             22.6422
8.58000            -20.6353             9.36403             0.00000             22.6606
8.59000            -20.6536             9.36804             0.00000             22.6789
8.60000            -20.6720             9.37205             0.00000             22.6973
8.61000            -20.6903             9.37606             0.00000             22.7156
8.62000            -20.7086             9.38007             0.00000             22.7339
8.63000            -20.7269             9.38407             0.00000             22.7523
8.64000            -20.7452             9.38806             0.00000             22.7706
8.65000            -20.7635             9.39206             0.00000             22.7889
8.66000            -20.7818             9.39605             0.00000             22.8072
8.67000            -20.8001             9.40004             0.00000             22.8255
8.68000            -20.8183             9.40403             0.00000             22.8438
8.69000            -20.8366             9.40801             0.00000             22.8621
8.70000            -20.8549             9.41199             0.00000             22.8804
8.71000            -20.8731             9.41596             0.00000             22.8986
8.72000            -20.8914             9.41994             0.00000             22.9169
8.73000            -20.9096             9.42391             0.00000             22.9351
8.74000            -20.9278             9.42787             0.00000             22.9534
8.75000            -20.9460             9.43184             0.00000             22.9716
8.76000            -20.9643             9.43580             0.00000             22.9899
8.77000            -20.9825             9.43975             0.00000             23.0081
8.78000            -21.0007             9.44371             0.00000             23.0263
8.79000            -21.0189             9.44766             0.00000             23.0446
8.80000            -21.0371             9.45161             0.00000             23.0628
8.81000            -21.0552             9.45555             0.00000             23.0810
8.82000            -21.0734             9.45950             0.00000             23.0992
8.83000            -21.0916             9.46344             0.00000             23.1173
8.84000            -21.1098             9.46737             0.00000             23.1355
8.85000            -21.1279             9.47131             0.00000             23.1537
8.86000            -21.1461             9.47524             0.00000             23.1719
8.87000            -21.1642             9.47916             0.00000             23.1900
8.88000            -21.1823             9.48309             0.00000             23.2082
8.89000            -21.2005             9.48701             0.00000             23.2263
8.90000            -21.2186             9.49093             0.00000             23.2445
8.91000            -21.2367             9.49484             0.00000             23.2626
8.92000            -21.2548             9.49875             0.00000             23.2808
8.93000            -21.2729             9.50266             0.00000             23.2989
8.94000            -21.2910             9.50657             0.00000             23.3170
8.95000            -21.3091             9.51047             0.00000             23.3351
8.96000            -21.3272             9.51437             0.00000             23.3532
8.97000            -21.3453             9.51827             0.00000             23.3713
8.98000            -21.3633             9.52217             0.00000             23.3894
8.99000            -21.3814             9.52606             0.00000             23.4075
9.00000            -21.3994             9.52995             0.00000             23.4255
9.01000            -21.4175             9.53383             0.00000             23.4436
9.02000            -21.4355             9.53772             0.00000             23.4617
9.03000            -21.4536             9.54160             0.00000             23.4797
9.04000            -21.4716             9.54547             0.00000             23.4978
9.05000            -21.4896             9.54935             0.00000             23.5158
9.06000            -21.5076             9.55322             0.00000             23.5339
9.07000            -21.5257             9.55709             0.00000             23.5519
9.08000            -21.5437             9.56095             0.00000             23.5699
9.09000            -21.5617             9.56481             0.00000             23.5879
9.10000            -21.5796             9.56867             0.00000             23.6059
9.11000            -21.5976             9.57253             0.00000             23.6240
9.12000            -21.6156             9.57638             0.00000             23.6420
9.13000            -21.6336             9.58024             0.00000             23.6599
9.14000            -21.6515             9.58408             0.00000             23.6779
9.15000            -21.6695             9.58793             0.00000             23.6959
9.16000            -21.6875             9.59177             0.00000             23.7139
9.17000            -21.7054             9.59561             0.00000             23.7318
9.18000            -21.7233             9.59945             0.00000             23.7498
9.19000            -21.7413             9.60328             0.00000             23.7678
9.20000            -21.7592             9.60711             0.00000             23.7857
9.21000            -21.7771             9.61094             0.00000             23.8036
9.22000            -21.7950             9.61477             0.00000             23.8216
9.23000            -21.8129             9.61859             0.00000             23.8395
9.24000            -21.8308             9.62241             0.00000             23.8574
9.25000            -21.8487             9.62623             0.00000             23.8753
9.26000            -21.8666             9.63004             0.00000             23.8932
9.27000            -21.8845             9.63385             0.00000             23.9111
9.28000            -21.9024             9.63766             0.00000             23.9290
9.29000            -21.9203             9.64147             0.00000             23.9469
9.30000            -21.9381             9.64527             0.00000             23.9648
9.31000            -21.9560             9.64907             0.00000             23.9827
9.32000            -21.9738             9.65287             0.00000             24.0006
9.33000            -21.9917             9.65666             0.00000             24.0184
9.34000            -22.0095             9.66046             0.00000             24.0363
9.35000            -22.0273             9.66425             0.00000             24.0541
9.36000            -22.0452             9.66803             0.00000             24.0720
9.37000            -22.0630             9.67182             0.00000             24.0898
9.38000            -22.0808             9.67560             0.00000             24.1077
9.39000            -22.0986             9.67938             0.00000             24.1255
9.40000            -22.1164             9.68315             0.00000             24.1433
9.41000            -22.1342             9.68693             0.00000             24.1611
9.42000            -22.1520             9.69070             0.00000             24.1789
9.43000            -22.1698             9.69446             0.00000             24.1967
9.44000            -22.1875             9.69823             0.00000             24.2145
9.45000            -22.2053             9.70199             0.00000             24.2323
9.46000            -22.2231             9.70575             0.00000             24.2501
9.47000            -22.2408             9.70951             0.00000             24.2679
9.48000            -22.2586             9.71326             0.00000             24.2856
9.49000            -22.2763             9.71701             0.00000             24.3034
9.50000            -22.2941             9.72076             0.00000             24.3212
9.51000            -22.3118             9.72451             0.00000             24.3389
9.52000            -22.3295             9.72825             0.00000             24.3567
9.53000            -22.3473             9.73199             0.00000             24.3744
9.54000            -22.3650             9.73573             0.00000             24.3921
9.55000            -22.3827             9.73947             0.00000             24.4099
9.56000            -22.4004             9.74320             0.00000             24.4276
9.57000            -22.4181             9.74693             0.00000             24.4453
9.58000            -22.4358             9.75066             0.00000             24.4630
9.59000            -22.4534             9.75438             0.00000             24.4807
9.60000            -22.4711             9.75811             0.00000             24.4984
9.61000            -22.4888             9.76182             0.00000             24.5161
9.62000            -22.5065             9.76554             0.00000             24.5338
9.63000            -22.5241             9.76926             0.00000             24.5515
9.64000            -22.5418             9.77297             0.00000             24.5691
9.65000            -22.5594             9.77668             0.00000             24.5868
9.66000            -22.5771             9.78038             0.00000             24.6045
9.67000            -22.5947             9.78409             0.00000             24.6221
9.68000            -22.6123             9.78779             0.00000             24.6398
9.69000            -22.6300             9.79149             0.00000             24.6574
9.70000            -22.6476             9.79519             0.00000             24.6751
9.71000            -22.6652             9.79888             0.00000             24.6927
9.72000            -22.6828             9.80257             0.00000             24.7103
9.73000            -22.7004             9.80626             0.00000             24.7279
9.74000            -22.7180             9.80995             0.00000             24.7455
9.75000            -22.7356             9.81363             0.00000             24.7632
9.76000            -22.7532             9.81731             0.00000             24.7808
9.77000            -22.7707             9.82099             0.00000             24.7984
9.78000            -22.7883             9.82467             0.00000             24.8159
9.79000            -22.8059             9.82834             0.00000             24.8335
9.80000            -22.8234             9.83201             0.00000             24.8511
9.81000            -22.8410             9.83568             0.00000             24.8687
9.82000            -22.8585             9.83934             0.00000             24.8862
9.83000            -22.8761             9.84301             0.00000             24.9038
9.84000            -22.8936             9.84667             0.00000             24.9214
9.85000            -22.9111             9.85033             0.00000             24.9389
9.86000            -22.9287             9.85398             0.00000             24.9565
9.87000            -22.9462             9.85764             0.00000             24.9740
9.88000            -22.9637             9.86129             0.00000             24.9915
9.89000            -22.9812             9.86493             0.00000             25.0090
9.90000            -22.9987             9.86858             0.00000             25.0266
9.91000            -23.0162             9.87222             0.00000             25.0441
9.92000            -23.0337             9.87586             0.00000             25.0616
9.93000            -23.0512             9.87950             0.00000             25.0791
9.94000            -23.0686             9.88314             0.00000             25.0966
9.95000            -23.0861             9.88677             0.00000             25.1141
9.96000            -23.1036             9.89040             0.00000             25.1316
9.97000            -23.1210             9.89403             0.00000             25.1490
9.98000            -23.1385             9.89766             0.00000             25.1665
9.99000            -23.1559             9.90128             0.00000             25.1840
10.0000            -23.1734             9.90490             0.00000             25.2014
