#Time(Yr)                K_Ea                U_Ea             Etot_Ea                L_Ea
0.00000         0.000118570        -0.000118569         9.10678E-10        7.122286E-10
0.01000000        0.0001183371       -0.0001183362        9.097729E-10        7.122286E-10
0.02000000        0.0001176463       -0.0001176454        9.080565E-10        7.122286E-10
0.03000000        0.0001165243       -0.0001165234        9.057572E-10        7.122286E-10
0.04000000        0.0001150118       -0.0001150109        9.031729E-10        7.122286E-10
0.05000000        0.0001131600       -0.0001131591        9.005947E-10        7.122286E-10
0.06000000        0.0001110263       -0.0001110254        8.982483E-10        7.122286E-10
0.07000000        0.0001086700       -0.0001086691        8.962675E-10        7.122286E-10
0.08000000        0.0001061485       -0.0001061476        8.946984E-10        7.122286E-10
0.09000000        0.0001035148       -0.0001035139        8.935216E-10        7.122286E-10
0.1000000        0.0001008157       -0.0001008148        8.926798E-10        7.122286E-10
0.1100000        9.809126E-05       -9.809036E-05        8.921018E-10        7.122286E-10
0.1200000        9.537418E-05       -9.537329E-05        8.917181E-10        7.122286E-10
0.1300000        9.269066E-05       -9.268976E-05        8.914696E-10        7.122286E-10
0.1400000        9.006082E-05       -9.005993E-05        8.913106E-10        7.122286E-10
0.1500000        8.749959E-05       -8.749870E-05        8.912081E-10        7.122286E-10
0.1600000        8.501750E-05       -8.501661E-05        8.911393E-10        7.122286E-10
0.1700000        8.262153E-05       -8.262064E-05        8.910896E-10        7.122286E-10
0.1800000        8.031577E-05       -8.031487E-05        8.910503E-10        7.122286E-10
0.1900000        7.810208E-05       -7.810119E-05        8.910160E-10        7.122286E-10
0.2000000        7.598062E-05       -7.597973E-05        8.909841E-10        7.122286E-10
0.2100000        7.395027E-05       -7.394937E-05        8.909533E-10        7.122286E-10
0.2200000        7.200895E-05       -7.200806E-05        8.909233E-10        7.122286E-10
0.2300000        7.015395E-05       -7.015306E-05        8.908939E-10        7.122286E-10
0.2400000        6.838210E-05       -6.838121E-05        8.908653E-10        7.122286E-10
0.2500000        6.668998E-05       -6.668908E-05        8.908379E-10        7.122286E-10
0.2600000        6.507398E-05       -6.507309E-05        8.908117E-10        7.122286E-10
0.2700000        6.353049E-05       -6.352960E-05        8.907870E-10        7.122286E-10
0.2800000        6.205587E-05       -6.205498E-05        8.907639E-10        7.122286E-10
0.2900000        6.064658E-05       -6.064569E-05        8.907423E-10        7.122286E-10
0.3000000        5.929917E-05       -5.929828E-05        8.907224E-10        7.122286E-10
0.3100000        5.801032E-05       -5.800942E-05        8.907040E-10        7.122286E-10
0.3200000        5.677684E-05       -5.677595E-05        8.906872E-10        7.122286E-10
0.3300000        5.559573E-05       -5.559483E-05        8.906718E-10        7.122286E-10
0.3400000        5.446410E-05       -5.446321E-05        8.906578E-10        7.122286E-10
0.3500000        5.337924E-05       -5.337835E-05        8.906450E-10        7.122286E-10
0.3600000        5.233860E-05       -5.233771E-05        8.906334E-10        7.122286E-10
0.3700000        5.133976E-05       -5.133887E-05        8.906228E-10        7.122286E-10
0.3800000        5.038045E-05       -5.037956E-05        8.906133E-10        7.122286E-10
0.3900000        4.945854E-05       -4.945765E-05        8.906046E-10        7.122286E-10
0.4000000        4.857203E-05       -4.857114E-05        8.905968E-10        7.122286E-10
0.4100000        4.771903E-05       -4.771814E-05        8.905897E-10        7.122286E-10
0.4200000        4.689780E-05       -4.689690E-05        8.905832E-10        7.122286E-10
0.4300000        4.610666E-05       -4.610577E-05        8.905774E-10        7.122286E-10
0.4400000        4.534407E-05       -4.534318E-05        8.905721E-10        7.122286E-10
0.4500000        4.460858E-05       -4.460769E-05        8.905673E-10        7.122286E-10
0.4600000        4.389881E-05       -4.389792E-05        8.905630E-10        7.122286E-10
0.4700000        4.321349E-05       -4.321260E-05        8.905590E-10        7.122286E-10
0.4800000        4.255141E-05       -4.255052E-05        8.905554E-10        7.122286E-10
0.4900000        4.191143E-05       -4.191054E-05        8.905521E-10        7.122286E-10
0.5000000        4.129250E-05       -4.129161E-05        8.905492E-10        7.122286E-10
0.5100000        4.069362E-05       -4.069273E-05        8.905465E-10        7.122286E-10
0.5200000        4.011383E-05       -4.011294E-05        8.905440E-10        7.122286E-10
0.5300000        3.955226E-05       -3.955137E-05        8.905417E-10        7.122286E-10
0.5400000        3.900808E-05       -3.900719E-05        8.905397E-10        7.122286E-10
0.5500000        3.848049E-05       -3.847960E-05        8.905378E-10        7.122286E-10
0.5600000        3.796875E-05       -3.796786E-05        8.905361E-10        7.122286E-10
0.5700000        3.747217E-05       -3.747128E-05        8.905345E-10        7.122286E-10
0.5800000        3.699009E-05       -3.698920E-05        8.905331E-10        7.122286E-10
0.5900000        3.652188E-05       -3.652099E-05        8.905317E-10        7.122286E-10
0.6000000        3.606695E-05       -3.606606E-05        8.905305E-10        7.122286E-10
0.6100000        3.562475E-05       -3.562386E-05        8.905294E-10        7.122286E-10
0.6200000        3.519474E-05       -3.519385E-05        8.905284E-10        7.122286E-10
0.6300000        3.477643E-05       -3.477554E-05        8.905274E-10        7.122286E-10
0.6400000        3.436935E-05       -3.436846E-05        8.905266E-10        7.122286E-10
0.6500000        3.397305E-05       -3.397216E-05        8.905258E-10        7.122286E-10
0.6600000        3.358710E-05       -3.358621E-05        8.905250E-10        7.122286E-10
0.6700000        3.321109E-05       -3.321020E-05        8.905243E-10        7.122286E-10
0.6800000        3.284465E-05       -3.284376E-05        8.905237E-10        7.122286E-10
0.6900000        3.248741E-05       -3.248652E-05        8.905231E-10        7.122286E-10
0.7000000        3.213903E-05       -3.213814E-05        8.905226E-10        7.122286E-10
0.7100000        3.179917E-05       -3.179828E-05        8.905221E-10        7.122286E-10
0.7200000        3.146753E-05       -3.146663E-05        8.905216E-10        7.122286E-10
0.7300000        3.114379E-05       -3.114290E-05        8.905212E-10        7.122286E-10
0.7400000        3.082769E-05       -3.082680E-05        8.905208E-10        7.122286E-10
0.7500000        3.051894E-05       -3.051805E-05        8.905204E-10        7.122286E-10
0.7600000        3.021730E-05       -3.021641E-05        8.905200E-10        7.122286E-10
0.7700000        2.992251E-05       -2.992162E-05        8.905197E-10        7.122286E-10
0.7800000        2.963434E-05       -2.963345E-05        8.905194E-10        7.122286E-10
0.7900000        2.935256E-05       -2.935167E-05        8.905191E-10        7.122286E-10
0.8000000        2.907696E-05       -2.907607E-05        8.905189E-10        7.122286E-10
0.8100000        2.880733E-05       -2.880644E-05        8.905186E-10        7.122286E-10
0.8200000        2.854349E-05       -2.854260E-05        8.905184E-10        7.122286E-10
0.8300000        2.828523E-05       -2.828434E-05        8.905182E-10        7.122286E-10
0.8400000        2.803238E-05       -2.803149E-05        8.905180E-10        7.122286E-10
0.8500000        2.778477E-05       -2.778388E-05        8.905178E-10        7.122286E-10
0.8600000        2.754223E-05       -2.754134E-05        8.905176E-10        7.122286E-10
0.8700000        2.730461E-05       -2.730372E-05        8.905174E-10        7.122286E-10
0.8800000        2.707175E-05       -2.707086E-05        8.905173E-10        7.122286E-10
0.8900000        2.684351E-05       -2.684262E-05        8.905171E-10        7.122286E-10
0.9000000        2.661975E-05       -2.661886E-05        8.905170E-10        7.122286E-10
0.9100000        2.640033E-05       -2.639944E-05        8.905169E-10        7.122286E-10
0.9200000        2.618513E-05       -2.618424E-05        8.905167E-10        7.122286E-10
0.9300000        2.597402E-05       -2.597313E-05        8.905166E-10        7.122286E-10
0.9400000        2.576688E-05       -2.576599E-05        8.905165E-10        7.122286E-10
0.9500000        2.556360E-05       -2.556271E-05        8.905164E-10        7.122286E-10
0.9600000        2.536407E-05       -2.536318E-05        8.905163E-10        7.122286E-10
0.9700000        2.516818E-05       -2.516729E-05        8.905162E-10        7.122286E-10
0.9800000        2.497583E-05       -2.497494E-05        8.905162E-10        7.122286E-10
0.9900000        2.478693E-05       -2.478604E-05        8.905161E-10        7.122286E-10
1.000000        2.460137E-05       -2.460048E-05        8.905160E-10        7.122286E-10
1.010000        2.441907E-05       -2.441818E-05        8.905159E-10        7.122286E-10
1.020000        2.423994E-05       -2.423905E-05        8.905159E-10        7.122286E-10
1.030000        2.406390E-05       -2.406301E-05        8.905158E-10        7.122286E-10
1.040000        2.389086E-05       -2.388997E-05        8.905157E-10        7.122286E-10
1.050000        2.372075E-05       -2.371986E-05        8.905157E-10        7.122286E-10
1.060000        2.355348E-05       -2.355259E-05        8.905156E-10        7.122286E-10
1.070000        2.338899E-05       -2.338810E-05        8.905156E-10        7.122286E-10
1.080000        2.322721E-05       -2.322632E-05        8.905155E-10        7.122286E-10
1.090000        2.306806E-05       -2.306717E-05        8.905155E-10        7.122286E-10
1.100000        2.291148E-05       -2.291059E-05        8.905154E-10        7.122286E-10
1.110000        2.275741E-05       -2.275652E-05        8.905154E-10        7.122286E-10
1.120000        2.260578E-05       -2.260489E-05        8.905153E-10        7.122286E-10
1.130000        2.245654E-05       -2.245565E-05        8.905153E-10        7.122286E-10
1.140000        2.230962E-05       -2.230873E-05        8.905153E-10        7.122286E-10
1.150000        2.216498E-05       -2.216409E-05        8.905152E-10        7.122286E-10
1.160000        2.202255E-05       -2.202166E-05        8.905152E-10        7.122286E-10
1.170000        2.188229E-05       -2.188140E-05        8.905152E-10        7.122286E-10
1.180000        2.174414E-05       -2.174325E-05        8.905151E-10        7.122286E-10
1.190000        2.160805E-05       -2.160716E-05        8.905151E-10        7.122286E-10
1.200000        2.147398E-05       -2.147309E-05        8.905151E-10        7.122286E-10
1.210000        2.134189E-05       -2.134100E-05        8.905151E-10        7.122286E-10
1.220000        2.121172E-05       -2.121082E-05        8.905150E-10        7.122286E-10
1.230000        2.108343E-05       -2.108254E-05        8.905150E-10        7.122286E-10
1.240000        2.095698E-05       -2.095609E-05        8.905150E-10        7.122286E-10
1.250000        2.083233E-05       -2.083144E-05        8.905150E-10        7.122286E-10
1.260000        2.070944E-05       -2.070855E-05        8.905150E-10        7.122286E-10
1.270000        2.058827E-05       -2.058738E-05        8.905149E-10        7.122286E-10
1.280000        2.046879E-05       -2.046790E-05        8.905149E-10        7.122286E-10
1.290000        2.035095E-05       -2.035006E-05        8.905149E-10        7.122286E-10
1.300000        2.023473E-05       -2.023384E-05        8.905149E-10        7.122286E-10
1.310000        2.012008E-05       -2.011919E-05        8.905149E-10        7.122286E-10
1.320000        2.000699E-05       -2.000609E-05        8.905149E-10        7.122286E-10
1.330000        1.989540E-05       -1.989451E-05        8.905148E-10        7.122286E-10
1.340000        1.978529E-05       -1.978440E-05        8.905148E-10        7.122286E-10
1.350000        1.967664E-05       -1.967575E-05        8.905148E-10        7.122286E-10
1.360000        1.956941E-05       -1.956852E-05        8.905148E-10        7.122286E-10
1.370000        1.946357E-05       -1.946268E-05        8.905148E-10        7.122286E-10
1.380000        1.935910E-05       -1.935821E-05        8.905148E-10        7.122286E-10
1.390000        1.925596E-05       -1.925507E-05        8.905148E-10        7.122286E-10
1.400000        1.915413E-05       -1.915324E-05        8.905148E-10        7.122286E-10
1.410000        1.905359E-05       -1.905270E-05        8.905147E-10        7.122286E-10
1.420000        1.895431E-05       -1.895342E-05        8.905147E-10        7.122286E-10
1.430000        1.885626E-05       -1.885537E-05        8.905147E-10        7.122286E-10
1.440000        1.875942E-05       -1.875853E-05        8.905147E-10        7.122286E-10
1.450000        1.866378E-05       -1.866289E-05        8.905147E-10        7.122286E-10
1.460000        1.856929E-05       -1.856840E-05        8.905147E-10        7.122286E-10
1.470000        1.847595E-05       -1.847506E-05        8.905147E-10        7.122286E-10
1.480000        1.838374E-05       -1.838285E-05        8.905147E-10        7.122286E-10
1.490000        1.829262E-05       -1.829173E-05        8.905147E-10        7.122286E-10
1.500000        1.820258E-05       -1.820169E-05        8.905147E-10        7.122286E-10
1.510000        1.811361E-05       -1.811272E-05        8.905147E-10        7.122286E-10
1.520000        1.802567E-05       -1.802478E-05        8.905146E-10        7.122286E-10
1.530000        1.793876E-05       -1.793787E-05        8.905146E-10        7.122286E-10
1.540000        1.785285E-05       -1.785196E-05        8.905146E-10        7.122286E-10
1.550000        1.776792E-05       -1.776703E-05        8.905146E-10        7.122286E-10
1.560000        1.768397E-05       -1.768308E-05        8.905146E-10        7.122286E-10
1.570000        1.760096E-05       -1.760007E-05        8.905146E-10        7.122286E-10
1.580000        1.751889E-05       -1.751800E-05        8.905146E-10        7.122286E-10
1.590000        1.743774E-05       -1.743685E-05        8.905146E-10        7.122286E-10
1.600000        1.735748E-05       -1.735659E-05        8.905146E-10        7.122286E-10
1.610000        1.727812E-05       -1.727723E-05        8.905146E-10        7.122286E-10
1.620000        1.719962E-05       -1.719873E-05        8.905146E-10        7.122286E-10
1.630000        1.712198E-05       -1.712109E-05        8.905146E-10        7.122286E-10
1.640000        1.704518E-05       -1.704429E-05        8.905146E-10        7.122286E-10
1.650000        1.696921E-05       -1.696832E-05        8.905146E-10        7.122286E-10
1.660000        1.689405E-05       -1.689316E-05        8.905146E-10        7.122286E-10
1.670000        1.681969E-05       -1.681880E-05        8.905146E-10        7.122286E-10
1.680000        1.674612E-05       -1.674523E-05        8.905146E-10        7.122286E-10
1.690000        1.667332E-05       -1.667243E-05        8.905146E-10        7.122286E-10
1.700000        1.660128E-05       -1.660039E-05        8.905146E-10        7.122286E-10
1.710000        1.652999E-05       -1.652910E-05        8.905146E-10        7.122286E-10
1.720000        1.645944E-05       -1.645855E-05        8.905146E-10        7.122286E-10
1.730000        1.638961E-05       -1.638872E-05        8.905145E-10        7.122286E-10
1.740000        1.632049E-05       -1.631960E-05        8.905145E-10        7.122286E-10
1.750000        1.625207E-05       -1.625118E-05        8.905145E-10        7.122286E-10
1.760000        1.618435E-05       -1.618346E-05        8.905145E-10        7.122286E-10
1.770000        1.611730E-05       -1.611641E-05        8.905145E-10        7.122286E-10
1.780000        1.605092E-05       -1.605003E-05        8.905145E-10        7.122286E-10
1.790000        1.598520E-05       -1.598431E-05        8.905145E-10        7.122286E-10
1.800000        1.592013E-05       -1.591924E-05        8.905145E-10        7.122286E-10
1.810000        1.585570E-05       -1.585481E-05        8.905145E-10        7.122286E-10
1.820000        1.579189E-05       -1.579100E-05        8.905145E-10        7.122286E-10
1.830000        1.572870E-05       -1.572781E-05        8.905145E-10        7.122286E-10
1.840000        1.566613E-05       -1.566524E-05        8.905145E-10        7.122286E-10
1.850000        1.560415E-05       -1.560326E-05        8.905145E-10        7.122286E-10
1.860000        1.554276E-05       -1.554187E-05        8.905145E-10        7.122286E-10
1.870000        1.548196E-05       -1.548107E-05        8.905145E-10        7.122286E-10
1.880000        1.542173E-05       -1.542084E-05        8.905145E-10        7.122286E-10
1.890000        1.536206E-05       -1.536117E-05        8.905145E-10        7.122286E-10
1.900000        1.530295E-05       -1.530206E-05        8.905145E-10        7.122286E-10
1.910000        1.524439E-05       -1.524350E-05        8.905145E-10        7.122286E-10
1.920000        1.518637E-05       -1.518548E-05        8.905145E-10        7.122286E-10
1.930000        1.512889E-05       -1.512800E-05        8.905145E-10        7.122286E-10
1.940000        1.507193E-05       -1.507104E-05        8.905145E-10        7.122286E-10
1.950000        1.501548E-05       -1.501459E-05        8.905145E-10        7.122286E-10
1.960000        1.495955E-05       -1.495866E-05        8.905145E-10        7.122286E-10
1.970000        1.490412E-05       -1.490323E-05        8.905145E-10        7.122286E-10
1.980000        1.484919E-05       -1.484830E-05        8.905145E-10        7.122286E-10
1.990000        1.479474E-05       -1.479385E-05        8.905145E-10        7.122286E-10
2.000000        1.474078E-05       -1.473989E-05        8.905145E-10        7.122286E-10
2.010000        1.468730E-05       -1.468641E-05        8.905145E-10        7.122286E-10
2.020000        1.463428E-05       -1.463339E-05        8.905145E-10        7.122286E-10
2.030000        1.458172E-05       -1.458083E-05        8.905145E-10        7.122286E-10
2.040000        1.452963E-05       -1.452874E-05        8.905145E-10        7.122286E-10
2.050000        1.447798E-05       -1.447709E-05        8.905145E-10        7.122286E-10
2.060000        1.442677E-05       -1.442588E-05        8.905145E-10        7.122286E-10
2.070000        1.437601E-05       -1.437512E-05        8.905145E-10        7.122286E-10
2.080000        1.432567E-05       -1.432478E-05        8.905145E-10        7.122286E-10
2.090000        1.427577E-05       -1.427488E-05        8.905145E-10        7.122286E-10
2.100000        1.422628E-05       -1.422539E-05        8.905145E-10        7.122286E-10
2.110000        1.417721E-05       -1.417632E-05        8.905145E-10        7.122286E-10
2.120000        1.412854E-05       -1.412765E-05        8.905145E-10        7.122286E-10
2.130000        1.408029E-05       -1.407940E-05        8.905145E-10        7.122286E-10
2.140000        1.403243E-05       -1.403154E-05        8.905145E-10        7.122286E-10
2.150000        1.398496E-05       -1.398407E-05        8.905145E-10        7.122286E-10
2.160000        1.393789E-05       -1.393700E-05        8.905145E-10        7.122286E-10
2.170000        1.389119E-05       -1.389030E-05        8.905145E-10        7.122286E-10
2.180000        1.384488E-05       -1.384399E-05        8.905145E-10        7.122286E-10
2.190000        1.379894E-05       -1.379805E-05        8.905145E-10        7.122286E-10
2.200000        1.375337E-05       -1.375248E-05        8.905145E-10        7.122286E-10
2.210000        1.370816E-05       -1.370727E-05        8.905145E-10        7.122286E-10
2.220000        1.366332E-05       -1.366243E-05        8.905145E-10        7.122286E-10
2.230000        1.361883E-05       -1.361794E-05        8.905145E-10        7.122286E-10
2.240000        1.357469E-05       -1.357380E-05        8.905145E-10        7.122286E-10
2.250000        1.353090E-05       -1.353001E-05        8.905145E-10        7.122286E-10
2.260000        1.348745E-05       -1.348656E-05        8.905145E-10        7.122286E-10
2.270000        1.344434E-05       -1.344345E-05        8.905145E-10        7.122286E-10
2.280000        1.340156E-05       -1.340067E-05        8.905145E-10        7.122286E-10
2.290000        1.335911E-05       -1.335822E-05        8.905145E-10        7.122286E-10
2.300000        1.331699E-05       -1.331610E-05        8.905145E-10        7.122286E-10
2.310000        1.327519E-05       -1.327430E-05        8.905145E-10        7.122286E-10
2.320000        1.323371E-05       -1.323282E-05        8.905145E-10        7.122286E-10
2.330000        1.319255E-05       -1.319166E-05        8.905145E-10        7.122286E-10
2.340000        1.315169E-05       -1.315080E-05        8.905145E-10        7.122286E-10
2.350000        1.311114E-05       -1.311025E-05        8.905145E-10        7.122286E-10
2.360000        1.307090E-05       -1.307001E-05        8.905145E-10        7.122286E-10
2.370000        1.303096E-05       -1.303006E-05        8.905145E-10        7.122286E-10
2.380000        1.299131E-05       -1.299042E-05        8.905145E-10        7.122286E-10
2.390000        1.295195E-05       -1.295106E-05        8.905145E-10        7.122286E-10
2.400000        1.291289E-05       -1.291199E-05        8.905145E-10        7.122286E-10
2.410000        1.287411E-05       -1.287322E-05        8.905145E-10        7.122286E-10
2.420000        1.283561E-05       -1.283472E-05        8.905145E-10        7.122286E-10
2.430000        1.279739E-05       -1.279650E-05        8.905145E-10        7.122286E-10
2.440000        1.275945E-05       -1.275856E-05        8.905145E-10        7.122286E-10
2.450000        1.272178E-05       -1.272089E-05        8.905145E-10        7.122286E-10
2.460000        1.268439E-05       -1.268349E-05        8.905145E-10        7.122286E-10
2.470000        1.264725E-05       -1.264636E-05        8.905145E-10        7.122286E-10
2.480000        1.261039E-05       -1.260950E-05        8.905145E-10        7.122286E-10
2.490000        1.257378E-05       -1.257289E-05        8.905145E-10        7.122286E-10
2.500000        1.253744E-05       -1.253655E-05        8.905145E-10        7.122286E-10
2.510000        1.250135E-05       -1.250046E-05        8.905145E-10        7.122286E-10
2.520000        1.246551E-05       -1.246462E-05        8.905145E-10        7.122286E-10
2.530000        1.242992E-05       -1.242903E-05        8.905145E-10        7.122286E-10
2.540000        1.239458E-05       -1.239369E-05        8.905145E-10        7.122286E-10
2.550000        1.235948E-05       -1.235859E-05        8.905145E-10        7.122286E-10
2.560000        1.232462E-05       -1.232373E-05        8.905145E-10        7.122286E-10
2.570000        1.229001E-05       -1.228912E-05        8.905145E-10        7.122286E-10
2.580000        1.225563E-05       -1.225474E-05        8.905145E-10        7.122286E-10
2.590000        1.222148E-05       -1.222059E-05        8.905145E-10        7.122286E-10
2.600000        1.218756E-05       -1.218667E-05        8.905145E-10        7.122286E-10
2.610000        1.215388E-05       -1.215299E-05        8.905145E-10        7.122286E-10
2.620000        1.212042E-05       -1.211953E-05        8.905145E-10        7.122286E-10
2.630000        1.208718E-05       -1.208629E-05        8.905145E-10        7.122286E-10
2.640000        1.205417E-05       -1.205328E-05        8.905145E-10        7.122286E-10
2.650000        1.202138E-05       -1.202049E-05        8.905145E-10        7.122286E-10
2.660000        1.198880E-05       -1.198791E-05        8.905145E-10        7.122286E-10
2.670000        1.195644E-05       -1.195555E-05        8.905145E-10        7.122286E-10
2.680000        1.192429E-05       -1.192340E-05        8.905145E-10        7.122286E-10
2.690000        1.189235E-05       -1.189146E-05        8.905145E-10        7.122286E-10
2.700000        1.186062E-05       -1.185973E-05        8.905144E-10        7.122286E-10
2.710000        1.182910E-05       -1.182821E-05        8.905144E-10        7.122286E-10
2.720000        1.179778E-05       -1.179689E-05        8.905144E-10        7.122286E-10
2.730000        1.176666E-05       -1.176577E-05        8.905144E-10        7.122286E-10
2.740000        1.173574E-05       -1.173485E-05        8.905144E-10        7.122286E-10
2.750000        1.170502E-05       -1.170413E-05        8.905144E-10        7.122286E-10
2.760000        1.167450E-05       -1.167361E-05        8.905144E-10        7.122286E-10
2.770000        1.164417E-05       -1.164327E-05        8.905144E-10        7.122286E-10
2.780000        1.161403E-05       -1.161314E-05        8.905144E-10        7.122286E-10
2.790000        1.158408E-05       -1.158319E-05        8.905144E-10        7.122286E-10
2.800000        1.155432E-05       -1.155343E-05        8.905144E-10        7.122286E-10
2.810000        1.152474E-05       -1.152385E-05        8.905144E-10        7.122286E-10
2.820000        1.149536E-05       -1.149446E-05        8.905144E-10        7.122286E-10
2.830000        1.146615E-05       -1.146526E-05        8.905144E-10        7.122286E-10
2.840000        1.143712E-05       -1.143623E-05        8.905144E-10        7.122286E-10
2.850000        1.140828E-05       -1.140739E-05        8.905144E-10        7.122286E-10
2.860000        1.137961E-05       -1.137872E-05        8.905144E-10        7.122286E-10
2.870000        1.135111E-05       -1.135022E-05        8.905144E-10        7.122286E-10
2.880000        1.132279E-05       -1.132190E-05        8.905144E-10        7.122286E-10
2.890000        1.129465E-05       -1.129376E-05        8.905144E-10        7.122286E-10
2.900000        1.126667E-05       -1.126578E-05        8.905144E-10        7.122286E-10
2.910000        1.123886E-05       -1.123797E-05        8.905144E-10        7.122286E-10
2.920000        1.121122E-05       -1.121033E-05        8.905144E-10        7.122286E-10
2.930000        1.118375E-05       -1.118286E-05        8.905144E-10        7.122286E-10
2.940000        1.115644E-05       -1.115555E-05        8.905144E-10        7.122286E-10
2.950000        1.112929E-05       -1.112840E-05        8.905144E-10        7.122286E-10
2.960000        1.110230E-05       -1.110141E-05        8.905144E-10        7.122286E-10
2.970000        1.107548E-05       -1.107459E-05        8.905144E-10        7.122286E-10
2.980000        1.104881E-05       -1.104792E-05        8.905144E-10        7.122286E-10
2.990000        1.102230E-05       -1.102141E-05        8.905144E-10        7.122286E-10
3.000000        1.099594E-05       -1.099505E-05        8.905144E-10        7.122286E-10
3.010000        1.096974E-05       -1.096885E-05        8.905144E-10        7.122286E-10
3.020000        1.094369E-05       -1.094280E-05        8.905144E-10        7.122286E-10
3.030000        1.091779E-05       -1.091690E-05        8.905144E-10        7.122286E-10
3.040000        1.089204E-05       -1.089115E-05        8.905144E-10        7.122286E-10
3.050000        1.086644E-05       -1.086555E-05        8.905144E-10        7.122286E-10
3.060000        1.084098E-05       -1.084009E-05        8.905144E-10        7.122286E-10
3.070000        1.081567E-05       -1.081478E-05        8.905144E-10        7.122286E-10
3.080000        1.079051E-05       -1.078962E-05        8.905144E-10        7.122286E-10
3.090000        1.076549E-05       -1.076460E-05        8.905144E-10        7.122286E-10
3.100000        1.074061E-05       -1.073972E-05        8.905144E-10        7.122286E-10
3.110000        1.071587E-05       -1.071498E-05        8.905144E-10        7.122286E-10
3.120000        1.069127E-05       -1.069038E-05        8.905144E-10        7.122286E-10
3.130000        1.066680E-05       -1.066591E-05        8.905144E-10        7.122286E-10
3.140000        1.064248E-05       -1.064159E-05        8.905144E-10        7.122286E-10
3.150000        1.061829E-05       -1.061740E-05        8.905144E-10        7.122286E-10
3.160000        1.059423E-05       -1.059334E-05        8.905144E-10        7.122286E-10
3.170000        1.057031E-05       -1.056942E-05        8.905144E-10        7.122286E-10
3.180000        1.054652E-05       -1.054563E-05        8.905144E-10        7.122286E-10
3.190000        1.052286E-05       -1.052197E-05        8.905144E-10        7.122286E-10
3.200000        1.049933E-05       -1.049844E-05        8.905144E-10        7.122286E-10
3.210000        1.047593E-05       -1.047504E-05        8.905144E-10        7.122286E-10
3.220000        1.045265E-05       -1.045176E-05        8.905144E-10        7.122286E-10
3.230000        1.042950E-05       -1.042861E-05        8.905144E-10        7.122286E-10
3.240000        1.040648E-05       -1.040559E-05        8.905144E-10        7.122286E-10
3.250000        1.038358E-05       -1.038269E-05        8.905144E-10        7.122286E-10
3.260000        1.036081E-05       -1.035992E-05        8.905144E-10        7.122286E-10
3.270000        1.033815E-05       -1.033726E-05        8.905144E-10        7.122286E-10
3.280000        1.031562E-05       -1.031473E-05        8.905144E-10        7.122286E-10
3.290000        1.029321E-05       -1.029232E-05        8.905144E-10        7.122286E-10
3.300000        1.027092E-05       -1.027003E-05        8.905144E-10        7.122286E-10
3.310000        1.024874E-05       -1.024785E-05        8.905144E-10        7.122286E-10
3.320000        1.022669E-05       -1.022579E-05        8.905144E-10        7.122286E-10
3.330000        1.020474E-05       -1.020385E-05        8.905144E-10        7.122286E-10
3.340000        1.018292E-05       -1.018203E-05        8.905144E-10        7.122286E-10
3.350000        1.016120E-05       -1.016031E-05        8.905144E-10        7.122286E-10
3.360000        1.013961E-05       -1.013872E-05        8.905144E-10        7.122286E-10
3.370000        1.011812E-05       -1.011723E-05        8.905144E-10        7.122286E-10
3.380000        1.009674E-05       -1.009585E-05        8.905144E-10        7.122286E-10
3.390000        1.007548E-05       -1.007459E-05        8.905144E-10        7.122286E-10
3.400000        1.005432E-05       -1.005343E-05        8.905144E-10        7.122286E-10
3.410000        1.003328E-05       -1.003239E-05        8.905144E-10        7.122286E-10
3.420000        1.001234E-05       -1.001145E-05        8.905144E-10        7.122286E-10
3.430000        9.991505E-06       -9.990614E-06        8.905144E-10        7.122286E-10
3.440000        9.970779E-06       -9.969888E-06        8.905144E-10        7.122286E-10
3.450000        9.950158E-06       -9.949267E-06        8.905144E-10        7.122286E-10
3.460000        9.929641E-06       -9.928751E-06        8.905144E-10        7.122286E-10
3.470000        9.909229E-06       -9.908338E-06        8.905144E-10        7.122286E-10
3.480000        9.888918E-06       -9.888028E-06        8.905144E-10        7.122286E-10
3.490000        9.868710E-06       -9.867819E-06        8.905144E-10        7.122286E-10
3.500000        9.848603E-06       -9.847712E-06        8.905144E-10        7.122286E-10
3.510000        9.828596E-06       -9.827705E-06        8.905144E-10        7.122286E-10
3.520000        9.808688E-06       -9.807797E-06        8.905144E-10        7.122286E-10
3.530000        9.788879E-06       -9.787989E-06        8.905144E-10        7.122286E-10
3.540000        9.769168E-06       -9.768278E-06        8.905144E-10        7.122286E-10
3.550000        9.749554E-06       -9.748664E-06        8.905144E-10        7.122286E-10
3.560000        9.730037E-06       -9.729147E-06        8.905144E-10        7.122286E-10
3.570000        9.710615E-06       -9.709725E-06        8.905144E-10        7.122286E-10
3.580000        9.691289E-06       -9.690398E-06        8.905144E-10        7.122286E-10
3.590000        9.672056E-06       -9.671166E-06        8.905144E-10        7.122286E-10
3.600000        9.652917E-06       -9.652026E-06        8.905144E-10        7.122286E-10
3.610000        9.633871E-06       -9.632980E-06        8.905144E-10        7.122286E-10
3.620000        9.614916E-06       -9.614026E-06        8.905144E-10        7.122286E-10
3.630000        9.596053E-06       -9.595163E-06        8.905144E-10        7.122286E-10
3.640000        9.577281E-06       -9.576390E-06        8.905144E-10        7.122286E-10
3.650000        9.558598E-06       -9.557708E-06        8.905144E-10        7.122286E-10
3.660000        9.540005E-06       -9.539115E-06        8.905144E-10        7.122286E-10
3.670000        9.521501E-06       -9.520610E-06        8.905144E-10        7.122286E-10
3.680000        9.503084E-06       -9.502194E-06        8.905144E-10        7.122286E-10
3.690000        9.484755E-06       -9.483864E-06        8.905144E-10        7.122286E-10
3.700000        9.466512E-06       -9.465621E-06        8.905144E-10        7.122286E-10
3.710000        9.448355E-06       -9.447465E-06        8.905144E-10        7.122286E-10
3.720000        9.430284E-06       -9.429393E-06        8.905144E-10        7.122286E-10
3.730000        9.412297E-06       -9.411406E-06        8.905144E-10        7.122286E-10
3.740000        9.394394E-06       -9.393503E-06        8.905144E-10        7.122286E-10
3.750000        9.376575E-06       -9.375684E-06        8.905144E-10        7.122286E-10
3.760000        9.358838E-06       -9.357948E-06        8.905144E-10        7.122286E-10
3.770000        9.341184E-06       -9.340293E-06        8.905144E-10        7.122286E-10
3.780000        9.323611E-06       -9.322721E-06        8.905144E-10        7.122286E-10
3.790000        9.306120E-06       -9.305229E-06        8.905144E-10        7.122286E-10
3.800000        9.288708E-06       -9.287818E-06        8.905144E-10        7.122286E-10
3.810000        9.271377E-06       -9.270487E-06        8.905144E-10        7.122286E-10
3.820000        9.254125E-06       -9.253235E-06        8.905144E-10        7.122286E-10
3.830000        9.236952E-06       -9.236061E-06        8.905144E-10        7.122286E-10
3.840000        9.219856E-06       -9.218966E-06        8.905144E-10        7.122286E-10
3.850000        9.202839E-06       -9.201948E-06        8.905144E-10        7.122286E-10
3.860000        9.185898E-06       -9.185007E-06        8.905144E-10        7.122286E-10
3.870000        9.169034E-06       -9.168143E-06        8.905144E-10        7.122286E-10
3.880000        9.152245E-06       -9.151355E-06        8.905144E-10        7.122286E-10
3.890000        9.135532E-06       -9.134642E-06        8.905144E-10        7.122286E-10
3.900000        9.118894E-06       -9.118004E-06        8.905144E-10        7.122286E-10
3.910000        9.102330E-06       -9.101440E-06        8.905144E-10        7.122286E-10
3.920000        9.085840E-06       -9.084950E-06        8.905144E-10        7.122286E-10
3.930000        9.069423E-06       -9.068533E-06        8.905144E-10        7.122286E-10
3.940000        9.053079E-06       -9.052189E-06        8.905144E-10        7.122286E-10
3.950000        9.036807E-06       -9.035917E-06        8.905144E-10        7.122286E-10
3.960000        9.020607E-06       -9.019717E-06        8.905144E-10        7.122286E-10
3.970000        9.004478E-06       -9.003588E-06        8.905144E-10        7.122286E-10
3.980000        8.988420E-06       -8.987530E-06        8.905144E-10        7.122286E-10
3.990000        8.972432E-06       -8.971542E-06        8.905144E-10        7.122286E-10
4.000000        8.956514E-06       -8.955624E-06        8.905144E-10        7.122286E-10
4.010000        8.940665E-06       -8.939775E-06        8.905144E-10        7.122286E-10
4.020000        8.924885E-06       -8.923995E-06        8.905144E-10        7.122286E-10
4.030000        8.909174E-06       -8.908283E-06        8.905144E-10        7.122286E-10
4.040000        8.893530E-06       -8.892639E-06        8.905144E-10        7.122286E-10
4.050000        8.877953E-06       -8.877063E-06        8.905144E-10        7.122286E-10
4.060000        8.862444E-06       -8.861553E-06        8.905144E-10        7.122286E-10
4.070000        8.847000E-06       -8.846110E-06        8.905144E-10        7.122286E-10
4.080000        8.831623E-06       -8.830733E-06        8.905144E-10        7.122286E-10
4.090000        8.816312E-06       -8.815421E-06        8.905144E-10        7.122286E-10
4.100000        8.801066E-06       -8.800175E-06        8.905144E-10        7.122286E-10
4.110000        8.785884E-06       -8.784993E-06        8.905144E-10        7.122286E-10
4.120000        8.770766E-06       -8.769876E-06        8.905144E-10        7.122286E-10
4.130000        8.755713E-06       -8.754822E-06        8.905144E-10        7.122286E-10
4.140000        8.740723E-06       -8.739832E-06        8.905144E-10        7.122286E-10
4.150000        8.725796E-06       -8.724905E-06        8.905144E-10        7.122286E-10
4.160000        8.710931E-06       -8.710041E-06        8.905144E-10        7.122286E-10
4.170000        8.696129E-06       -8.695238E-06        8.905144E-10        7.122286E-10
4.180000        8.681388E-06       -8.680497E-06        8.905144E-10        7.122286E-10
4.190000        8.666709E-06       -8.665818E-06        8.905144E-10        7.122286E-10
4.200000        8.652090E-06       -8.651200E-06        8.905144E-10        7.122286E-10
4.210000        8.637532E-06       -8.636642E-06        8.905144E-10        7.122286E-10
4.220000        8.623034E-06       -8.622144E-06        8.905144E-10        7.122286E-10
4.230000        8.608596E-06       -8.607706E-06        8.905144E-10        7.122286E-10
4.240000        8.594218E-06       -8.593327E-06        8.905144E-10        7.122286E-10
4.250000        8.579898E-06       -8.579007E-06        8.905144E-10        7.122286E-10
4.260000        8.565637E-06       -8.564746E-06        8.905144E-10        7.122286E-10
4.270000        8.551434E-06       -8.550543E-06        8.905144E-10        7.122286E-10
4.280000        8.537289E-06       -8.536398E-06        8.905144E-10        7.122286E-10
4.290000        8.523201E-06       -8.522311E-06        8.905144E-10        7.122286E-10
4.300000        8.509171E-06       -8.508280E-06        8.905144E-10        7.122286E-10
4.310000        8.495197E-06       -8.494306E-06        8.905144E-10        7.122286E-10
4.320000        8.481279E-06       -8.480389E-06        8.905144E-10        7.122286E-10
4.330000        8.467418E-06       -8.466527E-06        8.905144E-10        7.122286E-10
4.340000        8.453612E-06       -8.452721E-06        8.905144E-10        7.122286E-10
4.350000        8.439861E-06       -8.438971E-06        8.905144E-10        7.122286E-10
4.360000        8.426166E-06       -8.425275E-06        8.905144E-10        7.122286E-10
4.370000        8.412525E-06       -8.411634E-06        8.905144E-10        7.122286E-10
4.380000        8.398938E-06       -8.398047E-06        8.905144E-10        7.122286E-10
4.390000        8.385405E-06       -8.384514E-06        8.905144E-10        7.122286E-10
4.400000        8.371925E-06       -8.371035E-06        8.905144E-10        7.122286E-10
4.410000        8.358499E-06       -8.357609E-06        8.905144E-10        7.122286E-10
4.420000        8.345126E-06       -8.344235E-06        8.905144E-10        7.122286E-10
4.430000        8.331805E-06       -8.330915E-06        8.905144E-10        7.122286E-10
4.440000        8.318537E-06       -8.317646E-06        8.905144E-10        7.122286E-10
4.450000        8.305320E-06       -8.304430E-06        8.905144E-10        7.122286E-10
4.460000        8.292155E-06       -8.291265E-06        8.905144E-10        7.122286E-10
4.470000        8.279042E-06       -8.278151E-06        8.905144E-10        7.122286E-10
4.480000        8.265979E-06       -8.265088E-06        8.905144E-10        7.122286E-10
4.490000        8.252967E-06       -8.252076E-06        8.905144E-10        7.122286E-10
4.500000        8.240005E-06       -8.239115E-06        8.905144E-10        7.122286E-10
4.510000        8.227093E-06       -8.226203E-06        8.905144E-10        7.122286E-10
4.520000        8.214231E-06       -8.213341E-06        8.905144E-10        7.122286E-10
4.530000        8.201419E-06       -8.200528E-06        8.905144E-10        7.122286E-10
4.540000        8.188655E-06       -8.187765E-06        8.905144E-10        7.122286E-10
4.550000        8.175941E-06       -8.175050E-06        8.905144E-10        7.122286E-10
4.560000        8.163275E-06       -8.162384E-06        8.905144E-10        7.122286E-10
4.570000        8.150657E-06       -8.149766E-06        8.905144E-10        7.122286E-10
4.580000        8.138087E-06       -8.137196E-06        8.905144E-10        7.122286E-10
4.590000        8.125564E-06       -8.124674E-06        8.905144E-10        7.122286E-10
4.600000        8.113089E-06       -8.112199E-06        8.905144E-10        7.122286E-10
4.610000        8.100661E-06       -8.099771E-06        8.905144E-10        7.122286E-10
4.620000        8.088280E-06       -8.087390E-06        8.905144E-10        7.122286E-10
4.630000        8.075946E-06       -8.075055E-06        8.905144E-10        7.122286E-10
4.640000        8.063657E-06       -8.062767E-06        8.905144E-10        7.122286E-10
4.650000        8.051415E-06       -8.050524E-06        8.905144E-10        7.122286E-10
4.660000        8.039218E-06       -8.038328E-06        8.905144E-10        7.122286E-10
4.670000        8.027067E-06       -8.026176E-06        8.905144E-10        7.122286E-10
4.680000        8.014961E-06       -8.014070E-06        8.905144E-10        7.122286E-10
4.690000        8.002900E-06       -8.002009E-06        8.905144E-10        7.122286E-10
4.700000        7.990883E-06       -7.989992E-06        8.905144E-10        7.122286E-10
4.710000        7.978911E-06       -7.978020E-06        8.905144E-10        7.122286E-10
4.720000        7.966983E-06       -7.966092E-06        8.905144E-10        7.122286E-10
4.730000        7.955098E-06       -7.954208E-06        8.905144E-10        7.122286E-10
4.740000        7.943258E-06       -7.942367E-06        8.905144E-10        7.122286E-10
4.750000        7.931460E-06       -7.930570E-06        8.905144E-10        7.122286E-10
4.760000        7.919706E-06       -7.918815E-06        8.905144E-10        7.122286E-10
4.770000        7.907994E-06       -7.907104E-06        8.905144E-10        7.122286E-10
4.780000        7.896326E-06       -7.895435E-06        8.905144E-10        7.122286E-10
4.790000        7.884699E-06       -7.883809E-06        8.905144E-10        7.122286E-10
4.800000        7.873115E-06       -7.872224E-06        8.905144E-10        7.122286E-10
4.810000        7.861572E-06       -7.860682E-06        8.905144E-10        7.122286E-10
4.820000        7.850071E-06       -7.849181E-06        8.905144E-10        7.122286E-10
4.830000        7.838612E-06       -7.837721E-06        8.905144E-10        7.122286E-10
4.840000        7.827193E-06       -7.826303E-06        8.905144E-10        7.122286E-10
4.850000        7.815816E-06       -7.814925E-06        8.905144E-10        7.122286E-10
4.860000        7.804479E-06       -7.803588E-06        8.905144E-10        7.122286E-10
4.870000        7.793183E-06       -7.792292E-06        8.905144E-10        7.122286E-10
4.880000        7.781926E-06       -7.781036E-06        8.905144E-10        7.122286E-10
4.890000        7.770710E-06       -7.769820E-06        8.905144E-10        7.122286E-10
4.900000        7.759534E-06       -7.758643E-06        8.905144E-10        7.122286E-10
4.910000        7.748397E-06       -7.747506E-06        8.905144E-10        7.122286E-10
4.920000        7.737299E-06       -7.736409E-06        8.905144E-10        7.122286E-10
4.930000        7.726241E-06       -7.725350E-06        8.905144E-10        7.122286E-10
4.940000        7.715221E-06       -7.714331E-06        8.905144E-10        7.122286E-10
4.950000        7.704241E-06       -7.703350E-06        8.905144E-10        7.122286E-10
4.960000        7.693298E-06       -7.692408E-06        8.905144E-10        7.122286E-10
4.970000        7.682394E-06       -7.681503E-06        8.905144E-10        7.122286E-10
4.980000        7.671528E-06       -7.670637E-06        8.905144E-10        7.122286E-10
4.990000        7.660700E-06       -7.659809E-06        8.905144E-10        7.122286E-10
5.000000        7.649909E-06       -7.649018E-06        8.905144E-10        7.122286E-10
5.010000        7.639155E-06       -7.638265E-06        8.905144E-10        7.122286E-10
5.020000        7.628439E-06       -7.627549E-06        8.905144E-10        7.122286E-10
5.030000        7.617760E-06       -7.616870E-06        8.905144E-10        7.122286E-10
5.040000        7.607118E-06       -7.606227E-06        8.905144E-10        7.122286E-10
5.050000        7.596512E-06       -7.595622E-06        8.905144E-10        7.122286E-10
5.060000        7.585943E-06       -7.585052E-06        8.905144E-10        7.122286E-10
5.070000        7.575410E-06       -7.574519E-06        8.905144E-10        7.122286E-10
5.080000        7.564912E-06       -7.564022E-06        8.905144E-10        7.122286E-10
5.090000        7.554451E-06       -7.553560E-06        8.905144E-10        7.122286E-10
5.100000        7.544025E-06       -7.543135E-06        8.905144E-10        7.122286E-10
5.110000        7.533635E-06       -7.532744E-06        8.905144E-10        7.122286E-10
5.120000        7.523280E-06       -7.522389E-06        8.905144E-10        7.122286E-10
5.130000        7.512960E-06       -7.512069E-06        8.905144E-10        7.122286E-10
5.140000        7.502674E-06       -7.501784E-06        8.905144E-10        7.122286E-10
5.150000        7.492424E-06       -7.491533E-06        8.905144E-10        7.122286E-10
5.160000        7.482208E-06       -7.481317E-06        8.905144E-10        7.122286E-10
5.170000        7.472026E-06       -7.471135E-06        8.905144E-10        7.122286E-10
5.180000        7.461878E-06       -7.460987E-06        8.905144E-10        7.122286E-10
5.190000        7.451764E-06       -7.450874E-06        8.905144E-10        7.122286E-10
5.200000        7.441684E-06       -7.440794E-06        8.905144E-10        7.122286E-10
5.210000        7.431638E-06       -7.430747E-06        8.905144E-10        7.122286E-10
5.220000        7.421625E-06       -7.420734E-06        8.905144E-10        7.122286E-10
5.230000        7.411645E-06       -7.410754E-06        8.905144E-10        7.122286E-10
5.240000        7.401698E-06       -7.400807E-06        8.905144E-10        7.122286E-10
5.250000        7.391784E-06       -7.390893E-06        8.905144E-10        7.122286E-10
5.260000        7.381903E-06       -7.381012E-06        8.905144E-10        7.122286E-10
5.270000        7.372054E-06       -7.371163E-06        8.905144E-10        7.122286E-10
5.280000        7.362237E-06       -7.361347E-06        8.905144E-10        7.122286E-10
5.290000        7.352453E-06       -7.351563E-06        8.905144E-10        7.122286E-10
5.300000        7.342701E-06       -7.341811E-06        8.905144E-10        7.122286E-10
5.310000        7.332981E-06       -7.332090E-06        8.905144E-10        7.122286E-10
5.320000        7.323292E-06       -7.322402E-06        8.905144E-10        7.122286E-10
5.330000        7.313635E-06       -7.312744E-06        8.905144E-10        7.122286E-10
5.340000        7.304009E-06       -7.303119E-06        8.905144E-10        7.122286E-10
5.350000        7.294415E-06       -7.293524E-06        8.905144E-10        7.122286E-10
5.360000        7.284851E-06       -7.283961E-06        8.905144E-10        7.122286E-10
5.370000        7.275318E-06       -7.274428E-06        8.905144E-10        7.122286E-10
5.380000        7.265816E-06       -7.264926E-06        8.905144E-10        7.122286E-10
5.390000        7.256345E-06       -7.255455E-06        8.905144E-10        7.122286E-10
5.400000        7.246904E-06       -7.246014E-06        8.905144E-10        7.122286E-10
5.410000        7.237493E-06       -7.236603E-06        8.905144E-10        7.122286E-10
5.420000        7.228113E-06       -7.227222E-06        8.905144E-10        7.122286E-10
5.430000        7.218762E-06       -7.217872E-06        8.905144E-10        7.122286E-10
5.440000        7.209441E-06       -7.208551E-06        8.905144E-10        7.122286E-10
5.450000        7.200150E-06       -7.199260E-06        8.905144E-10        7.122286E-10
5.460000        7.190888E-06       -7.189998E-06        8.905144E-10        7.122286E-10
5.470000        7.181656E-06       -7.180765E-06        8.905144E-10        7.122286E-10
5.480000        7.172453E-06       -7.171562E-06        8.905144E-10        7.122286E-10
5.490000        7.163279E-06       -7.162388E-06        8.905144E-10        7.122286E-10
5.500000        7.154133E-06       -7.153243E-06        8.905144E-10        7.122286E-10
5.510000        7.145017E-06       -7.144126E-06        8.905144E-10        7.122286E-10
5.520000        7.135929E-06       -7.135039E-06        8.905144E-10        7.122286E-10
5.530000        7.126870E-06       -7.125979E-06        8.905144E-10        7.122286E-10
5.540000        7.117839E-06       -7.116948E-06        8.905144E-10        7.122286E-10
5.550000        7.108836E-06       -7.107945E-06        8.905144E-10        7.122286E-10
5.560000        7.099861E-06       -7.098971E-06        8.905144E-10        7.122286E-10
5.570000        7.090914E-06       -7.090024E-06        8.905144E-10        7.122286E-10
5.580000        7.081995E-06       -7.081105E-06        8.905144E-10        7.122286E-10
5.590000        7.073104E-06       -7.072213E-06        8.905144E-10        7.122286E-10
5.600000        7.064240E-06       -7.063349E-06        8.905144E-10        7.122286E-10
5.610000        7.055403E-06       -7.054513E-06        8.905144E-10        7.122286E-10
5.620000        7.046594E-06       -7.045703E-06        8.905144E-10        7.122286E-10
5.630000        7.037812E-06       -7.036921E-06        8.905144E-10        7.122286E-10
5.640000        7.029057E-06       -7.028166E-06        8.905144E-10        7.122286E-10
5.650000        7.020328E-06       -7.019438E-06        8.905144E-10        7.122286E-10
5.660000        7.011626E-06       -7.010736E-06        8.905144E-10        7.122286E-10
5.670000        7.002951E-06       -7.002061E-06        8.905144E-10        7.122286E-10
5.680000        6.994303E-06       -6.993412E-06        8.905144E-10        7.122286E-10
5.690000        6.985680E-06       -6.984790E-06        8.905144E-10        7.122286E-10
5.700000        6.977084E-06       -6.976194E-06        8.905144E-10        7.122286E-10
5.710000        6.968514E-06       -6.967624E-06        8.905144E-10        7.122286E-10
5.720000        6.959970E-06       -6.959079E-06        8.905144E-10        7.122286E-10
5.730000        6.951452E-06       -6.950561E-06        8.905144E-10        7.122286E-10
5.740000        6.942959E-06       -6.942068E-06        8.905144E-10        7.122286E-10
5.750000        6.934492E-06       -6.933601E-06        8.905144E-10        7.122286E-10
5.760000        6.926050E-06       -6.925160E-06        8.905144E-10        7.122286E-10
5.770000        6.917634E-06       -6.916744E-06        8.905144E-10        7.122286E-10
5.780000        6.909243E-06       -6.908353E-06        8.905144E-10        7.122286E-10
5.790000        6.900877E-06       -6.899987E-06        8.905144E-10        7.122286E-10
5.800000        6.892536E-06       -6.891646E-06        8.905144E-10        7.122286E-10
5.810000        6.884220E-06       -6.883329E-06        8.905144E-10        7.122286E-10
5.820000        6.875929E-06       -6.875038E-06        8.905144E-10        7.122286E-10
5.830000        6.867662E-06       -6.866771E-06        8.905144E-10        7.122286E-10
5.840000        6.859419E-06       -6.858529E-06        8.905144E-10        7.122286E-10
5.850000        6.851202E-06       -6.850311E-06        8.905144E-10        7.122286E-10
5.860000        6.843008E-06       -6.842117E-06        8.905144E-10        7.122286E-10
5.870000        6.834838E-06       -6.833948E-06        8.905144E-10        7.122286E-10
5.880000        6.826693E-06       -6.825802E-06        8.905144E-10        7.122286E-10
5.890000        6.818571E-06       -6.817681E-06        8.905144E-10        7.122286E-10
5.900000        6.810474E-06       -6.809583E-06        8.905144E-10        7.122286E-10
5.910000        6.802400E-06       -6.801509E-06        8.905144E-10        7.122286E-10
5.920000        6.794349E-06       -6.793459E-06        8.905144E-10        7.122286E-10
5.930000        6.786323E-06       -6.785432E-06        8.905144E-10        7.122286E-10
5.940000        6.778319E-06       -6.777429E-06        8.905144E-10        7.122286E-10
5.950000        6.770339E-06       -6.769448E-06        8.905144E-10        7.122286E-10
5.960000        6.762382E-06       -6.761491E-06        8.905144E-10        7.122286E-10
5.970000        6.754448E-06       -6.753557E-06        8.905144E-10        7.122286E-10
5.980000        6.746537E-06       -6.745646E-06        8.905144E-10        7.122286E-10
5.990000        6.738649E-06       -6.737758E-06        8.905144E-10        7.122286E-10
6.000000        6.730783E-06       -6.729893E-06        8.905144E-10        7.122286E-10
6.010000        6.722940E-06       -6.722050E-06        8.905144E-10        7.122286E-10
6.020000        6.715120E-06       -6.714229E-06        8.905144E-10        7.122286E-10
6.030000        6.707322E-06       -6.706432E-06        8.905144E-10        7.122286E-10
6.040000        6.699547E-06       -6.698656E-06        8.905144E-10        7.122286E-10
6.050000        6.691793E-06       -6.690903E-06        8.905144E-10        7.122286E-10
6.060000        6.684062E-06       -6.683172E-06        8.905144E-10        7.122286E-10
6.070000        6.676353E-06       -6.675463E-06        8.905144E-10        7.122286E-10
6.080000        6.668666E-06       -6.667775E-06        8.905144E-10        7.122286E-10
6.090000        6.661000E-06       -6.660110E-06        8.905144E-10        7.122286E-10
6.100000        6.653357E-06       -6.652466E-06        8.905144E-10        7.122286E-10
6.110000        6.645735E-06       -6.644844E-06        8.905144E-10        7.122286E-10
6.120000        6.638134E-06       -6.637244E-06        8.905144E-10        7.122286E-10
6.130000        6.630555E-06       -6.629665E-06        8.905144E-10        7.122286E-10
6.140000        6.622998E-06       -6.622107E-06        8.905144E-10        7.122286E-10
6.150000        6.615461E-06       -6.614571E-06        8.905144E-10        7.122286E-10
6.160000        6.607946E-06       -6.607055E-06        8.905144E-10        7.122286E-10
6.170000        6.600452E-06       -6.599561E-06        8.905144E-10        7.122286E-10
6.180000        6.592978E-06       -6.592088E-06        8.905144E-10        7.122286E-10
6.190000        6.585526E-06       -6.584635E-06        8.905144E-10        7.122286E-10
6.200000        6.578094E-06       -6.577204E-06        8.905144E-10        7.122286E-10
6.210000        6.570683E-06       -6.569793E-06        8.905144E-10        7.122286E-10
6.220000        6.563293E-06       -6.562403E-06        8.905144E-10        7.122286E-10
6.230000        6.555923E-06       -6.555033E-06        8.905144E-10        7.122286E-10
6.240000        6.548574E-06       -6.547683E-06        8.905144E-10        7.122286E-10
6.250000        6.541245E-06       -6.540354E-06        8.905144E-10        7.122286E-10
6.260000        6.533936E-06       -6.533045E-06        8.905144E-10        7.122286E-10
6.270000        6.526647E-06       -6.525757E-06        8.905144E-10        7.122286E-10
6.280000        6.519379E-06       -6.518488E-06        8.905144E-10        7.122286E-10
6.290000        6.512130E-06       -6.511239E-06        8.905144E-10        7.122286E-10
6.300000        6.504901E-06       -6.504011E-06        8.905144E-10        7.122286E-10
6.310000        6.497692E-06       -6.496802E-06        8.905144E-10        7.122286E-10
6.320000        6.490503E-06       -6.489612E-06        8.905144E-10        7.122286E-10
6.330000        6.483333E-06       -6.482443E-06        8.905144E-10        7.122286E-10
6.340000        6.476183E-06       -6.475293E-06        8.905144E-10        7.122286E-10
6.350000        6.469052E-06       -6.468162E-06        8.905144E-10        7.122286E-10
6.360000        6.461941E-06       -6.461051E-06        8.905144E-10        7.122286E-10
6.370000        6.454849E-06       -6.453959E-06        8.905144E-10        7.122286E-10
6.380000        6.447776E-06       -6.446886E-06        8.905144E-10        7.122286E-10
6.390000        6.440723E-06       -6.439832E-06        8.905144E-10        7.122286E-10
6.400000        6.433688E-06       -6.432798E-06        8.905144E-10        7.122286E-10
6.410000        6.426672E-06       -6.425782E-06        8.905144E-10        7.122286E-10
6.420000        6.419676E-06       -6.418785E-06        8.905144E-10        7.122286E-10
6.430000        6.412698E-06       -6.411807E-06        8.905144E-10        7.122286E-10
6.440000        6.405738E-06       -6.404848E-06        8.905144E-10        7.122286E-10
6.450000        6.398798E-06       -6.397907E-06        8.905144E-10        7.122286E-10
6.460000        6.391876E-06       -6.390985E-06        8.905144E-10        7.122286E-10
6.470000        6.384972E-06       -6.384082E-06        8.905144E-10        7.122286E-10
6.480000        6.378087E-06       -6.377196E-06        8.905144E-10        7.122286E-10
6.490000        6.371220E-06       -6.370330E-06        8.905144E-10        7.122286E-10
6.500000        6.364371E-06       -6.363481E-06        8.905144E-10        7.122286E-10
6.510000        6.357541E-06       -6.356650E-06        8.905144E-10        7.122286E-10
6.520000        6.350729E-06       -6.349838E-06        8.905144E-10        7.122286E-10
6.530000        6.343934E-06       -6.343044E-06        8.905144E-10        7.122286E-10
6.540000        6.337158E-06       -6.336267E-06        8.905144E-10        7.122286E-10
6.550000        6.330399E-06       -6.329509E-06        8.905144E-10        7.122286E-10
6.560000        6.323659E-06       -6.322768E-06        8.905144E-10        7.122286E-10
6.570000        6.316936E-06       -6.316045E-06        8.905144E-10        7.122286E-10
6.580000        6.310230E-06       -6.309340E-06        8.905144E-10        7.122286E-10
6.590000        6.303542E-06       -6.302652E-06        8.905144E-10        7.122286E-10
6.600000        6.296872E-06       -6.295981E-06        8.905144E-10        7.122286E-10
6.610000        6.290219E-06       -6.289329E-06        8.905144E-10        7.122286E-10
6.620000        6.283584E-06       -6.282693E-06        8.905144E-10        7.122286E-10
6.630000        6.276965E-06       -6.276075E-06        8.905144E-10        7.122286E-10
6.640000        6.270364E-06       -6.269474E-06        8.905144E-10        7.122286E-10
6.650000        6.263780E-06       -6.262890E-06        8.905144E-10        7.122286E-10
6.660000        6.257213E-06       -6.256323E-06        8.905144E-10        7.122286E-10
6.670000        6.250664E-06       -6.249773E-06        8.905144E-10        7.122286E-10
6.680000        6.244131E-06       -6.243240E-06        8.905144E-10        7.122286E-10
6.690000        6.237615E-06       -6.236724E-06        8.905144E-10        7.122286E-10
6.700000        6.231115E-06       -6.230225E-06        8.905144E-10        7.122286E-10
6.710000        6.224633E-06       -6.223742E-06        8.905144E-10        7.122286E-10
6.720000        6.218167E-06       -6.217276E-06        8.905144E-10        7.122286E-10
6.730000        6.211717E-06       -6.210827E-06        8.905144E-10        7.122286E-10
6.740000        6.205285E-06       -6.204394E-06        8.905144E-10        7.122286E-10
6.750000        6.198868E-06       -6.197978E-06        8.905144E-10        7.122286E-10
6.760000        6.192468E-06       -6.191578E-06        8.905144E-10        7.122286E-10
6.770000        6.186084E-06       -6.185194E-06        8.905144E-10        7.122286E-10
6.780000        6.179717E-06       -6.178827E-06        8.905144E-10        7.122286E-10
6.790000        6.173366E-06       -6.172475E-06        8.905144E-10        7.122286E-10
6.800000        6.167031E-06       -6.166140E-06        8.905144E-10        7.122286E-10
6.810000        6.160712E-06       -6.159821E-06        8.905144E-10        7.122286E-10
6.820000        6.154408E-06       -6.153518E-06        8.905144E-10        7.122286E-10
6.830000        6.148121E-06       -6.147231E-06        8.905144E-10        7.122286E-10
6.840000        6.141850E-06       -6.140959E-06        8.905144E-10        7.122286E-10
6.850000        6.135594E-06       -6.134704E-06        8.905144E-10        7.122286E-10
6.860000        6.129355E-06       -6.128464E-06        8.905144E-10        7.122286E-10
6.870000        6.123130E-06       -6.122240E-06        8.905144E-10        7.122286E-10
6.880000        6.116922E-06       -6.116031E-06        8.905144E-10        7.122286E-10
6.890000        6.110729E-06       -6.109838E-06        8.905144E-10        7.122286E-10
6.900000        6.104552E-06       -6.103661E-06        8.905144E-10        7.122286E-10
6.910000        6.098389E-06       -6.097499E-06        8.905144E-10        7.122286E-10
6.920000        6.092243E-06       -6.091352E-06        8.905144E-10        7.122286E-10
6.930000        6.086111E-06       -6.085221E-06        8.905144E-10        7.122286E-10
6.940000        6.079995E-06       -6.079105E-06        8.905144E-10        7.122286E-10
6.950000        6.073894E-06       -6.073004E-06        8.905144E-10        7.122286E-10
6.960000        6.067808E-06       -6.066918E-06        8.905144E-10        7.122286E-10
6.970000        6.061738E-06       -6.060847E-06        8.905144E-10        7.122286E-10
6.980000        6.055682E-06       -6.054791E-06        8.905144E-10        7.122286E-10
6.990000        6.049641E-06       -6.048750E-06        8.905144E-10        7.122286E-10
7.000000        6.043615E-06       -6.042724E-06        8.905144E-10        7.122286E-10
7.010000        6.037604E-06       -6.036713E-06        8.905144E-10        7.122286E-10
7.020000        6.031607E-06       -6.030717E-06        8.905144E-10        7.122286E-10
7.030000        6.025626E-06       -6.024735E-06        8.905144E-10        7.122286E-10
7.040000        6.019659E-06       -6.018768E-06        8.905144E-10        7.122286E-10
7.050000        6.013706E-06       -6.012816E-06        8.905144E-10        7.122286E-10
7.060000        6.007768E-06       -6.006878E-06        8.905144E-10        7.122286E-10
7.070000        6.001845E-06       -6.000954E-06        8.905144E-10        7.122286E-10
7.080000        5.995936E-06       -5.995045E-06        8.905144E-10        7.122286E-10
7.090000        5.990041E-06       -5.989151E-06        8.905144E-10        7.122286E-10
7.100000        5.984161E-06       -5.983270E-06        8.905144E-10        7.122286E-10
7.110000        5.978295E-06       -5.977404E-06        8.905144E-10        7.122286E-10
7.120000        5.972443E-06       -5.971553E-06        8.905144E-10        7.122286E-10
7.130000        5.966605E-06       -5.965715E-06        8.905144E-10        7.122286E-10
7.140000        5.960782E-06       -5.959891E-06        8.905144E-10        7.122286E-10
7.150000        5.954972E-06       -5.954082E-06        8.905144E-10        7.122286E-10
7.160000        5.949177E-06       -5.948286E-06        8.905144E-10        7.122286E-10
7.170000        5.943395E-06       -5.942505E-06        8.905144E-10        7.122286E-10
7.180000        5.937627E-06       -5.936737E-06        8.905144E-10        7.122286E-10
7.190000        5.931873E-06       -5.930983E-06        8.905144E-10        7.122286E-10
7.200000        5.926133E-06       -5.925243E-06        8.905144E-10        7.122286E-10
7.210000        5.920407E-06       -5.919516E-06        8.905144E-10        7.122286E-10
7.220000        5.914694E-06       -5.913804E-06        8.905144E-10        7.122286E-10
7.230000        5.908995E-06       -5.908104E-06        8.905144E-10        7.122286E-10
7.240000        5.903309E-06       -5.902419E-06        8.905144E-10        7.122286E-10
7.250000        5.897637E-06       -5.896747E-06        8.905144E-10        7.122286E-10
7.260000        5.891979E-06       -5.891088E-06        8.905144E-10        7.122286E-10
7.270000        5.886333E-06       -5.885443E-06        8.905144E-10        7.122286E-10
7.280000        5.880702E-06       -5.879811E-06        8.905144E-10        7.122286E-10
7.290000        5.875083E-06       -5.874193E-06        8.905144E-10        7.122286E-10
7.300000        5.869478E-06       -5.868587E-06        8.905144E-10        7.122286E-10
7.310000        5.863886E-06       -5.862995E-06        8.905144E-10        7.122286E-10
7.320000        5.858307E-06       -5.857417E-06        8.905144E-10        7.122286E-10
7.330000        5.852741E-06       -5.851851E-06        8.905144E-10        7.122286E-10
7.340000        5.847189E-06       -5.846298E-06        8.905144E-10        7.122286E-10
7.350000        5.841649E-06       -5.840758E-06        8.905144E-10        7.122286E-10
7.360000        5.836122E-06       -5.835232E-06        8.905144E-10        7.122286E-10
7.370000        5.830608E-06       -5.829718E-06        8.905144E-10        7.122286E-10
7.380000        5.825108E-06       -5.824217E-06        8.905144E-10        7.122286E-10
7.390000        5.819620E-06       -5.818729E-06        8.905144E-10        7.122286E-10
7.400000        5.814144E-06       -5.813254E-06        8.905144E-10        7.122286E-10
7.410000        5.808682E-06       -5.807791E-06        8.905144E-10        7.122286E-10
7.420000        5.803232E-06       -5.802341E-06        8.905144E-10        7.122286E-10
7.430000        5.797794E-06       -5.796904E-06        8.905144E-10        7.122286E-10
7.440000        5.792370E-06       -5.791479E-06        8.905144E-10        7.122286E-10
7.450000        5.786958E-06       -5.786067E-06        8.905144E-10        7.122286E-10
7.460000        5.781558E-06       -5.780668E-06        8.905144E-10        7.122286E-10
7.470000        5.776171E-06       -5.775280E-06        8.905144E-10        7.122286E-10
7.480000        5.770796E-06       -5.769906E-06        8.905144E-10        7.122286E-10
7.490000        5.765434E-06       -5.764543E-06        8.905144E-10        7.122286E-10
7.500000        5.760084E-06       -5.759193E-06        8.905144E-10        7.122286E-10
7.510000        5.754746E-06       -5.753855E-06        8.905144E-10        7.122286E-10
7.520000        5.749420E-06       -5.748530E-06        8.905144E-10        7.122286E-10
7.530000        5.744107E-06       -5.743216E-06        8.905144E-10        7.122286E-10
7.540000        5.738805E-06       -5.737915E-06        8.905144E-10        7.122286E-10
7.550000        5.733516E-06       -5.732626E-06        8.905144E-10        7.122286E-10
7.560000        5.728239E-06       -5.727349E-06        8.905144E-10        7.122286E-10
7.570000        5.722974E-06       -5.722083E-06        8.905144E-10        7.122286E-10
7.580000        5.717721E-06       -5.716830E-06        8.905144E-10        7.122286E-10
7.590000        5.712480E-06       -5.711589E-06        8.905144E-10        7.122286E-10
7.600000        5.707250E-06       -5.706360E-06        8.905144E-10        7.122286E-10
7.610000        5.702033E-06       -5.701142E-06        8.905144E-10        7.122286E-10
7.620000        5.696827E-06       -5.695936E-06        8.905144E-10        7.122286E-10
7.630000        5.691633E-06       -5.690742E-06        8.905144E-10        7.122286E-10
7.640000        5.686451E-06       -5.685560E-06        8.905144E-10        7.122286E-10
7.650000        5.681280E-06       -5.680389E-06        8.905144E-10        7.122286E-10
7.660000        5.676121E-06       -5.675230E-06        8.905144E-10        7.122286E-10
7.670000        5.670973E-06       -5.670083E-06        8.905144E-10        7.122286E-10
7.680000        5.665838E-06       -5.664947E-06        8.905144E-10        7.122286E-10
7.690000        5.660713E-06       -5.659823E-06        8.905144E-10        7.122286E-10
7.700000        5.655600E-06       -5.654710E-06        8.905144E-10        7.122286E-10
7.710000        5.650499E-06       -5.649608E-06        8.905144E-10        7.122286E-10
7.720000        5.645408E-06       -5.644518E-06        8.905144E-10        7.122286E-10
7.730000        5.640330E-06       -5.639439E-06        8.905144E-10        7.122286E-10
7.740000        5.635262E-06       -5.634372E-06        8.905144E-10        7.122286E-10
7.750000        5.630206E-06       -5.629315E-06        8.905144E-10        7.122286E-10
7.760000        5.625161E-06       -5.624270E-06        8.905144E-10        7.122286E-10
7.770000        5.620127E-06       -5.619236E-06        8.905144E-10        7.122286E-10
7.780000        5.615104E-06       -5.614214E-06        8.905144E-10        7.122286E-10
7.790000        5.610092E-06       -5.609202E-06        8.905144E-10        7.122286E-10
7.800000        5.605092E-06       -5.604201E-06        8.905144E-10        7.122286E-10
7.810000        5.600102E-06       -5.599212E-06        8.905144E-10        7.122286E-10
7.820000        5.595124E-06       -5.594233E-06        8.905144E-10        7.122286E-10
7.830000        5.590156E-06       -5.589266E-06        8.905144E-10        7.122286E-10
7.840000        5.585199E-06       -5.584309E-06        8.905144E-10        7.122286E-10
7.850000        5.580253E-06       -5.579363E-06        8.905144E-10        7.122286E-10
7.860000        5.575318E-06       -5.574428E-06        8.905144E-10        7.122286E-10
7.870000        5.570394E-06       -5.569504E-06        8.905144E-10        7.122286E-10
7.880000        5.565481E-06       -5.564590E-06        8.905144E-10        7.122286E-10
7.890000        5.560578E-06       -5.559687E-06        8.905144E-10        7.122286E-10
7.900000        5.555686E-06       -5.554795E-06        8.905144E-10        7.122286E-10
7.910000        5.550804E-06       -5.549914E-06        8.905144E-10        7.122286E-10
7.920000        5.545933E-06       -5.545043E-06        8.905144E-10        7.122286E-10
7.930000        5.541073E-06       -5.540183E-06        8.905144E-10        7.122286E-10
7.940000        5.536223E-06       -5.535333E-06        8.905144E-10        7.122286E-10
7.950000        5.531384E-06       -5.530494E-06        8.905144E-10        7.122286E-10
7.960000        5.526555E-06       -5.525665E-06        8.905144E-10        7.122286E-10
7.970000        5.521737E-06       -5.520846E-06        8.905144E-10        7.122286E-10
7.980000        5.516929E-06       -5.516038E-06        8.905144E-10        7.122286E-10
7.990000        5.512131E-06       -5.511241E-06        8.905144E-10        7.122286E-10
8.000000        5.507344E-06       -5.506453E-06        8.905144E-10        7.122286E-10
8.010000        5.502567E-06       -5.501676E-06        8.905144E-10        7.122286E-10
8.020000        5.497800E-06       -5.496910E-06        8.905144E-10        7.122286E-10
8.030000        5.493044E-06       -5.492153E-06        8.905144E-10        7.122286E-10
8.040000        5.488297E-06       -5.487407E-06        8.905144E-10        7.122286E-10
8.050000        5.483561E-06       -5.482670E-06        8.905144E-10        7.122286E-10
8.060000        5.478835E-06       -5.477944E-06        8.905144E-10        7.122286E-10
8.070000        5.474119E-06       -5.473228E-06        8.905144E-10        7.122286E-10
8.080000        5.469413E-06       -5.468522E-06        8.905144E-10        7.122286E-10
8.090000        5.464716E-06       -5.463826E-06        8.905144E-10        7.122286E-10
8.100000        5.460030E-06       -5.459140E-06        8.905144E-10        7.122286E-10
8.110000        5.455354E-06       -5.454464E-06        8.905144E-10        7.122286E-10
8.120000        5.450688E-06       -5.449798E-06        8.905144E-10        7.122286E-10
8.130000        5.446032E-06       -5.445141E-06        8.905144E-10        7.122286E-10
8.140000        5.441385E-06       -5.440495E-06        8.905144E-10        7.122286E-10
8.150000        5.436748E-06       -5.435858E-06        8.905144E-10        7.122286E-10
8.160000        5.432121E-06       -5.431231E-06        8.905144E-10        7.122286E-10
8.170000        5.427504E-06       -5.426614E-06        8.905144E-10        7.122286E-10
8.180000        5.422897E-06       -5.422006E-06        8.905144E-10        7.122286E-10
8.190000        5.418299E-06       -5.417408E-06        8.905144E-10        7.122286E-10
8.200000        5.413711E-06       -5.412820E-06        8.905144E-10        7.122286E-10
8.210000        5.409132E-06       -5.408242E-06        8.905144E-10        7.122286E-10
8.220000        5.404563E-06       -5.403673E-06        8.905144E-10        7.122286E-10
8.230000        5.400004E-06       -5.399113E-06        8.905144E-10        7.122286E-10
8.240000        5.395454E-06       -5.394563E-06        8.905144E-10        7.122286E-10
8.250000        5.390913E-06       -5.390023E-06        8.905144E-10        7.122286E-10
8.260000        5.386382E-06       -5.385492E-06        8.905144E-10        7.122286E-10
8.270000        5.381861E-06       -5.380970E-06        8.905144E-10        7.122286E-10
8.280000        5.377349E-06       -5.376458E-06        8.905144E-10        7.122286E-10
8.290000        5.372846E-06       -5.371955E-06        8.905144E-10        7.122286E-10
8.300000        5.368352E-06       -5.367462E-06        8.905144E-10        7.122286E-10
8.310000        5.363868E-06       -5.362977E-06        8.905144E-10        7.122286E-10
8.320000        5.359393E-06       -5.358503E-06        8.905144E-10        7.122286E-10
8.330000        5.354927E-06       -5.354037E-06        8.905144E-10        7.122286E-10
8.340000        5.350471E-06       -5.349580E-06        8.905144E-10        7.122286E-10
8.350000        5.346023E-06       -5.345133E-06        8.905144E-10        7.122286E-10
8.360000        5.341585E-06       -5.340695E-06        8.905144E-10        7.122286E-10
8.370000        5.337156E-06       -5.336266E-06        8.905144E-10        7.122286E-10
8.380000        5.332736E-06       -5.331846E-06        8.905144E-10        7.122286E-10
8.390000        5.328325E-06       -5.327435E-06        8.905144E-10        7.122286E-10
8.400000        5.323923E-06       -5.323033E-06        8.905144E-10        7.122286E-10
8.410000        5.319530E-06       -5.318640E-06        8.905144E-10        7.122286E-10
8.420000        5.315146E-06       -5.314256E-06        8.905144E-10        7.122286E-10
8.430000        5.310771E-06       -5.309881E-06        8.905144E-10        7.122286E-10
8.440000        5.306405E-06       -5.305515E-06        8.905144E-10        7.122286E-10
8.450000        5.302048E-06       -5.301158E-06        8.905144E-10        7.122286E-10
8.460000        5.297700E-06       -5.296809E-06        8.905144E-10        7.122286E-10
8.470000        5.293360E-06       -5.292470E-06        8.905144E-10        7.122286E-10
8.480000        5.289029E-06       -5.288139E-06        8.905144E-10        7.122286E-10
8.490000        5.284707E-06       -5.283817E-06        8.905144E-10        7.122286E-10
8.500000        5.280394E-06       -5.279504E-06        8.905144E-10        7.122286E-10
8.510000        5.276090E-06       -5.275199E-06        8.905144E-10        7.122286E-10
8.520000        5.271794E-06       -5.270903E-06        8.905144E-10        7.122286E-10
8.530000        5.267507E-06       -5.266616E-06        8.905144E-10        7.122286E-10
8.540000        5.263228E-06       -5.262337E-06        8.905144E-10        7.122286E-10
8.550000        5.258958E-06       -5.258068E-06        8.905144E-10        7.122286E-10
8.560000        5.254697E-06       -5.253806E-06        8.905144E-10        7.122286E-10
8.570000        5.250444E-06       -5.249553E-06        8.905144E-10        7.122286E-10
8.580000        5.246199E-06       -5.245309E-06        8.905144E-10        7.122286E-10
8.590000        5.241964E-06       -5.241073E-06        8.905144E-10        7.122286E-10
8.600000        5.237736E-06       -5.236846E-06        8.905144E-10        7.122286E-10
8.610000        5.233517E-06       -5.232627E-06        8.905144E-10        7.122286E-10
8.620000        5.229307E-06       -5.228416E-06        8.905144E-10        7.122286E-10
8.630000        5.225104E-06       -5.224214E-06        8.905144E-10        7.122286E-10
8.640000        5.220911E-06       -5.220020E-06        8.905144E-10        7.122286E-10
8.650000        5.216725E-06       -5.215835E-06        8.905144E-10        7.122286E-10
8.660000        5.212548E-06       -5.211657E-06        8.905144E-10        7.122286E-10
8.670000        5.208379E-06       -5.207488E-06        8.905144E-10        7.122286E-10
8.680000        5.204218E-06       -5.203328E-06        8.905144E-10        7.122286E-10
8.690000        5.200066E-06       -5.199175E-06        8.905144E-10        7.122286E-10
8.700000        5.195922E-06       -5.195031E-06        8.905144E-10        7.122286E-10
8.710000        5.191786E-06       -5.190895E-06        8.905144E-10        7.122286E-10
8.720000        5.187658E-06       -5.186767E-06        8.905144E-10        7.122286E-10
8.730000        5.183538E-06       -5.182647E-06        8.905144E-10        7.122286E-10
8.740000        5.179426E-06       -5.178536E-06        8.905144E-10        7.122286E-10
8.750000        5.175323E-06       -5.174432E-06        8.905144E-10        7.122286E-10
8.760000        5.171227E-06       -5.170336E-06        8.905144E-10        7.122286E-10
8.770000        5.167139E-06       -5.166249E-06        8.905144E-10        7.122286E-10
8.780000        5.163060E-06       -5.162169E-06        8.905144E-10        7.122286E-10
8.790000        5.158988E-06       -5.158098E-06        8.905144E-10        7.122286E-10
8.800000        5.154925E-06       -5.154034E-06        8.905144E-10        7.122286E-10
8.810000        5.150869E-06       -5.149978E-06        8.905144E-10        7.122286E-10
8.820000        5.146821E-06       -5.145931E-06        8.905144E-10        7.122286E-10
8.830000        5.142781E-06       -5.141891E-06        8.905144E-10        7.122286E-10
8.840000        5.138749E-06       -5.137858E-06        8.905144E-10        7.122286E-10
8.850000        5.134725E-06       -5.133834E-06        8.905144E-10        7.122286E-10
8.860000        5.130708E-06       -5.129818E-06        8.905144E-10        7.122286E-10
8.870000        5.126699E-06       -5.125809E-06        8.905144E-10        7.122286E-10
8.880000        5.122698E-06       -5.121808E-06        8.905144E-10        7.122286E-10
8.890000        5.118705E-06       -5.117815E-06        8.905144E-10        7.122286E-10
8.900000        5.114720E-06       -5.113829E-06        8.905144E-10        7.122286E-10
8.910000        5.110742E-06       -5.109851E-06        8.905144E-10        7.122286E-10
8.920000        5.106772E-06       -5.105881E-06        8.905144E-10        7.122286E-10
8.930000        5.102809E-06       -5.101919E-06        8.905144E-10        7.122286E-10
8.940000        5.098854E-06       -5.097964E-06        8.905144E-10        7.122286E-10
8.950000        5.094907E-06       -5.094016E-06        8.905144E-10        7.122286E-10
8.960000        5.090967E-06       -5.090077E-06        8.905144E-10        7.122286E-10
8.970000        5.087035E-06       -5.086144E-06        8.905144E-10        7.122286E-10
8.980000        5.083110E-06       -5.082219E-06        8.905144E-10        7.122286E-10
8.990000        5.079193E-06       -5.078302E-06        8.905144E-10        7.122286E-10
9.000000        5.075283E-06       -5.074392E-06        8.905144E-10        7.122286E-10
9.010000        5.071381E-06       -5.070490E-06        8.905144E-10        7.122286E-10
9.020000        5.067486E-06       -5.066595E-06        8.905144E-10        7.122286E-10
9.030000        5.063598E-06       -5.062708E-06        8.905144E-10        7.122286E-10
9.040000        5.059718E-06       -5.058828E-06        8.905144E-10        7.122286E-10
9.050000        5.055845E-06       -5.054955E-06        8.905144E-10        7.122286E-10
9.060000        5.051980E-06       -5.051089E-06        8.905144E-10        7.122286E-10
9.070000        5.048122E-06       -5.047231E-06        8.905144E-10        7.122286E-10
9.080000        5.044271E-06       -5.043381E-06        8.905144E-10        7.122286E-10
9.090000        5.040428E-06       -5.039537E-06        8.905144E-10        7.122286E-10
9.100000        5.036591E-06       -5.035701E-06        8.905144E-10        7.122286E-10
9.110000        5.032762E-06       -5.031872E-06        8.905144E-10        7.122286E-10
9.120000        5.028940E-06       -5.028050E-06        8.905144E-10        7.122286E-10
9.130000        5.025126E-06       -5.024235E-06        8.905144E-10        7.122286E-10
9.140000        5.021318E-06       -5.020428E-06        8.905144E-10        7.122286E-10
9.150000        5.017518E-06       -5.016627E-06        8.905144E-10        7.122286E-10
9.160000        5.013725E-06       -5.012834E-06        8.905144E-10        7.122286E-10
9.170000        5.009938E-06       -5.009048E-06        8.905144E-10        7.122286E-10
9.180000        5.006159E-06       -5.005269E-06        8.905144E-10        7.122286E-10
9.190000        5.002387E-06       -5.001497E-06        8.905144E-10        7.122286E-10
9.200000        4.998622E-06       -4.997732E-06        8.905144E-10        7.122286E-10
9.210000        4.994864E-06       -4.993974E-06        8.905144E-10        7.122286E-10
9.220000        4.991113E-06       -4.990223E-06        8.905144E-10        7.122286E-10
9.230000        4.987369E-06       -4.986479E-06        8.905144E-10        7.122286E-10
9.240000        4.983632E-06       -4.982742E-06        8.905144E-10        7.122286E-10
9.250000        4.979902E-06       -4.979012E-06        8.905144E-10        7.122286E-10
9.260000        4.976179E-06       -4.975289E-06        8.905144E-10        7.122286E-10
9.270000        4.972463E-06       -4.971572E-06        8.905144E-10        7.122286E-10
9.280000        4.968753E-06       -4.967863E-06        8.905144E-10        7.122286E-10
9.290000        4.965051E-06       -4.964160E-06        8.905144E-10        7.122286E-10
9.300000        4.961355E-06       -4.960465E-06        8.905144E-10        7.122286E-10
9.310000        4.957666E-06       -4.956776E-06        8.905144E-10        7.122286E-10
9.320000        4.953984E-06       -4.953093E-06        8.905144E-10        7.122286E-10
9.330000        4.950309E-06       -4.949418E-06        8.905144E-10        7.122286E-10
9.340000        4.946640E-06       -4.945749E-06        8.905144E-10        7.122286E-10
9.350000        4.942978E-06       -4.942088E-06        8.905144E-10        7.122286E-10
9.360000        4.939323E-06       -4.938432E-06        8.905144E-10        7.122286E-10
9.370000        4.935674E-06       -4.934784E-06        8.905144E-10        7.122286E-10
9.380000        4.932033E-06       -4.931142E-06        8.905144E-10        7.122286E-10
9.390000        4.928397E-06       -4.927507E-06        8.905144E-10        7.122286E-10
9.400000        4.924769E-06       -4.923878E-06        8.905144E-10        7.122286E-10
9.410000        4.921147E-06       -4.920256E-06        8.905144E-10        7.122286E-10
9.420000        4.917532E-06       -4.916641E-06        8.905144E-10        7.122286E-10
9.430000        4.913923E-06       -4.913032E-06        8.905144E-10        7.122286E-10
9.440000        4.910321E-06       -4.909430E-06        8.905144E-10        7.122286E-10
9.450000        4.906725E-06       -4.905835E-06        8.905144E-10        7.122286E-10
9.460000        4.903136E-06       -4.902245E-06        8.905144E-10        7.122286E-10
9.470000        4.899553E-06       -4.898663E-06        8.905144E-10        7.122286E-10
9.480000        4.895977E-06       -4.895087E-06        8.905144E-10        7.122286E-10
9.490000        4.892407E-06       -4.891517E-06        8.905144E-10        7.122286E-10
9.500000        4.888844E-06       -4.887954E-06        8.905144E-10        7.122286E-10
9.510000        4.885287E-06       -4.884397E-06        8.905144E-10        7.122286E-10
9.520000        4.881737E-06       -4.880846E-06        8.905144E-10        7.122286E-10
9.530000        4.878193E-06       -4.877302E-06        8.905144E-10        7.122286E-10
9.540000        4.874655E-06       -4.873765E-06        8.905144E-10        7.122286E-10
9.550000        4.871124E-06       -4.870234E-06        8.905144E-10        7.122286E-10
9.560000        4.867599E-06       -4.866709E-06        8.905144E-10        7.122286E-10
9.570000        4.864080E-06       -4.863190E-06        8.905144E-10        7.122286E-10
9.580000        4.860568E-06       -4.859678E-06        8.905144E-10        7.122286E-10
9.590000        4.857062E-06       -4.856172E-06        8.905144E-10        7.122286E-10
9.600000        4.853562E-06       -4.852672E-06        8.905144E-10        7.122286E-10
9.610000        4.850069E-06       -4.849178E-06        8.905144E-10        7.122286E-10
9.620000        4.846581E-06       -4.845691E-06        8.905144E-10        7.122286E-10
9.630000        4.843100E-06       -4.842210E-06        8.905144E-10        7.122286E-10
9.640000        4.839625E-06       -4.838735E-06        8.905144E-10        7.122286E-10
9.650000        4.836157E-06       -4.835266E-06        8.905144E-10        7.122286E-10
9.660000        4.832694E-06       -4.831803E-06        8.905144E-10        7.122286E-10
9.670000        4.829237E-06       -4.828347E-06        8.905144E-10        7.122286E-10
9.680000        4.825787E-06       -4.824897E-06        8.905144E-10        7.122286E-10
9.690000        4.822343E-06       -4.821452E-06        8.905144E-10        7.122286E-10
9.700000        4.818905E-06       -4.818014E-06        8.905144E-10        7.122286E-10
9.710000        4.815473E-06       -4.814582E-06        8.905144E-10        7.122286E-10
9.720000        4.812047E-06       -4.811156E-06        8.905144E-10        7.122286E-10
9.730000        4.808627E-06       -4.807736E-06        8.905144E-10        7.122286E-10
9.740000        4.805213E-06       -4.804322E-06        8.905144E-10        7.122286E-10
9.750000        4.801805E-06       -4.800914E-06        8.905144E-10        7.122286E-10
9.760000        4.798403E-06       -4.797512E-06        8.905144E-10        7.122286E-10
9.770000        4.795007E-06       -4.794116E-06        8.905144E-10        7.122286E-10
9.780000        4.791617E-06       -4.790726E-06        8.905144E-10        7.122286E-10
9.790000        4.788233E-06       -4.787342E-06        8.905144E-10        7.122286E-10
9.800000        4.784855E-06       -4.783964E-06        8.905144E-10        7.122286E-10
9.810000        4.781482E-06       -4.780592E-06        8.905144E-10        7.122286E-10
9.820000        4.778116E-06       -4.777225E-06        8.905144E-10        7.122286E-10
9.830000        4.774755E-06       -4.773865E-06        8.905144E-10        7.122286E-10
9.840000        4.771401E-06       -4.770510E-06        8.905144E-10        7.122286E-10
9.850000        4.768052E-06       -4.767161E-06        8.905144E-10        7.122286E-10
9.860000        4.764709E-06       -4.763818E-06        8.905144E-10        7.122286E-10
9.870000        4.761372E-06       -4.760481E-06        8.905144E-10        7.122286E-10
9.880000        4.758040E-06       -4.757150E-06        8.905144E-10        7.122286E-10
9.890000        4.754714E-06       -4.753824E-06        8.905144E-10        7.122286E-10
9.900000        4.751395E-06       -4.750504E-06        8.905144E-10        7.122286E-10
9.910000        4.748080E-06       -4.747190E-06        8.905144E-10        7.122286E-10
9.920000        4.744772E-06       -4.743881E-06        8.905144E-10        7.122286E-10
9.930000        4.741469E-06       -4.740579E-06        8.905144E-10        7.122286E-10
9.940000        4.738172E-06       -4.737282E-06        8.905144E-10        7.122286E-10
9.950000        4.734881E-06       -4.733990E-06        8.905144E-10        7.122286E-10
9.960000        4.731595E-06       -4.730705E-06        8.905144E-10        7.122286E-10
9.970000        4.728315E-06       -4.727425E-06        8.905144E-10        7.122286E-10
9.980000        4.725041E-06       -4.724150E-06        8.905144E-10        7.122286E-10
9.990000        4.721772E-06       -4.720882E-06        8.905144E-10        7.122286E-10
10.00000        4.718509E-06       -4.717618E-06        8.905144E-10        7.122286E-10
